1 0.14375 0.6421875000000001 0.20234375 0.14921875
1 0.65703125 0.92734375 0.20703125 0.12890625
0 0.640625 0.4546875 0.22890625 0.1578125
1 0.14765625 0.3234375 0.21875 0.15625
1 0.15546875 0.48359375 0.2203125 0.15
1 0.646875 0.6125 0.21953125 0.15703125
1 0.8890625 0.253125 0.196875 0.18046875
1 0.8890625 0.91484375 0.21484375 0.134375
1 0.17734375 0.7921875 0.21015625 0.1546875
1 0.88671875 0.75703125 0.2265625 0.1609375
1 0.66015625 0.77265625 0.2203125 0.1640625
1 0.6453125 0.2640625 0.2296875 0.15546875
1 0.203125 0.93515625 0.2109375 0.12109375
1 0.6359375 0.06640625 0.21328125 0.1328125
1 0.88046875 0.59453125 0.2109375 0.15703125
1 0.8859375 0.4164062499999999 0.21015625 0.1671875
1 0.86484375 0.07109375 0.2203125 0.1421875
1 0.128125 0.1484375 0.22421875 0.1671875
