1 0.57265625 0.5625 0.0640625 0.125
0 0.603125 0.5546875 0.065625 0.121875
0 0.53984375 0.5671875 0.0546875 0.125
0 0.50859375 0.5765625 0.0671875 0.121875
0 0.47890625 0.5828125 0.0671875 0.11875
0 0.35234375 0.62421875 0.0515625 0.109375
0 0.446875 0.590625 0.065625 0.121875
0 0.63203125 0.5453125 0.0703125 0.121875
0 0.665625 0.53828125 0.0625 0.1140625
0 0.69765625 0.5328125 0.0640625 0.121875
0 0.7296875000000002 0.521875 0.05625 0.1125
0 0.76015625 0.515625 0.0578125 0.1125
0 0.41484375 0.5953125 0.0640625 0.115625
0 0.73671875 0.41640625 0.0640625 0.1109375
0 0.70703125 0.42109375 0.0640625 0.1078125
0 0.6734375 0.42578125 0.0625 0.1109375
0 0.6421875 0.4390625 0.059375 0.103125
0 0.6109375 0.44453125 0.059375 0.1015625
0 0.57890625 0.44921875 0.0578125 0.1046875
0 0.5484375 0.45625 0.0625 0.10625
0 0.51796875 0.4671875 0.0609375 0.1
0 0.4859375 0.4765625 0.065625 0.103125
0 0.2328125 0.5375 0.04453125 0.096875
0 0.33359375 0.51796875 0.05 0.09296875
0 0.4546875 0.4796875 0.065625 0.10625
0 0.4234375 0.48984375 0.0625 0.1046875
0 0.3921875 0.49921875 0.065625 0.1078125
1 0.059375 0.35 0.071875 0.121875
0 0.121875 0.3375 0.059375 0.1125
0 0.15390625 0.32734375 0.0609375 0.1171875
0 0.18515625 0.31953125 0.0640625 0.1234375
0 0.2171875 0.31328125 0.0625 0.1171875
0 0.84375 0.72734375 0.059375 0.1109375
0 0.8109375 0.734375 0.0625 0.109375
0 0.74765625 0.74453125 0.0640625 0.1140625
0 0.6828125 0.76171875 0.0625 0.1140625
0 0.6210937499999999 0.7734375 0.0609375 0.10625
0 0.49375 0.8046875 0.05 0.08671875
0 0.559375 0.7875 0.065625 0.103125
0 0.2140625 0.86328125 0.04296875 0.0875
0 0.33203125 0.84296875 0.0421875 0.1
0 0.37109375 0.83515625 0.04921875 0.0984375
0 0.42890625 0.815625 0.0671875 0.115625
0 0.8289062499999998 0.39375 0.0609375 0.1125
0 0.2640625 0.525 0.0625 0.10625
0 0.2734375 0.30703125 0.04140625 0.121875
0 0.30859375 0.30078125 0.03515625 0.11328125
0 0.37421875 0.27578125 0.0640625 0.1171875
0 0.4078125 0.27578125 0.0375 0.1171875
0 0.53125 0.2390625 0.065625 0.121875
0 0.59140625 0.23046875 0.04375 0.10703125
0 0.62265625 0.22578125 0.04296875 0.10234375
0 0.6875 0.20546875 0.0625 0.1109375
0 0.7515625 0.18984375 0.0625 0.1140625
0 0.78203125 0.1828125 0.0671875 0.11875
0 0.28984375 0.63046875 0.0671875 0.1140625
0 0.390625 0.934375 0.0625 0.11875
0 0.2328125 0.96328125 0.04453125 0.0734375
0 0.29765625 0.9484375000000002 0.0609375 0.103125
0 0.6132812500000001 0.88203125 0.0640625 0.1171875
0 0.8328125 0.83359375 0.0625 0.1203125
0 0.6796875 0.8765625 0.03671875 0.096875
0 0.7390625 0.85625 0.0625 0.121875
0 0.92578125 0.8109375 0.0609375 0.11875
0 0.90390625 0.71015625 0.0609375 0.1203125
0 0.8195312500000002 0.515625 0.04453125 0.115625
0 0.85390625 0.49453125 0.0640625 0.1265625
0 0.19296875 0.64765625 0.0640625 0.1171875
0 0.16875 0.55 0.0625 0.109375
0 0.275 0.8546875 0.0625 0.1125
0 0.359375 0.503125 0.0625 0.1125
0 0.45546875 0.92421875 0.04453125 0.08828125
0 0.51875 0.9015625 0.06875 0.121875
0 0.3296875 0.9421874999999998 0.065625 0.115625
0 0.49921875 0.24921875 0.0671875 0.1203125
0 0.46796875 0.25546875 0.0703125 0.1265625
