1 0.4390625 0.115625 0.1078125 0.23125
1 0.5953125 0.1421875 0.11328125 0.26015625
1 0.65390625 0.38984375 0.1125 0.25234375
0 0.67109375 0.14375 0.10390625 0.2328125
1 0.35234375 0.10390625 0.1015625 0.2078125
0 0.4734375 0.36328125 0.08046875 0.1984375
1 0.5296875 0.11953125 0.10859375 0.23125
1 0.39375 0.36640625 0.09453125 0.196875
1 0.91015625 0.42890625 0.121875 0.2234375
0 0.56328125 0.36328125 0.084375 0.19140625
0 0.759375 0.15078125 0.0890625 0.2078125
1 0.1828125 0.0875 0.0953125 0.17421875
1 0.94140625 0.18984375 0.11015625 0.23125
0 0.809375 0.415625 0.096875 0.2078125
1 0.85625 0.1671875 0.1109375 0.24375
0 0.31171875 0.33828125 0.08046875 0.18359375
1 0.09765625 0.07734375 0.08984375 0.15390625
0 0.259375 0.09609375 0.090625 0.18828125
0 0.2265625 0.32109375 0.0890625 0.19375
1 0.06875 0.79375 0.10859375 0.25
1 0.16484375 0.825 0.10234375 0.22265625
1 0.49296875 0.8703125 0.11796875 0.24453125
0 0.73203125 0.40859375 0.08125 0.20859375
0 0.5609375 0.9070312499999998 0.08125 0.1859375
0 0.653125 0.9054687500000002 0.0828125 0.18125
0 0.13046875 0.32890625 0.08828125 0.1796875
0 0.3140625 0.8703125 0.0796875 0.19765625
1 0.83828125 0.9015625 0.1078125 0.18828125
0 0.23203125 0.865625 0.078125 0.1875
0 0.4000000000000001 0.890625 0.075 0.18125
1 0.7515625 0.89609375 0.11015625 0.20625
0 0.05390625 0.296875 0.0796875 0.17734375
0 0.90390625 0.9140625 0.0890625 0.16484375
0 0.975 0.4515624999999999 0.04921875 0.17890625
1 0.0203125 0.78125 0.040625 0.26640625
