1 0.92578125 0.2953125 0.1484375 0.375
1 0.85546875 0.28671875 0.1765625 0.3640625
1 0.509375 0.2578125 0.165625 0.36875
1 0.421875 0.2453125 0.153125 0.353125
0 0.76796875 0.2796875 0.1703125 0.359375
0 0.678125 0.275 0.171875 0.3625
0 0.5859375 0.26640625 0.175 0.3640625
1 0.33203125 0.2453125 0.1640625 0.378125
1 0.25 0.23203125 0.165625 0.3546875
0 0.1609375 0.22421875 0.184375 0.3671875
1 0.07578125 0.2234375 0.1359375 0.35
0 0.92109375 0.74765625 0.1453125 0.3453125
0 0.84453125 0.7421875 0.1734375 0.359375
0 0.7585937499999998 0.721875 0.1703125 0.359375
0 0.67265625 0.70625 0.1765625 0.365625
0 0.5890625 0.7046875 0.171875 0.365625
0 0.503125 0.69140625 0.165625 0.3609375
0 0.41640625 0.6890625 0.1640625 0.3625
0 0.328125 0.68359375 0.18125 0.3640625
0 0.24140625 0.68125 0.1734375 0.3625
1 0.15078125 0.66640625 0.1671875 0.3765625
1 0.075 0.6671875 0.15 0.359375
