1 0.01796875 0.2625 0.0359375 0.19375
1 0.240625 0.2625 0.0625 0.215625
1 0.78984375 0.24609375 0.0484375 0.2296875
1 0.60703125 0.25234375 0.0609375 0.1734375
0 0.0578125 0.2734375 0.05625 0.178125
1 0.359375 0.26328125 0.05625 0.2359375
1 0.29921875 0.265625 0.0734375 0.228125
0 0.11953125 0.27890625 0.0515625 0.1953125
1 0.6625 0.26015625 0.059375 0.1890625
0 0.72578125 0.2609375 0.0515625 0.128125
0 0.178125 0.28359375 0.05625 0.1703125
1 0.90625 0.259375 0.053125 0.159375
0 0.8421875 0.265625 0.053125 0.171875
0 0.4265625 0.28359375 0.05625 0.1734375
0 0.54609375 0.28046875 0.0609375 0.1703125
0 0.97265625 0.2671875 0.0421875 0.140625
0 0.48515625 0.28515625 0.0546875 0.1546875
1 0.48359375 0.709375 0.0546875 0.209375
1 0.22109375 0.7265625 0.0546875 0.209375
0 0.8109375 0.70625 0.046875 0.15625
0 0.68515625 0.725 0.0453125 0.159375
1 0.61171875 0.72734375 0.0421875 0.1515625
0 0.08984375 0.7484375 0.0546875 0.19375
0 0.5484375 0.73359375 0.05 0.1484375
0 0.8742187500000002 0.72109375 0.0484375 0.1640625
0 0.9890624999999998 0.71640625 0.021875 0.1640625
0 0.15625000000000003 0.74921875 0.053125 0.1671875
0 0.74375 0.73125 0.05 0.153125
0 0.41796875 0.74296875 0.0609375 0.1671875
1 0.94765625 0.72578125 0.0765625 0.2234375
1 0.29296875000000006 0.75390625 0.0671875 0.1921875
0 0.35859375 0.75390625 0.0578125 0.1546875
1 0.1421875 0.9234375 0.075 0.153125
1 0.0796875 0.9328125000000002 0.05625 0.134375
0 0.22265625 0.9226562499999998 0.0453125 0.1546875
1 0.63125 0.92890625 0.040625 0.1359375
0 0.896875 0.91953125 0.05625 0.1359375
0 0.35859375 0.93203125 0.0515625 0.1359375
0 0.56171875 0.9304687499999998 0.0546875 0.1390625
1 0.8265625 0.9140625 0.08125 0.153125
0 0.4875 0.9367187500000002 0.059375 0.1265625
0 0.76015625 0.93359375 0.0515625 0.1171875
0 0.4265625 0.93515625 0.04375 0.1296875
1 0.9640625000000002 0.91796875 0.071875 0.1328125
0 0.6921875 0.9296875 0.0625 0.13125
1 0.28515625 0.9382812499999998 0.0703125 0.1234375
