0 0.79296875 0.7046875 0.12265625 0.209375
0 0.4468750000000001 0.70390625 0.121875 0.215625
0 0.6734375 0.70234375 0.12265625 0.2140625
0 0.5625000000000001 0.70546875 0.12265625 0.2125
1 0.33046875 0.271875 0.12734375 0.22421875
1 0.675 0.27421875 0.125 0.228125
1 0.21875 0.2703125 0.1265625 0.2296875
0 0.559375 0.2671875 0.12734375 0.228125
0 0.3296875 0.7046875 0.1234375 0.2140625
1 0.79296875 0.26796875 0.12109375 0.22421875
0 0.21796875 0.70625 0.12265625 0.2109375
1 0.4453125 0.26640625 0.12421875 0.22734375
0 0.08828125 0.7078125 0.15234375 0.215625
0 0.90859375 0.7109375 0.134375 0.2125
0 0.11328125 0.26953125 0.10625 0.22578125
0 0.9046875 0.27421875 0.1265625 0.22421875
