0 0.79296875 0.7046875 0.12265625 0.209375
0 0.446875 0.70390625 0.12109375 0.215625
0 0.6734375 0.70234375 0.12265625 0.2140625
1 0.675 0.2734375 0.125 0.22890625
0 0.5625000000000001 0.70546875 0.12265625 0.21171875
1 0.21875 0.26875 0.128125 0.2296875
0 0.559375 0.27265625 0.125 0.22421875
1 0.33046875 0.27109375 0.12734375 0.22578125
0 0.33046875 0.70390625 0.1234375 0.21484375
0 0.2171875 0.70390625 0.12265625 0.21015625
1 0.79375 0.2671875 0.1203125 0.225
1 0.44609375 0.26640625 0.125 0.2265625
0 0.0921875 0.7078125 0.1453125 0.21640625
0 0.9070312499999998 0.7109375 0.13125 0.2125
0 0.1125 0.26875 0.10703125 0.22421875
0 0.9046875 0.2734375 0.125 0.221875
