1 0.6328125 0.6375 0.3859375 0.32421875
0 0.36328125 0.2 0.3234375 0.265625
1 0.26953125 0.5828125 0.33359375 0.27421875
0 0.66875 0.23828125 0.35390625 0.28359375
1 0.26953125 0.79609375 0.3703125 0.30078125
1 0.65703125 0.42421875 0.34765625 0.265625
1 0.6078125 0.846875 0.36015625 0.2859375
0 0.34375 0.40234375 0.3078125 0.253125
0 0.3890625 0.0671875 0.28984375 0.13359375
1 0.7335937500000002 0.08046875 0.3140625 0.1609375
1 0.22265625 0.92578125 0.3046875 0.13671875
1 0.546875 0.9421875 0.3546875 0.10234375
