1 0.8671875 0.48359375 0.065625 0.2515625
0 0.7328125 0.48046875 0.059375 0.2046875
0 0.3328125 0.44296875 0.053125 0.1734375
0 0.128125 0.41796875 0.084375 0.2640625
0 0.665625 0.48359375 0.084375 0.2359375
1 0.5921875 0.47578125 0.090625 0.2765625
0 0.9796875000000002 0.52421875 0.040625 0.2640625
0 0.3921875 0.459375 0.071875 0.23125
0 0.05859375 0.421875 0.0703125 0.21875
1 0.45546875 0.46875 0.0765625 0.275
0 0.9265625 0.5296875 0.071875 0.23125
0 0.184375 0.44062499999999993 0.05625 0.23125
0 0.5296875 0.48515625 0.065625 0.1953125
1 0.79296875 0.52421875 0.0828125 0.2359375
0 0.26328125 0.4625000000000001 0.0671875 0.23125
1 0.9 0.83515625 0.075 0.2328125
1 0.9546875 0.8468750000000002 0.040625 0.228125
0 0.15390625 0.74609375 0.0828125 0.2171875
0 0.3382812499999999 0.7953125 0.0640625 0.221875
1 0.06875 0.7624999999999998 0.075 0.271875
1 0.41015625 0.809375 0.0796875 0.25
1 0.21015624999999996 0.7828125 0.0796875 0.28125
0 0.27734375 0.79296875 0.0671875 0.2140625
0 0.81796875 0.8679687499999998 0.0703125 0.2328125
0 0.61640625 0.8484375 0.0703125 0.24375
0 0.4828125 0.83671875 0.075 0.2453125
0 0.01796875 0.77734375 0.0359375 0.2484375
1 0.75703125 0.87109375 0.0671875 0.2578125
0 0.5453125 0.8562499999999998 0.071875 0.240625
0 0.6828125000000002 0.87109375 0.071875 0.2578125
