0 0.59921875 0.59609375 0.11953125 0.1703125
0 0.49375 0.59609375 0.1125 0.16875
0 0.703125 0.5953125 0.14140625 0.16953125
0 0.38593749999999993 0.59609375 0.12578125 0.1671875
0 0.28671875 0.5921875 0.146875 0.16640625
0 0.8093749999999998 0.5976562500000001 0.1625 0.16953125
0 0.49375 0.815625 0.14453125 0.27421875
0 0.2171875 0.815625 0.21328125 0.27578125
0 0.9109374999999998 0.60078125 0.1703125 0.17109375
0 0.1859375 0.5953125 0.165625 0.165625
0 0.35546875 0.3453125 0.0890625 0.0796875
0 0.703125 0.34765625 0.096875 0.07578125
0 0.4281249999999999 0.3453125 0.08125 0.07890625
0 0.34453125 0.81484375 0.1671875 0.27578125
0 0.5015625 0.34453125 0.075 0.078125
0 0.64140625 0.346875 0.08515625 0.0765625
0 0.6437500000000002 0.815625 0.15703125 0.27421875
0 0.4390625 0.28359375 0.06875 0.059375
0 0.1 0.8132812499999998 0.19921875 0.2796875
0 0.803125 0.2859375 0.08984375 0.05859375
1 0.73671875 0.27890625 0.08359375 0.06953125
0 0.6203125 0.2828125 0.07109375 0.05859375
0 0.50078125 0.18828125000000004 0.05078125 0.04140625
0 0.77734375 0.34765625 0.10390625 0.075
0 0.3765625 0.2859375 0.07265625 0.059375
0 0.678125 0.28515624999999994 0.08203125 0.0578125
0 0.91171875 0.3515625 0.1265625 0.07734375
0 0.08828125 0.5859375 0.16640625 0.16328125
0 0.8562499999999998 0.2859375 0.1 0.05859375
0 0.56953125 0.346875 0.0765625 0.078125
0 0.5484375 0.1890625 0.0515625 0.03984375
0 0.55859375 0.28515625 0.0671875 0.0609375
0 0.84609375 0.3515625 0.11640625 0.07578125
0 0.64140625 0.18828125000000004 0.06015625 0.04140625
0 0.6875 0.1859375 0.0671875 0.046875
0 0.59296875 0.18984375 0.0546875 0.0390625
0 0.5015625 0.2875 0.0640625 0.0578125
0 0.32421875 0.27890625 0.06640625 0.05859375
1 0.29375 0.3453125 0.08984375 0.07890625
0 0.7578125 0.81328125 0.19453125 0.2765625
0 0.7328125 0.1890625 0.06875 0.04296875
0 0.2140625 0.34765625 0.1046875 0.0828125
1 0.453125 0.18125 0.05234375 0.05234375
1 0.40546875 0.1828125 0.053125 0.05390625
0 0.5875 0.16328125 0.05078125 0.0328125
0 0.8937500000000002 0.81875 0.2125 0.26640625
0 0.25703125 0.28515625 0.084375 0.0609375
0 0.95859375 0.596875 0.0828125 0.16875
1 0.3539062499999999 0.1796875 0.0578125 0.06015625
0 0.54453125 0.165625 0.04609375 0.025
1 0.029687499999999995 0.78203125 0.0578125 0.26875
0 0.946875 0.815625 0.09375 0.2546875
