0 0.86328125 0.7 0.13671875 0.2453125
0 0.784375 0.721875 0.1375 0.253125
0 0.70390625 0.73046875 0.134375 0.2421875
1 0.9328125 0.68671875 0.128125 0.27578125
0 0.14765625 0.29609375 0.184375 0.30078125
0 0.26875 0.2625 0.1703125 0.2921875
1 0.59453125 0.1984375 0.13984375 0.2765625
0 0.26640625 0.82421875 0.1671875 0.26953125
1 0.75234375 0.1578125 0.13828125 0.2890625
0 0.63515625 0.7492187500000002 0.134375 0.2515625
0 0.38046875 0.81484375 0.16015625 0.2609375
0 0.67265625 0.1671875 0.13125 0.2671875
0 0.47109375 0.77890625 0.125 0.240625
0 0.44296875 0.2375 0.12421875 0.23125
0 0.3648437500000001 0.2421875 0.13359375 0.26953125
0 0.821875 0.13671875 0.13125 0.2625
0 0.52421875 0.22265625 0.12890625 0.24375
1 0.5578125 0.76875 0.13125 0.26875
0 0.89140625 0.1234375 0.1140625 0.24296875
0 0.17890625 0.103125 0.0921875 0.0953125
1 0.328125 0.06484375 0.090625 0.1
0 0.1 0.12109375 0.090625 0.09609375
0 0.40078125 0.04921875 0.0859375 0.0953125
0 0.478125 0.04218750000000001 0.0953125 0.08359375
0 0.2484375 0.08359375 0.0859375 0.0828125
0 0.8984375 0.88671875 0.09453125 0.0875
0 0.825 0.9 0.090625 0.08671875
0 0.96640625 0.8703125000000002 0.0671875 0.0796875
0 0.6703125 0.9296875 0.096875 0.0953125
0 0.74921875 0.91484375 0.0921875 0.0890625
0 0.55625 0.03515625 0.09375 0.0703125
0 0.521875 0.9609375 0.09140625 0.07734375
1 0.3671875 0.96953125 0.09609375 0.06015625
0 0.44375 0.9703125 0.0875 0.059375
0 0.590625 0.95390625 0.09140625 0.07890625
0 0.63203125 0.0234375 0.0953125 0.046875
0 0.2921875 0.98203125 0.0984375 0.034375
0 0.98046875 0.67421875 0.03828125 0.25546875
0 0.03359375 0.1390625 0.0671875 0.096875
0 0.7 0.015625 0.096875 0.03046875
