0 0.63828125 0.625 0.1 0.153125
1 0.659375 0.534375 0.0953125 0.13203125
0 0.6046875 0.7421875 0.10859375 0.1671875
0 0.31015625 0.4007812499999999 0.0640625 0.1125
0 0.3796875 0.29765625 0.059375 0.0921875
0 0.66875 0.44765625 0.090625 0.115625
0 0.565625 0.44765625 0.09375 0.08984375
0 0.68984375 0.3765625000000001 0.084375 0.09453125
0 0.22734375 0.3765625 0.065625 0.1125
0 0.17734375 0.440625 0.06484375 0.12109375
1 0.428125 0.85390625 0.1234375 0.15546875
0 0.4453125 0.20859375 0.05234375 0.07734375
0 0.2734375 0.325 0.0625 0.10546875
0 0.31484375 0.2796875 0.06015625 0.0875
0 0.346875 0.23359375 0.0515625 0.08203125
0 0.56875 0.86328125 0.11796875 0.21796875
0 0.38046875 0.20390625 0.05390625 0.078125
0 0.703125 0.3171875 0.078125 0.08515625
0 0.35 0.3453125 0.05859375 0.0984375
0 0.41953125 0.24765624999999997 0.05390625 0.08046875
0 0.596875 0.3703125 0.0875 0.078125
0 0.72265625 0.26875 0.0734375 0.0765625
0 0.4671875 0.17421875 0.04765625 0.0703125
0 0.73828125 0.2296875 0.075 0.06875
0 0.6078125 0.3234375 0.0796875 0.0734375
0 0.64375 0.22578125 0.07734375 0.059375
0 0.40625 0.1671875 0.053125 0.0765625
0 0.64296875 0.275 0.08203125 0.06796875
0 0.94609375 0.946875 0.10703125 0.10546875
