1 0.6375 0.625 0.1015625 0.1484375
1 0.6046875 0.74375 0.10859375 0.1796875
1 0.65859375 0.53671875 0.09375 0.1359375
1 0.5671875 0.86171875 0.11640625 0.21171875
1 0.3046875 0.40625 0.0625 0.10859375
1 0.22734375000000004 0.3765625000000001 0.06484375 0.10625
1 0.4421875 0.20546875 0.05703125 0.08046875
1 0.46796875 0.175 0.04921875 0.06953125
1 0.6765625 0.44921875 0.08671875 0.11640625
0 0.38125 0.29765625 0.06015625 0.09140625
1 0.58125 0.4421875 0.08984375 0.0953125
1 0.72578125 0.26796875 0.06875 0.07421875
1 0.71640625 0.31484375 0.07890625 0.08984375
1 0.38359375 0.20156250000000003 0.053125 0.07578125
1 0.35 0.34609375 0.06171875 0.1015625
1 0.2703125 0.32734375 0.06171875 0.10390625
1 0.3499999999999999 0.2390625 0.05390625 0.08125
1 0.4171875 0.25234375 0.0546875 0.08046875
1 0.315625 0.2796875 0.0578125 0.0875
1 0.734375 0.2265625 0.0640625 0.065625
1 0.41015625 0.16953125 0.05 0.0734375
1 0.69453125 0.375 0.08046875 0.10546875
1 0.61015625 0.31953125 0.08359375 0.0765625
0 0.60234375 0.36875 0.08515625 0.07734375
1 0.17421875 0.440625 0.0625 0.1234375
1 0.65546875 0.2234375 0.06875 0.0546875
1 0.9453125 0.9453125 0.1015625 0.109375
1 0.63125 0.2640625 0.075 0.0640625
1 0.43359375 0.1421875 0.05 0.06796875
