1 0.603125 0.73515625 0.109375 0.17734375
1 0.65625 0.534375 0.09765625 0.13671875
1 0.63515625 0.62734375 0.1046875 0.1515625
1 0.44296875 0.20703125 0.05625 0.0765625
1 0.38203125 0.2015625 0.05546875 0.078125
1 0.46484375 0.17421875 0.04921875 0.07109375
1 0.41953125 0.24609375 0.05625 0.0828125
1 0.41171875 0.16796875000000003 0.05078125 0.07265625
1 0.67421875 0.44921875 0.0859375 0.115625
1 0.715625 0.31328125 0.08203125 0.09453125
1 0.22734375 0.37578125 0.0625 0.10625
1 0.31015625 0.4046875 0.065625 0.11171875
1 0.3484375 0.234375 0.0578125 0.08359375
1 0.603125 0.36875 0.08515625 0.07734375
1 0.34921875 0.34453125 0.059375 0.1
1 0.69609375 0.3765625 0.08125 0.103125
1 0.1734375 0.44140625 0.0640625 0.1234375
1 0.58046875 0.4429687500000001 0.09296875 0.0984375
1 0.38046875 0.296875 0.06015625 0.09140625
1 0.6140625 0.31640625 0.084375 0.071875
1 0.315625 0.28046875 0.0578125 0.08515625
0 0.5671875 0.8640625 0.121875 0.21953125
1 0.73828125 0.22890625000000003 0.065625 0.06796875
1 0.72734375 0.26640625 0.071875 0.07265625
1 0.271875 0.3265625 0.0625 0.10546875
1 0.65234375 0.22578125 0.07421875 0.053125
1 0.63984375 0.26875 0.08046875 0.06328125
1 0.95078125 0.9523437500000002 0.0953125 0.0953125
1 0.43515625 0.1421875 0.04921875 0.06640625
1 0.4359375 0.8609375 0.13046875 0.1515625
