1 0.65859375 0.5328125 0.09375 0.12890625
1 0.60546875 0.73828125 0.1046875 0.1734375
1 0.6390625 0.6234375 0.096875 0.14375
0 0.67265625 0.45 0.09296875 0.1171875
1 0.571875 0.8796875 0.11875 0.22421875
1 0.5921875 0.36796875 0.09609375 0.08359375
0 0.3109375 0.40625 0.06328125 0.1109375
0 0.69453125 0.378125 0.084375 0.0953125
0 0.3796875 0.29609375 0.05859375 0.090625
0 0.56953125 0.44453125 0.09140625 0.0921875
0 0.46875 0.1734375 0.05 0.06875
1 0.2265625 0.36953125 0.06640625 0.1171875
0 0.70546875 0.31875 0.0828125 0.08671875
0 0.26953125 0.32890625 0.0640625 0.10078125
0 0.34921875 0.3453125 0.059375 0.10078125
0 0.725 0.26875 0.0828125 0.0796875
0 0.31484375 0.27890625 0.059375 0.08671875
0 0.3796875 0.20390625 0.05390625 0.07890625
0 0.44609375 0.209375 0.0546875 0.07734375
1 0.7359375 0.22734375 0.07421875 0.0671875
1 0.63828125 0.27265625 0.084375 0.06796875
0 0.41875 0.25 0.05390625 0.0796875
0 0.34765625 0.23515625 0.05078125 0.0796875
1 0.17265625 0.43984375 0.0609375 0.11875
1 0.4234375 0.86328125 0.134375 0.1578125
0 0.6109375 0.31796875 0.08359375 0.06875
0 0.40625 0.1671875 0.05234375 0.07421875
0 0.64296875 0.22421875 0.07734375 0.05390625
1 0.953125 0.93359375 0.09375 0.1234375
