1 0.403125 0.47890625 0.09921875 0.11328125
0 0.48671875 0.68359375 0.1109375 0.13984375
0 0.43984375 0.571875 0.1078125 0.12265625
0 0.3640625 0.396875 0.09140625 0.0921875
0 0.53671875 0.81328125 0.12265625 0.16015625
0 0.6140625 0.72421875 0.11484375 0.13125
0 0.34765625 0.32421875 0.0921875 0.0875
0 0.55625 0.6093750000000001 0.10703125 0.12265625
0 0.7609375 0.36171875 0.06640625 0.1140625
0 0.471875 0.415625 0.09609375 0.09765625
1 0.875 0.36640625 0.084375 0.08828125
0 0.35546875 0.1609375 0.0828125 0.07578125
0 0.6203125 0.1875 0.05625 0.0859375
0 0.5859375 0.1375 0.0546875 0.0828125
0 0.51328125 0.51328125 0.09609375 0.109375
0 0.6609375 0.2390625 0.065625 0.09453125
0 0.7140625000000002 0.1765625 0.07578125 0.06640625
0 0.4140625 0.2765625 0.08671875 0.08125
0 0.8171875 0.43984375 0.0734375 0.1265625
0 0.44140625 0.34296875 0.09296875 0.084375
0 0.7046875 0.303125 0.06484375 0.09765625
0 0.31484375 0.25625 0.08203125 0.0890625
0 0.33359375 0.115625 0.07109375 0.06640625
0 0.88359375 0.52578125 0.075 0.12421875
0 0.2921875 0.20078125 0.0765625 0.0796875
0 0.52265625 0.06015625 0.0546875 0.08515625
0 0.265625 0.14765625 0.075 0.0765625
0 0.90234375 0.16484375 0.05 0.08671875
0 0.38203125 0.21875 0.08125 0.07265625
0 0.675 0.1296875 0.0765625 0.06484375
1 0.2546875 0.10078125 0.0703125 0.071875
0 0.5515625 0.1015625 0.053125 0.0796875
0 0.63984375 0.08515625 0.06640625 0.06015625
0 0.85546875 0.11953125 0.04765625 0.0796875
0 0.95234375 0.2234375 0.0546875 0.0984375
0 0.81796875 0.29921875 0.08671875 0.08125
0 0.76640625 0.0453125 0.04375 0.075
0 0.30703125 0.07421875 0.06953125 0.06328125
0 0.76328125 0.23515625 0.07890625 0.07421875
0 0.80859375 0.078125 0.0484375 0.0765625
0 0.6015625 0.0453125 0.0671875 0.05546875
1 0.92890625 0.446875 0.08203125 0.09765625
0 0.72265625 0.021875 0.04140625 0.04296875
0 0.571875 0.01953125 0.0609375 0.0375
0 0.51953125 0.01640625 0.0546875 0.0328125
