1 0.55 0.78671875 0.11328125 0.16640625
1 0.575 0.67265625 0.09765625 0.1546875
1 0.28203125 0.4015625 0.06328125 0.1015625
1 0.59140625 0.575 0.09296875 0.128125
1 0.603125 0.48828125 0.090625 0.11015625
1 0.3695312499999999 0.90859375 0.1359375 0.17265625
0 0.1046875 0.50703125 0.071875 0.12890625
0 0.51171875 0.9 0.115625 0.19609375
1 0.23984375 0.4578125 0.06796875 0.1125
1 0.6296875 0.42109375 0.08203125 0.0953125
1 0.24609375 0.3375 0.06640625 0.0921875
1 0.31796875 0.34609375 0.06328125 0.09375
1 0.1578125 0.42890625 0.0671875 0.11328125
1 0.31484375 0.25546875 0.05390625 0.07578125
1 0.5421875 0.41796875 0.08515625 0.0765625
1 0.28203125 0.2859375 0.05625 0.08828125
1 0.6640625 0.27421875 0.06796875 0.0671875
1 0.6359375 0.35390625 0.07421875 0.08046875
1 0.20703125 0.37734375 0.06875 0.11328125
0 0.34921875 0.303125 0.05859375 0.0828125
1 0.340625 0.21953125 0.053125 0.07734375
1 0.378125 0.25625 0.05546875 0.0796875
1 0.54375 0.36328125 0.08359375 0.06953125
0 0.6546875 0.31171875 0.07421875 0.06953125
1 0.57421875 0.31796875 0.07734375 0.06328125
1 0.4046875 0.22109375 0.0515625 0.0703125
1 0.57734375 0.26484375 0.07421875 0.06171875
0 0.50234375 0.49453125 0.0828125 0.09453125
1 0.90390625 0.953125 0.1703125 0.09375
