0 0.31484375 0.25703125 0.05546875 0.078125
0 0.5515625 0.78515625 0.11640625 0.165625
0 0.57265625 0.67109375 0.10234375 0.1546875
0 0.153125 0.4328125 0.07265625 0.12109375
0 0.59140625 0.57265625 0.096875 0.12109375
0 0.6 0.4859375000000001 0.0953125 0.1140625
0 0.240625 0.459375 0.06953125 0.1140625
0 0.5125 0.896875 0.1171875 0.20078125
0 0.28046875 0.28984375 0.05625 0.0828125
0 0.2046875 0.37734375 0.0671875 0.11484375
0 0.31875 0.346875 0.0640625 0.09453125
0 0.2859375 0.40546875 0.06171875 0.1015625
0 0.10390625 0.50625 0.06953125 0.13046875
0 0.340625 0.22031249999999997 0.0546875 0.08046875
0 0.2453125 0.33828125 0.0625 0.09453125
0 0.36875 0.9078125 0.1390625 0.17578125
0 0.6296875 0.41953125 0.08359375 0.09765625
0 0.3765625 0.2578125 0.0578125 0.07890625
0 0.64140625 0.35625 0.08125 0.08203125
0 0.50546875 0.48984375 0.09609375 0.09609375
0 0.35078125 0.3015625 0.059375 0.08125
0 0.65625 0.30703125 0.07421875 0.07421875
0 0.66796875 0.275 0.07421875 0.065625
0 0.540625 0.4171875 0.0859375 0.0765625
0 0.403125 0.22578125 0.05078125 0.0734375
0 0.575 0.2765625 0.07734375 0.0609375
0 0.5421875 0.36328125 0.08828125 0.07109375
0 0.5703125000000001 0.3171875 0.0796875 0.065625
