0 0.57265625 0.6734375 0.10078125 0.1515625
0 0.553125 0.78515625 0.11171875 0.165625
0 0.5921875 0.57578125 0.096875 0.125
0 0.60078125 0.48984375 0.0921875 0.11171875
0 0.24062500000000003 0.4609375 0.071875 0.115625
0 0.10390625 0.50859375 0.07109375 0.12890625
0 0.1546875 0.4328125 0.0703125 0.11875
0 0.50546875 0.89921875 0.1171875 0.19609375
0 0.315625 0.2578125 0.0546875 0.078125
0 0.340625 0.22187499999999996 0.053125 0.0796875
0 0.37421875 0.90859375 0.1296875 0.1703125
0 0.2875 0.40390625 0.0609375 0.103125
0 0.20781250000000004 0.3796875 0.06875 0.1140625
0 0.6296875 0.42109375 0.084375 0.096875
0 0.50078125 0.49140625 0.09453125 0.09140625
0 0.3203125 0.346875 0.0625 0.096875
0 0.65546875 0.31015625 0.07421875 0.071875
0 0.24609375 0.33828125 0.0625 0.09453125
0 0.27890625 0.29765625 0.05625 0.0859375
0 0.640625 0.35703125 0.0796875 0.08125
0 0.3515625 0.303125 0.05703125 0.0796875
0 0.6703125 0.27421875 0.071875 0.06640625
0 0.37890625 0.26015625 0.05546875 0.07890625
0 0.40078125 0.22734375 0.0484375 0.07578125
0 0.53828125 0.41953125 0.08828125 0.0765625
0 0.54453125 0.36640625 0.084375 0.06953125
0 0.57578125 0.2765625 0.07890625 0.059375
0 0.57265625 0.31796875 0.08046875 0.06640625
0 0.89765625 0.95546875 0.1515625 0.0890625
