1 0.5515625 0.7890625 0.11328125 0.16796875
1 0.50859375 0.8976562500000002 0.11640625 0.196875
1 0.5953125 0.575 0.0953125 0.12890625
1 0.5734375 0.66953125 0.09765625 0.15625
1 0.60625 0.48515625 0.0890625 0.1125
1 0.240625 0.45703125 0.0671875 0.1171875
1 0.246875 0.33515625 0.0625 0.09140625
1 0.31171875 0.25078125 0.0546875 0.08203125
1 0.6421875 0.35625 0.0765625 0.078125
1 0.38046875 0.2578125 0.05390625 0.07578125
1 0.5015625 0.4898437500000001 0.09453125 0.09453125
0 0.2859375 0.4007812499999999 0.0609375 0.10078125
1 0.36875 0.9093750000000002 0.13828125 0.16953125
1 0.5421875 0.41875 0.0859375 0.078125
1 0.6296875 0.41796875 0.08359375 0.096875
1 0.35 0.30468750000000006 0.05859375 0.07890625
1 0.10234375 0.50703125 0.0671875 0.13359375
1 0.20546875 0.378125 0.065625 0.1109375
1 0.3171875 0.34453125 0.06015625 0.09609375
1 0.39921875 0.22734375 0.05 0.0734375
1 0.28046875 0.2875 0.05390625 0.08203125
1 0.15390625 0.42890625 0.0703125 0.11640625
1 0.65546875 0.31015625 0.07109375 0.06796875
1 0.3421875 0.21953125000000004 0.05390625 0.08046875
1 0.54453125 0.36328125 0.08125 0.06875
1 0.5742187500000001 0.31640625000000006 0.0796875 0.0671875
1 0.57109375 0.26875 0.07265625 0.05625
0 0.66875 0.27109375 0.07109375 0.065625
0 0.8984375 0.959375 0.14375 0.08125
