1 0.55390625 0.7875 0.11171875 0.171875
1 0.5140625 0.8992187499999998 0.125 0.19375
1 0.37890625 0.2578125 0.0578125 0.08046875
1 0.59296875 0.575 0.0921875 0.1265625
1 0.571875 0.6734375 0.09765625 0.14765625
1 0.36796875 0.91171875 0.1328125 0.1703125
1 0.246875 0.3359375 0.0578125 0.08828125
1 0.40234375 0.22578125 0.04453125 0.07109375
1 0.50859375 0.4890625 0.09453125 0.09453125
1 0.6046875 0.484375 0.090625 0.10859375
1 0.23984375 0.46015625 0.06640625 0.11328125
1 0.2046875 0.38125 0.06640625 0.1109375
1 0.6296875 0.41875 0.084375 0.096875
1 0.28359375 0.4015625 0.06015625 0.1
1 0.15625 0.43046875 0.0703125 0.11953125
1 0.3515625 0.30390625 0.06171875 0.084375
1 0.6546875 0.3125 0.0734375 0.06796875
1 0.3171875 0.34609375 0.05859375 0.09296875
1 0.54921875 0.3648437500000001 0.08359375 0.07109375
1 0.66796875 0.2765625 0.0703125 0.0640625
1 0.31640625 0.25546875 0.053125 0.078125
1 0.53828125 0.41953125 0.0875 0.07734375
1 0.63984375 0.35859375 0.07890625 0.08046875
1 0.28125 0.2875 0.05703125 0.08828125
1 0.56953125 0.3203125 0.0796875 0.0625
1 0.103125 0.503125 0.06484375 0.1359375
1 0.58046875 0.26796875 0.075 0.05546875
1 0.340625 0.221875 0.05390625 0.0765625
