0 0.55390625 0.78203125 0.11640625 0.17109375
1 0.575 0.67109375 0.096875 0.15390625
1 0.36953125 0.91015625 0.14140625 0.171875
1 0.60234375 0.4859375 0.0921875 0.1109375
1 0.5898437500000001 0.5742187499999999 0.0953125 0.12734375
1 0.2828125 0.4015625 0.0625 0.09921875
1 0.24140625 0.45703125 0.065625 0.1125
0 0.50234375 0.48984375 0.08984375 0.0921875
1 0.54140625 0.41796875 0.08515625 0.07578125
1 0.66640625 0.275 0.06875 0.06484375
1 0.63203125 0.4203125 0.08359375 0.09375
1 0.31953125 0.34921875 0.06328125 0.09140625
1 0.25 0.33515625 0.06484375 0.08984375
1 0.50859375 0.8953124999999998 0.1203125 0.20546875
1 0.315625 0.25625 0.05546875 0.075
1 0.28125 0.2875 0.05703125 0.0875
0 0.3499999999999999 0.303125 0.0578125 0.084375
1 0.3421875 0.21953125 0.05625 0.07890625
1 0.20781250000000004 0.37734375 0.06875 0.11328125
1 0.15625 0.43125 0.07265625 0.115625
1 0.10390625 0.503125 0.071875 0.1234375
1 0.3796875 0.25703125 0.05703125 0.0796875
1 0.64140625 0.35625 0.07890625 0.08046875
1 0.5429687500000001 0.365625 0.08359375 0.06796875
0 0.6578125 0.31015625 0.078125 0.07421875
1 0.4039062500000001 0.22109375 0.0515625 0.07109375
0 0.578125 0.26796875 0.078125 0.06015625
1 0.575 0.31875 0.07578125 0.0625
0 0.8890625 0.95859375 0.15234375 0.08203125
