1 0.55 0.7890625 0.11640625 0.171875
1 0.5734375 0.67265625 0.1 0.153125
1 0.24375 0.4609375 0.06953125 0.11875
1 0.59453125 0.57578125 0.0921875 0.128125
1 0.51953125 0.9015625 0.1140625 0.1921875
1 0.60625 0.4867187499999999 0.08984375 0.1125
1 0.28671875 0.40234375 0.06171875 0.1046875
1 0.24609375 0.3359375 0.06484375 0.090625
1 0.10390625 0.503125 0.06875 0.13046875
1 0.31640625 0.34375 0.0640625 0.09921875
1 0.628125 0.4203124999999999 0.0828125 0.09296875
0 0.38203125 0.25703125 0.0515625 0.07578125
1 0.49765625 0.490625 0.09765625 0.0921875
1 0.1546875 0.4296875 0.0734375 0.11640625
1 0.63828125 0.35546875 0.08046875 0.08203125
1 0.28046875 0.28515625 0.0546875 0.08671875
1 0.31328125 0.25390625 0.05234375 0.078125
1 0.2078125 0.3765625 0.0671875 0.11171875
0 0.65703125 0.31171875 0.075 0.07421875
1 0.53828125 0.4171875 0.0890625 0.0765625
1 0.34140625 0.2203125 0.05390625 0.07890625
1 0.4015625 0.221875 0.04921875 0.07734375
1 0.36796875 0.909375 0.14140625 0.16875
1 0.35390625 0.29765625 0.06015625 0.0875
0 0.6703125 0.2703125 0.06953125 0.06953125
1 0.5734375 0.31484375 0.07890625 0.06171875
1 0.54453125 0.3609375 0.0859375 0.0703125
0 0.57890625 0.265625 0.078125 0.059375
