0 0.575 0.67265625 0.1 0.1546875
0 0.5953125 0.5742187500000001 0.096875 0.12265625
0 0.5515625 0.7875 0.115625 0.1671875
0 0.153125 0.434375 0.07265625 0.12109375
0 0.23984375 0.4625 0.0703125 0.115625
0 0.60078125 0.48828125 0.09375 0.1125
0 0.51171875 0.8984375 0.11796875 0.1984375
0 0.10234375 0.5078125 0.07109375 0.1265625
0 0.3140625 0.25859375 0.05625 0.08046875
0 0.2046875 0.378125 0.0671875 0.11484375
0 0.31796875 0.34921875 0.06328125 0.0953125
0 0.2859375 0.40703125 0.06171875 0.10078125
0 0.2796875 0.2921875 0.05703125 0.08359375
0 0.24531249999999996 0.33984375 0.0640625 0.09609375
0 0.37890625 0.2625 0.05703125 0.08046875
0 0.63046875 0.421875 0.08359375 0.09609375
0 0.36640625 0.909375 0.13515625 0.17265625
0 0.50546875 0.49296875 0.0953125 0.09609375
0 0.640625 0.35859374999999993 0.0828125 0.0796875
0 0.35 0.30234375 0.06015625 0.08359375
0 0.3390625 0.225 0.05390625 0.08125
0 0.65703125 0.31484375 0.07578125 0.0703125
0 0.66796875 0.28203125 0.0734375 0.0671875
0 0.53828125 0.41953125 0.0859375 0.078125
0 0.4046875 0.2296875 0.05078125 0.0765625
0 0.57578125 0.27734375 0.07578125 0.06171875
0 0.57578125 0.31796875 0.07421875 0.065625
0 0.54375 0.36484375 0.0875 0.06953125
0 0.89375 0.95703125 0.14765625 0.0859375
