1 0.553125 0.78828125 0.1109375 0.16875
1 0.5140625 0.9 0.1265625 0.19296875
1 0.59296875 0.5765625 0.0921875 0.12578125
1 0.36640625 0.91171875 0.13671875 0.17109375
1 0.571875 0.6734375 0.09765625 0.146875
1 0.3796875 0.25703125 0.0578125 0.08125
1 0.603125 0.48671875 0.090625 0.109375
1 0.240625 0.46171875 0.06640625 0.11484375
1 0.6296875 0.41953125 0.084375 0.0953125
1 0.24609375 0.33515625 0.06015625 0.09140625
1 0.5015625 0.48984375 0.09453125 0.0953125
1 0.2046875 0.38046875 0.0671875 0.11171875
1 0.31796875 0.34609375 0.05859375 0.09453125
1 0.3171875 0.25390625 0.053125 0.08046875
1 0.3515625 0.30390625 0.06015625 0.0859375
1 0.64453125 0.36015625 0.08046875 0.08203125
1 0.28359375 0.403125 0.0609375 0.10234375
1 0.28203125 0.2875 0.05625 0.08828125
1 0.53671875 0.4203125 0.08984375 0.078125
1 0.15546875 0.43046875 0.071875 0.11953125
1 0.65546875 0.3140625 0.07734375 0.071875
1 0.4015625 0.22578125 0.04375 0.07421875
1 0.54375 0.365625 0.0875 0.07421875
1 0.66796875 0.2765625 0.0734375 0.06796875
1 0.5703125 0.31796875 0.08125 0.065625
1 0.340625 0.21953125 0.05625 0.08125
1 0.10234375 0.503125 0.06796875 0.140625
1 0.5734375 0.27109375 0.07578125 0.053125
