1 0.57421875 0.6726562499999998 0.096875 0.14765625
1 0.55 0.7859375 0.109375 0.16953125
1 0.60859375 0.4890625 0.08828125 0.109375
1 0.59375 0.57578125 0.08984375 0.12734375
1 0.50703125 0.8984375 0.11484375 0.19453125
1 0.2828125 0.2875 0.05625 0.0859375
1 0.2421875 0.46015625 0.0671875 0.1125
1 0.51015625 0.4859375 0.1 0.096875
1 0.315625 0.25625 0.053125 0.078125
1 0.6578125 0.31328125 0.0703125 0.071875
1 0.37890625 0.25625 0.0609375 0.0828125
1 0.246875 0.334375 0.0640625 0.09296875
1 0.2078125 0.378125 0.065625 0.11484375
1 0.1578125 0.43125 0.06875 0.1171875
1 0.28671875 0.4 0.059375 0.1
1 0.37109375 0.9125 0.1265625 0.16796875
1 0.3421875 0.22109375 0.05078125 0.07421875
1 0.31796875 0.34453125 0.0609375 0.09609375
1 0.6421875 0.36015625 0.0796875 0.0859375
1 0.62734375 0.42578125 0.08125 0.09609375
1 0.6703125 0.271875 0.07109375 0.07109375
1 0.3515625 0.30234375 0.0578125 0.0796875
1 0.103125 0.503125 0.0703125 0.13046875
1 0.5421875 0.41875 0.08671875 0.0734375
1 0.5734375 0.315625 0.0796875 0.065625
1 0.5453125 0.3640625 0.08359375 0.0703125
1 0.57890625 0.265625 0.07734375 0.0625
1 0.403125 0.2265625 0.04921875 0.07109375
1 0.89609375 0.9562500000000002 0.12890625 0.0875
