1 0.55078125 0.78515625 0.109375 0.16875
1 0.5203125 0.8984375 0.121875 0.19609375
1 0.59375 0.575 0.09296875 0.12734375
1 0.378125 0.2578125 0.05859375 0.08046875
1 0.5734375 0.6734375000000001 0.09765625 0.14921875
1 0.36875 0.90859375 0.13671875 0.17265625
1 0.50078125 0.48984375 0.0953125 0.096875
1 0.6046875 0.48359375 0.08984375 0.10859375
1 0.2390625 0.459375 0.06328125 0.11015625
1 0.246875 0.3359375 0.0578125 0.0890625
1 0.403125 0.2265625 0.04453125 0.07421875
1 0.2828125 0.4015625 0.06015625 0.1
1 0.3171875 0.34609375 0.0578125 0.09296875
1 0.6546875 0.31328125 0.07421875 0.06796875
1 0.6296875 0.41875 0.0859375 0.0953125
1 0.3515625 0.303125 0.0609375 0.084375
1 0.2 0.378125 0.06640625 0.11171875
1 0.15546875 0.43046875 0.06796875 0.12109375
1 0.64296875 0.35625 0.0796875 0.08125
1 0.28046875 0.28671875 0.05703125 0.0890625
1 0.31484375 0.25390625 0.0546875 0.08359375
1 0.5484375 0.36640625 0.0796875 0.0703125
1 0.56875 0.31875 0.0828125 0.0671875
1 0.66796875 0.27734375 0.07421875 0.06484375
0 0.54140625 0.4203125 0.0765625 0.075
1 0.578125 0.2671875 0.075 0.0578125
1 0.10234375 0.5015625 0.06484375 0.13671875
1 0.34296875 0.21953125 0.05390625 0.0828125
