0 0.55234375 0.78671875 0.1125 0.1625
0 0.5734375 0.67421875 0.10078125 0.153125
0 0.315625 0.25546875 0.05546875 0.0796875
0 0.5937499999999999 0.57421875 0.09609375 0.125
0 0.60078125 0.48984375 0.0921875 0.1125
0 0.240625 0.46015625 0.0703125 0.115625
0 0.50625 0.8984375 0.115625 0.19765625
0 0.1046875 0.50625 0.06953125 0.12890625
0 0.1546875 0.43046875 0.0703125 0.11953125
0 0.2875 0.40390625 0.0609375 0.103125
0 0.20859375 0.37734375 0.06796875 0.11484375
0 0.63046875 0.4203124999999999 0.084375 0.096875
0 0.3695312499999999 0.909375 0.128125 0.16640625
0 0.50078125 0.48984375 0.09453125 0.09296875
0 0.32109375 0.3453125 0.0625 0.09609375
0 0.6546875 0.30859375 0.07578125 0.071875
0 0.340625 0.22109375 0.053125 0.078125
0 0.640625 0.35625 0.08046875 0.08203125
0 0.24687500000000004 0.3375 0.0609375 0.0953125
0 0.37890625 0.25625 0.05625 0.08046875
0 0.3515625 0.3015625 0.05703125 0.08046875
0 0.28125 0.28828125 0.05625 0.0859375
0 0.67109375 0.27421875 0.071875 0.06640625
0 0.40078125 0.22578125 0.04921875 0.07421875
0 0.53828125 0.41875 0.08828125 0.07578125
0 0.54296875 0.3648437500000001 0.0859375 0.07109375
0 0.575 0.27578125 0.078125 0.0578125
0 0.57265625 0.31640624999999994 0.0796875 0.065625
0 0.89453125 0.95859375 0.1484375 0.0828125
