1 0.55234375 0.78359375 0.11640625 0.1765625
1 0.57578125 0.6703124999999999 0.1 0.1515625
1 0.521875 0.8921875 0.1203125 0.20859375
1 0.24453125000000003 0.4593749999999999 0.06796875 0.11640625
1 0.59375 0.57109375 0.090625 0.12734375
1 0.36640625 0.90859375 0.14765625 0.17578125
1 0.2484375 0.334375 0.06328125 0.09296875
1 0.31875 0.34375 0.059375 0.0921875
1 0.60546875 0.484375 0.08671875 0.10859375
1 0.2890625 0.4 0.0625 0.1015625
1 0.20703125 0.37421875 0.0703125 0.1203125
1 0.15546875 0.43125 0.07421875 0.12109375
1 0.5046875 0.4953125 0.08671875 0.0921875
1 0.65546875 0.30703125 0.075 0.071875
1 0.63984375 0.3578125 0.08046875 0.0859375
1 0.6289062499999999 0.41796875 0.08046875 0.09140625
1 0.3140625 0.253125 0.0515625 0.07890625
1 0.10234375 0.49609375 0.06953125 0.12578125
1 0.2828125 0.2890625 0.05625 0.08359375
1 0.37890625 0.25546875 0.05703125 0.075
1 0.57421875 0.31328125 0.078125 0.0625
1 0.40234375 0.22421875 0.05078125 0.075
1 0.5421875 0.41796875 0.078125 0.07734375
1 0.5453125 0.36171875 0.08671875 0.06875
1 0.34140625 0.221875 0.0546875 0.078125
1 0.66875 0.27734375 0.065625 0.06953125
1 0.35 0.30546875 0.06328125 0.0828125
1 0.903125 0.9625 0.14453125 0.075
1 0.578125 0.2625 0.06953125 0.05625
