1 0.55625 0.79296875 0.10859375 0.17265625
1 0.5125 0.8976562500000002 0.121875 0.196875
0 0.59140625 0.57578125 0.096875 0.12578125
1 0.35 0.30078125 0.059375 0.0859375
0 0.60234375 0.48671875 0.0921875 0.11484375
0 0.571875 0.67421875 0.10078125 0.1546875
0 0.31484375 0.25703125 0.05625 0.08046875
0 0.24062500000000003 0.46171875 0.06796875 0.11171875
1 0.51015625 0.4953125 0.09453125 0.0921875
1 0.24765625 0.33515625 0.059375 0.09140625
0 0.31953125 0.34921875 0.06328125 0.09609375
1 0.37578125 0.2578125 0.059375 0.07890625
0 0.63046875 0.4203125 0.08515625 0.09609375
1 0.28203125 0.4015625 0.06015625 0.1015625
1 0.15078125 0.43046875 0.071875 0.11953125
1 0.28046875 0.28984375 0.05625 0.08515625
0 0.64140625 0.35703125 0.084375 0.08203125
1 0.403125 0.225 0.05 0.0765625
0 0.66953125 0.28046875 0.071875 0.06953125
1 0.1015625 0.50546875 0.07109375 0.13359375
1 0.20390625 0.375 0.0625 0.11171875
0 0.34140625 0.22109375 0.05546875 0.0828125
0 0.6578125 0.3125 0.0796875 0.07265625
0 0.57265625 0.31640625 0.07890625 0.06640625
0 0.578125 0.2734375 0.07890625 0.06015625
0 0.5375 0.4203125 0.0828125 0.07890625
1 0.359375 0.91484375 0.17109375 0.16484375
0 0.5453125 0.36328125 0.08984375 0.0734375
