0 0.57265625 0.67265625 0.103125 0.153125
0 0.553125 0.7859375 0.1140625 0.165625
0 0.59296875 0.57578125 0.09765625 0.128125
0 0.240625 0.4609375 0.0703125 0.11640625
0 0.6015624999999999 0.48828125 0.0921875 0.1140625
0 0.1046875 0.50546875 0.07109375 0.1296875
0 0.2875 0.4039062500000001 0.0609375 0.10234375
0 0.5140625 0.8984375 0.11875 0.19765625
0 0.15546875 0.43125 0.0703125 0.11875
0 0.3734375 0.90859375 0.1328125 0.16875
0 0.20859374999999997 0.37890625 0.06875 0.11328125
0 0.31484375 0.25546875 0.05625 0.0796875
0 0.6296875 0.41953125 0.0859375 0.09609375
0 0.50078125 0.48984375 0.0953125 0.0921875
0 0.32109375 0.34609375 0.06328125 0.096875
0 0.65625 0.30859375 0.075 0.07265625
0 0.64296875 0.35546875 0.0796875 0.08125
0 0.246875 0.33828125 0.06171875 0.0953125
0 0.340625 0.2203125 0.0546875 0.08203125
0 0.27890625 0.2953125 0.05625 0.08671875
0 0.35078125 0.30078125 0.0578125 0.08046875
0 0.67109375 0.2734375 0.071875 0.0671875
0 0.37890625 0.25703125 0.05703125 0.08046875
0 0.53828125 0.41796875 0.08203125 0.07734375
0 0.40078125 0.22578124999999996 0.0484375 0.07578125
0 0.54296875 0.3640625 0.08671875 0.07109375
0 0.5765625 0.275 0.07890625 0.06171875
0 0.5734375 0.315625 0.0796875 0.06640625
0 0.8953125 0.95546875 0.14921875 0.0890625
