0 0.55078125 0.78671875 0.11953125 0.1703125
0 0.575 0.67109375 0.10390625 0.15625
0 0.59140625 0.5742187499999999 0.09765625 0.1234375
1 0.51015625 0.89453125 0.121875 0.20234375
0 0.31484375 0.2578125 0.0546875 0.078125
0 0.23984375 0.46015625 0.0703125 0.11484375
0 0.6 0.48671875 0.09375 0.11171875
0 0.2796875 0.290625 0.05625 0.08359375
1 0.1515625 0.4296875 0.07421875 0.12421875
0 0.31875 0.34765625 0.0625 0.09375
0 0.20390625000000004 0.37890625 0.06875 0.11484375
0 0.2859375 0.40546875 0.0609375 0.1
0 0.33984375 0.22109375 0.0546875 0.08203125
0 0.1015625 0.50625 0.07109375 0.1234375
0 0.50546875 0.490625 0.09609375 0.09609375
0 0.6289062500000001 0.4203125 0.08359375 0.09609375
0 0.24453125 0.3390625 0.0625 0.09375
0 0.3765625 0.26015625 0.05703125 0.07890625
0 0.640625 0.35703125 0.08203125 0.08046875
0 0.34921875 0.3015625 0.06015625 0.08359375
0 0.65703125 0.31171875 0.075 0.07265625
1 0.36718749999999994 0.9078125 0.13984375 0.1765625
0 0.6671875 0.28125 0.07265625 0.06796875
0 0.575 0.27734375 0.0765625 0.06171875
0 0.53984375 0.41875 0.08671875 0.078125
0 0.40234375 0.22734375 0.04921875 0.07578125
0 0.5734375 0.31796875 0.07734375 0.065625
0 0.54140625 0.3640625 0.08671875 0.07109375
