1 0.55078125 0.7875 0.11171875 0.17265625
1 0.57265625 0.6765625 0.1015625 0.1484375
1 0.59375 0.5765625 0.09375 0.128125
1 0.603125 0.48828125 0.090625 0.11171875
1 0.3640625 0.91015625 0.14375 0.16953125
1 0.24296875 0.46328125 0.06953125 0.11875
1 0.51171875 0.896875 0.11953125 0.1984375
1 0.2453125 0.33359375 0.0625 0.09375
0 0.28984375 0.40625 0.0625 0.10234375
1 0.31875 0.35 0.06171875 0.09375
1 0.2046875 0.37734375 0.0671875 0.1109375
1 0.3796875 0.2578125 0.05546875 0.07421875
1 0.3984375 0.22578125 0.05078125 0.07890625
1 0.6265625 0.425 0.08046875 0.09140625
1 0.153125 0.43046875 0.071875 0.11953125
1 0.353125 0.29921875 0.0625 0.08828125
1 0.49921875 0.49453125 0.09375 0.09140625
1 0.66796875 0.278125 0.0703125 0.065625
1 0.640625 0.35859375 0.08125 0.0828125
1 0.5375 0.42109375 0.08984375 0.08203125
1 0.1046875 0.50625 0.0703125 0.1265625
1 0.31328125 0.25234375 0.05234375 0.078125
1 0.6546875 0.31171875 0.07421875 0.06953125
1 0.28125000000000006 0.28828125 0.05546875 0.08359375
1 0.33984375 0.2203125 0.0578125 0.0828125
1 0.54453125 0.36328125 0.084375 0.06640625
1 0.90703125 0.96328125 0.1421875 0.0734375
0 0.571875 0.3171875 0.07734375 0.0640625
1 0.5796875 0.26875 0.071875 0.0625
