0 0.57265625 0.6734375 0.10390625 0.15078125
0 0.55078125 0.78515625 0.11328125 0.16484375
0 0.5921875 0.575 0.09609375 0.1234375
0 0.240625 0.46015625 0.0671875 0.1125
0 0.6015624999999999 0.490625 0.0921875 0.11015625
0 0.5046875 0.89921875 0.11484375 0.19609375
0 0.31484375 0.25625 0.05625 0.078125
0 0.15546875 0.43203125 0.06796875 0.11796875
0 0.2859375 0.403125 0.06015625 0.1015625
0 0.340625 0.22109375 0.0546875 0.07890625
0 0.2078125 0.37578125 0.0671875 0.11640625
0 0.1046875 0.50546875 0.06875 0.1234375
0 0.3203125 0.346875 0.0625 0.0953125
0 0.6296875 0.4203124999999999 0.0828125 0.09296875
0 0.49921875 0.490625 0.09609375 0.090625
0 0.24609375 0.3359375 0.0625 0.09453125
0 0.64296875 0.35703125 0.07734375 0.08203125
0 0.65390625 0.30859375000000006 0.0734375 0.07109375
0 0.37890625 0.25859375 0.05546875 0.0796875
0 0.35078125 0.3015625 0.0578125 0.08203125
0 0.28046875 0.28828125 0.05703125 0.0859375
0 0.40078125 0.228125 0.04765625 0.0734375
0 0.66953125 0.27578125 0.06796875 0.06484375
0 0.5390625 0.4195312500000001 0.0828125 0.075
0 0.575 0.2765625 0.07890625 0.059375
0 0.54609375 0.36640625 0.08359375 0.06953125
0 0.57109375 0.31875 0.08046875 0.0640625
0 0.3765625 0.91171875 0.128125 0.16015625
