1 0.55078125 0.7875 0.1109375 0.16953125
1 0.5125 0.8976562500000002 0.11796875 0.196875
1 0.57421875 0.67421875 0.09765625 0.15
1 0.59375 0.575 0.09296875 0.12890625
1 0.240625 0.4593749999999999 0.06953125 0.11640625
1 0.60625 0.48671875 0.0890625 0.10625
1 0.5109375 0.4875 0.0953125 0.1
1 0.63828125 0.35546875 0.0796875 0.08203125
1 0.2046875 0.37890625 0.06796875 0.11171875
1 0.37578125 0.91015625 0.13359375 0.17265625
1 0.315625 0.25625 0.05078125 0.07578125
1 0.6296875 0.42265625 0.08125 0.09453125
1 0.24687500000000004 0.3328125 0.0609375 0.09296875
1 0.38046875 0.25703125 0.0578125 0.07890625
1 0.28203125 0.3984375 0.0609375 0.10234375
1 0.65703125 0.31171875 0.075 0.07109375
1 0.28125000000000006 0.2875 0.05546875 0.084375
1 0.3171875 0.3453125 0.0625 0.096875
1 0.4015625 0.2234375 0.04765625 0.07421875
1 0.3546875 0.30546875 0.0578125 0.08046875
1 0.34296875 0.22187499999999996 0.0515625 0.07578125
1 0.103125 0.50234375 0.0703125 0.1328125
1 0.153125 0.4312500000000001 0.07109375 0.121875
1 0.66796875 0.275 0.071875 0.0671875
1 0.5734375 0.31796875 0.07890625 0.06484375
1 0.54375 0.36484375 0.08515625 0.071875
1 0.54296875 0.4203124999999999 0.0875 0.0734375
1 0.57890625 0.26875 0.07890625 0.05703125
1 0.909375 0.96328125 0.1359375 0.0734375
