1 0.5515625 0.790625 0.11328125 0.16640625
1 0.51015625 0.8984375 0.1171875 0.19609375
1 0.5734375 0.671875 0.10234375 0.15625
1 0.23984375 0.459375 0.06796875 0.115625
1 0.5953125 0.575 0.09296875 0.128125
1 0.60625 0.48515625 0.08828125 0.11171875
1 0.246875 0.33515625 0.06328125 0.090625
1 0.31171875 0.2515625 0.053125 0.0796875
1 0.38046875 0.25859375 0.0546875 0.07578125
1 0.5 0.4898437500000001 0.0953125 0.09453125
1 0.31796875 0.34453125 0.06171875 0.09609375
1 0.5421875 0.41875 0.0859375 0.078125
1 0.35078125 0.30390625 0.06015625 0.07890625
1 0.10234375 0.5046875 0.06953125 0.13203125
1 0.36718750000000006 0.91015625 0.1375 0.16953125
1 0.28671875 0.40078125 0.0609375 0.1
1 0.28046875 0.28828125 0.0546875 0.08125
1 0.3984375 0.228125 0.05078125 0.07421875
1 0.2046875 0.378125 0.0671875 0.11015625
1 0.628125 0.4171875 0.08046875 0.09921875
1 0.153125 0.42890625 0.07109375 0.11640625
0 0.65703125 0.31328125 0.0734375 0.07265625
0 0.6421875 0.35625 0.0796875 0.0828125
1 0.34140625 0.2203125 0.0546875 0.08125
0 0.66953125 0.271875 0.071875 0.06796875
1 0.54375 0.3640625 0.0796875 0.06796875
1 0.57265625 0.3171875 0.08125 0.06796875
1 0.571875 0.26953125 0.07578125 0.05703125
1 0.90390625 0.96328125 0.15078125 0.07265625
