1 0.5515625 0.7859375 0.1109375 0.17109375
1 0.51484375 0.9 0.12578125 0.1921875
1 0.59375 0.575 0.09375 0.12890625
1 0.38046875 0.25625 0.05703125 0.08203125
1 0.36640625 0.91015625 0.13984375 0.1734375
1 0.571875 0.67265625 0.096875 0.14609375
1 0.509375 0.4875 0.09453125 0.09765625
1 0.24765625 0.334375 0.059375 0.090625
1 0.603125 0.48359375 0.08984375 0.1078125
1 0.6296875 0.41796875 0.08515625 0.096875
1 0.20546875 0.3812499999999999 0.065625 0.10859375
1 0.240625 0.46015625 0.06640625 0.11484375
1 0.3515625 0.303125 0.0609375 0.0859375
1 0.28203125 0.2859375 0.05625 0.08828125
1 0.31796875 0.3453125 0.059375 0.0953125
1 0.2875 0.40078125 0.05859375 0.09921875
1 0.31640625 0.2515625 0.0546875 0.08203125
1 0.403125 0.2234375 0.04375 0.07421875
1 0.64453125 0.3609375 0.07890625 0.08203125
1 0.5375 0.41875 0.0890625 0.07890625
1 0.15625 0.4296875 0.06875 0.11796875
1 0.6546875 0.31328125 0.075 0.0703125
1 0.66875 0.27421875 0.0734375 0.0671875
1 0.54609375 0.36328125 0.08828125 0.07421875
1 0.33984375 0.21640625 0.05703125 0.08359375
1 0.5703125 0.31875 0.07890625 0.0640625
1 0.103125 0.503125 0.06484375 0.13828125
1 0.5765625 0.265625 0.071875 0.05625
