1 0.55234375 0.78671875 0.11015625 0.165625
1 0.5742187500000001 0.67421875 0.09921875 0.14921875
1 0.59375 0.57578125 0.0890625 0.12734375
1 0.28203125 0.4015625 0.0625 0.10078125
1 0.50859375 0.9 0.1171875 0.19140625
1 0.60859375 0.48984375 0.0875 0.109375
1 0.36796875 0.9109374999999998 0.1328125 0.1703125
1 0.24140625 0.45859375 0.0671875 0.11171875
1 0.378125 0.25703125 0.059375 0.07890625
1 0.31875 0.3453125 0.0640625 0.096875
1 0.31484375 0.25546875 0.05390625 0.0765625
1 0.2453125 0.334375 0.06640625 0.0953125
1 0.10234375 0.503125 0.0703125 0.12578125
1 0.6296875 0.421875 0.07890625 0.09375
1 0.20624999999999996 0.37734375 0.06796875 0.11328125
1 0.153125 0.43203125 0.07265625 0.11953125
1 0.28203125 0.28828125 0.05546875 0.08671875
1 0.35234375 0.30546875 0.0578125 0.08125
1 0.53984375 0.42109375 0.0921875 0.0765625
1 0.65625 0.3109375 0.0734375 0.06640625
1 0.33984375 0.2234375 0.05390625 0.075
0 0.51328125 0.48828125 0.090625 0.09296875
1 0.40390625 0.22421875 0.05078125 0.06953125
1 0.64375 0.35546875 0.078125 0.0828125
1 0.90703125 0.95703125 0.1375 0.08515625
1 0.54453125 0.36484375 0.08515625 0.0703125
1 0.6671875 0.27109375 0.071875 0.06953125
1 0.575 0.31796875 0.0796875 0.06484375
1 0.575 0.2703125 0.078125 0.05546875
