1 0.4015625 0.47734375 0.1 0.11484375
0 0.4390625 0.571875 0.109375 0.125
0 0.48828125 0.684375 0.1125 0.140625
1 0.55625 0.61171875 0.1078125 0.11640625
0 0.3609375 0.3968749999999999 0.090625 0.09296875
1 0.62109375 0.73359375 0.10546875 0.12890625
1 0.53671875 0.81328125 0.12265625 0.1640625
0 0.7609375 0.36484375 0.065625 0.1140625
0 0.4710937499999999 0.415625 0.096875 0.09765625
0 0.621875 0.1890625 0.0578125 0.08984375
1 0.8140625 0.43203125 0.06796875 0.1171875
0 0.51171875 0.5109375 0.09296875 0.10625
0 0.58515625 0.13828125 0.05703125 0.08515625
0 0.70546875 0.30468749999999994 0.06640625 0.096875
1 0.87109375 0.36796875 0.08125 0.08828125
0 0.35546875 0.16171875 0.08203125 0.075
0 0.3343749999999999 0.11640625 0.06796875 0.06484375
1 0.26796875 0.1484375 0.07421875 0.07578125
0 0.66015625 0.24140625 0.0671875 0.09453125
1 0.34296875 0.3234375 0.090625 0.090625
0 0.2921875 0.2 0.07734375 0.08125
0 0.41328125 0.27109375 0.0859375 0.08125
0 0.4437499999999999 0.3453125 0.09296875 0.0859375
1 0.24765625 0.09921875 0.06640625 0.06875
1 0.884375 0.5296875 0.0734375 0.1140625
0 0.521875 0.06015625 0.05390625 0.08515625
1 0.7640625 0.2296875 0.07890625 0.07265625
0 0.31484375 0.25859375 0.08359375 0.08515625
0 0.6765625 0.13203125 0.07734375 0.06484375
1 0.8171875 0.29765625 0.0859375 0.07890625
0 0.55078125 0.10234375 0.05390625 0.08046875
0 0.38125 0.2203125 0.07890625 0.0734375
0 0.7125 0.1765625 0.071875 0.0625
0 0.8507812500000002 0.11953125 0.0484375 0.0828125
0 0.30859375 0.06953125 0.07265625 0.06796875
0 0.9015625 0.1640625 0.04765625 0.08984375
0 0.765625 0.04296875 0.0421875 0.07109375
0 0.6390625 0.08515625 0.06640625 0.059375
0 0.80546875 0.07578125 0.05 0.07578125
0 0.60234375 0.04609375 0.0671875 0.05390625
1 0.93359375 0.45078125 0.08671875 0.096875
0 0.7234375 0.02109375 0.03984375 0.04140625
1 0.95390625 0.21406249999999996 0.0515625 0.0875
0 0.5734375 0.01953125 0.06015625 0.03828125
