1 0.55234375 0.78984375 0.11328125 0.1671875
1 0.51015625 0.89765625 0.1171875 0.19765625
1 0.575 0.66953125 0.09609375 0.15546875
1 0.5953125 0.5734375 0.09453125 0.12734375
1 0.23984375 0.4578125 0.06796875 0.11640625
1 0.60625 0.48515625 0.08984375 0.1125
1 0.246875 0.33359375 0.0625 0.090625
1 0.38046875 0.25703125 0.0546875 0.07890625
1 0.50078125 0.4890625 0.0953125 0.09453125
1 0.31796875 0.34375 0.0609375 0.0953125
1 0.5421875 0.41796875 0.08671875 0.078125
1 0.28125000000000006 0.28671875 0.05546875 0.08203125
1 0.6296875 0.41796875 0.0828125 0.096875
1 0.28671875 0.4 0.0609375 0.10078125
1 0.20546875 0.3765625 0.06640625 0.11171875
1 0.39921875 0.2265625 0.05078125 0.075
1 0.1046875 0.50703125 0.06953125 0.1328125
1 0.35078125 0.30390625 0.059375 0.0796875
1 0.153125 0.42734375 0.071875 0.1171875
1 0.64140625 0.35859374999999993 0.0765625 0.0796875
0 0.3125 0.25234375 0.053125 0.08125
0 0.65703125 0.31328125 0.07421875 0.071875
1 0.57109375 0.315625 0.08125 0.06796875
1 0.3421875 0.21953125 0.053125 0.08125
1 0.3703125 0.909375 0.1390625 0.1703125
1 0.54453125 0.3625 0.08125 0.06875
0 0.66875 0.27109375 0.07265625 0.0671875
1 0.571875 0.26875 0.07421875 0.05625
1 0.89921875 0.9625 0.15625 0.075
