1 0.5515625 0.784375 0.11015625 0.16875
1 0.51484375 0.8984375 0.1234375 0.19609375
1 0.59453125 0.57578125 0.09296875 0.1265625
1 0.378125 0.25859375 0.05703125 0.07890625
1 0.57265625 0.6734375 0.09765625 0.1484375
1 0.315625 0.25546875 0.053125 0.07890625
1 0.36796875 0.91171875 0.1328125 0.1703125
1 0.6046875 0.48515625 0.090625 0.11015625
1 0.24609375 0.3359375 0.0578125 0.08984375
1 0.509375 0.48828125 0.09375 0.09765625
1 0.240625 0.46015625 0.06484375 0.11328125
1 0.65390625 0.31249999999999994 0.07421875 0.06953125
1 0.1546875 0.43046875 0.06875 0.11796875
1 0.4015625 0.2265625 0.0453125 0.0703125
1 0.2 0.37890625 0.06640625 0.11015625
1 0.3515625 0.30390625 0.06015625 0.084375
1 0.5375 0.41875 0.0890625 0.08046875
1 0.31953125 0.3484375 0.06015625 0.09296875
1 0.66875 0.27734375 0.07421875 0.065625
1 0.63046875 0.4203124999999999 0.08359375 0.09296875
1 0.284375 0.4015625 0.059375 0.1015625
1 0.640625 0.35703125 0.08125 0.08203125
1 0.2796875 0.2875 0.05546875 0.08828125
1 0.56796875 0.31875 0.08203125 0.06640625
1 0.5484375 0.36328125 0.084375 0.0671875
1 0.33984375 0.22109375 0.05390625 0.078125
1 0.1015625 0.5015625 0.06953125 0.13203125
1 0.57578125 0.271875 0.07890625 0.05703125
1 0.896875 0.95859375 0.12578125 0.0828125
