1 0.5546875 0.79140625 0.109375 0.17421875
1 0.51328125 0.896875 0.11953125 0.1984375
1 0.57734375 0.67421875 0.1 0.15078125
1 0.59453125 0.5796875 0.10078125 0.13203125
1 0.35 0.30468749999999994 0.06171875 0.08515625
1 0.3765625 0.259375 0.05859375 0.07734375
1 0.2796875 0.28984375 0.05703125 0.08515625
1 0.3171875 0.346875 0.0609375 0.09609375
0 0.60234375 0.48671875 0.09140625 0.11484375
1 0.31484375 0.2546875 0.0578125 0.084375
1 0.246875 0.3359375 0.06015625 0.090625
1 0.2421875 0.465625 0.06640625 0.10625
1 0.509375 0.49453125 0.0953125 0.09375
1 0.28359375 0.4015625 0.0609375 0.10390625
1 0.15078125 0.4328125 0.07109375 0.121875
0 0.63046875 0.41953125 0.084375 0.096875
0 0.64140625 0.3578125 0.0828125 0.08125
1 0.40546875 0.225 0.0515625 0.07421875
1 0.10390625 0.50625 0.06640625 0.13046875
1 0.20546875000000003 0.37734375 0.0640625 0.11484375
0 0.6578125 0.315625 0.07890625 0.071875
0 0.53671875 0.421875 0.0890625 0.078125
0 0.66875 0.2765625 0.06953125 0.06484375
0 0.5703125 0.3171875 0.08515625 0.06875
0 0.54375 0.36640625 0.08984375 0.07265625
1 0.36875 0.9140625 0.1484375 0.17109375
1 0.57421875 0.27421875 0.0734375 0.0640625
0 0.3390625 0.21796875 0.06015625 0.08515625
1 0.90625 0.96015625 0.1625 0.07890625
