1 0.51328125 0.8992187499999998 0.12421875 0.19375
1 0.55234375 0.7875 0.11328125 0.17109375
1 0.59296875 0.5765625 0.09296875 0.1265625
1 0.3796875 0.2578125 0.0578125 0.08125
1 0.36796875 0.91171875 0.1359375 0.17109375
1 0.571875 0.6734375 0.0953125 0.14765625
1 0.2046875 0.38203125 0.0671875 0.11015625
1 0.23984375 0.46171875 0.0671875 0.1125
1 0.5078125 0.4898437500000001 0.09609375 0.09453125
1 0.6046875 0.4859375 0.090625 0.109375
1 0.24609375 0.33515625 0.06015625 0.09140625
1 0.40234375 0.22578125 0.04453125 0.07265625
1 0.6296875 0.41875 0.084375 0.09453125
1 0.35390625 0.30546875 0.0609375 0.08359375
1 0.15546875 0.43046875 0.07109375 0.1171875
1 0.3171875 0.346875 0.05859375 0.09375
1 0.28359375 0.40234375 0.06015625 0.1015625
1 0.31640625 0.25390625 0.0546875 0.08125
1 0.5390625 0.4203125 0.0875 0.07890625
1 0.65390625 0.3125 0.07421875 0.06796875
1 0.5468749999999999 0.365625 0.084375 0.071875
1 0.28125 0.2875 0.05703125 0.0890625
1 0.6390625 0.359375 0.07890625 0.07890625
1 0.66796875 0.27734375 0.071875 0.06484375
1 0.5703125000000001 0.3203125 0.0796875 0.0625
1 0.10234375 0.50234375 0.06796875 0.13515625
1 0.340625 0.21953125000000004 0.05546875 0.08046875
1 0.578125 0.27109375 0.0734375 0.0515625
