1 0.5515625 0.78671875 0.109375 0.1734375
1 0.5140625 0.896875 0.1203125 0.19765625
1 0.5742187500000001 0.671875 0.0953125 0.13984375
1 0.6078125 0.4875 0.08671875 0.1125
1 0.31640625 0.34453125 0.0609375 0.09140625
1 0.590625 0.5765625 0.090625 0.12109375
1 0.24609375 0.3328125 0.059375 0.08984375
1 0.6289062500000001 0.4171875 0.08359375 0.09765625
1 0.50546875 0.48828125 0.09140625 0.0875
1 0.34765625 0.3 0.0578125 0.07734375
1 0.5421875 0.4171875 0.07890625 0.07890625
1 0.23984375 0.4578125 0.065625 0.10859375
1 0.640625 0.35625 0.0875 0.08828125
1 0.31171875 0.25625 0.05859375 0.08359375
1 0.2859375 0.3984375 0.0609375 0.10234375
1 0.37578125 0.25859375 0.05859375 0.07421875
1 0.65390625 0.3125 0.07734375 0.0703125
1 0.2796875 0.2921875 0.05703125 0.08046875
1 0.20625 0.375 0.065625 0.1078125
1 0.1546875 0.4296875 0.0734375 0.121875
1 0.6703125 0.27421875 0.07265625 0.06328125
1 0.33828125 0.2171875 0.05390625 0.08203125
1 0.54609375 0.365625 0.08203125 0.071875
1 0.40078125 0.22890625 0.04921875 0.0703125
1 0.571875 0.26953125 0.07109375 0.0546875
1 0.1046875 0.50625 0.0671875 0.13046875
1 0.56640625 0.31484375 0.07734375 0.06484375
1 0.371875 0.91015625 0.14296875 0.178125
1 0.684375 0.246875 0.06328125 0.0546875
1 0.37109375 0.19921875 0.0515625 0.071875
