0 0.553125 0.78515625 0.11484375 0.1671875
0 0.5734375 0.67421875 0.103125 0.15234375
0 0.5921875 0.57421875 0.096875 0.12578125
0 0.6015624999999999 0.4890625 0.0921875 0.11171875
0 0.24140625 0.4632812499999999 0.07265625 0.1203125
0 0.10390625 0.5046875 0.07265625 0.1296875
0 0.51328125 0.896875 0.11875 0.20078125
0 0.37265625 0.9046875 0.12890625 0.16953125
0 0.15546875 0.4296875 0.07265625 0.1203125
0 0.2875 0.403125 0.06171875 0.10234375
0 0.20703125 0.3765625 0.06953125 0.115625
0 0.315625 0.25546875 0.05546875 0.07890625
0 0.6296875 0.41953125 0.0828125 0.09609375
0 0.50078125 0.490625 0.09453125 0.09140625
0 0.32109375 0.3453125 0.06328125 0.096875
0 0.340625 0.2203125 0.0546875 0.08125
0 0.65625 0.30859375 0.07578125 0.07265625
0 0.3515625 0.30078124999999994 0.0578125 0.08125
0 0.246875 0.3375 0.06328125 0.0953125
0 0.640625 0.35625 0.078125 0.08125
0 0.37890625 0.25703125 0.05703125 0.0796875
0 0.67109375 0.2734375 0.071875 0.06640625
0 0.28125 0.2890625 0.05703125 0.08515625
0 0.5375 0.41953125 0.08984375 0.0765625
0 0.40078125 0.22500000000000003 0.0484375 0.07578125
0 0.5429687499999999 0.3640625 0.084375 0.0703125
0 0.57578125 0.275 0.07734375 0.059375
0 0.57109375 0.31484375 0.0796875 0.06328125
0 0.89609375 0.94921875 0.1484375 0.09375
