1 0.5515625 0.78515625 0.11015625 0.16796875
1 0.59375 0.5765625 0.09296875 0.12734375
1 0.5742187500000001 0.67109375 0.09921875 0.15078125
1 0.51484375 0.8976562500000002 0.1265625 0.196875
1 0.3687500000000001 0.9109375 0.13359375 0.17109375
1 0.24687500000000004 0.33515625 0.05703125 0.08984375
1 0.31640625 0.2546875 0.05234375 0.0796875
1 0.6046875 0.4859375 0.090625 0.1078125
1 0.240625 0.46171875 0.065625 0.1140625
1 0.53984375 0.41953125 0.08828125 0.08125
1 0.37734375 0.25859375 0.05546875 0.08046875
1 0.509375 0.48828125 0.09453125 0.09765625
1 0.284375 0.403125 0.059375 0.10234375
1 0.65390625 0.31171875 0.07421875 0.06875
1 0.63046875 0.4195312500000001 0.084375 0.09453125
1 0.31796875 0.34609375 0.05859375 0.0921875
1 0.1546875 0.43046875 0.06953125 0.11953125
1 0.20390625 0.38125 0.06640625 0.1109375
1 0.35078125 0.29921875 0.059375 0.08515625
1 0.66875 0.2765625 0.0734375 0.065625
1 0.28125 0.2875 0.0546875 0.0875
1 0.640625 0.3578125 0.08125 0.08203125
1 0.40078125 0.22578125 0.04375 0.0734375
1 0.5484375 0.36171875 0.08359375 0.0671875
1 0.56953125 0.31796875 0.0796875 0.065625
1 0.1015625 0.5046875 0.0703125 0.13359375
1 0.57890625 0.2703125 0.0765625 0.05625
1 0.3421875 0.22109375 0.05390625 0.08046875
