1 0.55 0.78515625 0.11015625 0.16875
1 0.51015625 0.89765625 0.11640625 0.19765625
1 0.5734375 0.6671875 0.096875 0.1546875
1 0.5953125 0.57265625 0.09375 0.128125
1 0.6046875 0.484375 0.0875 0.109375
1 0.23984375 0.45703125 0.0671875 0.11640625
0 0.28671875 0.40078125 0.0609375 0.09921875
1 0.38046875 0.25859375 0.0546875 0.075
1 0.3984375 0.2265625 0.04921875 0.07421875
1 0.35390625 0.30078125 0.059375 0.078125
1 0.5015625 0.4890625 0.09453125 0.09375
1 0.62890625 0.4171875 0.0828125 0.09609375
1 0.5421875 0.41875 0.084375 0.07734375
1 0.24765625 0.33359375 0.06328125 0.09296875
1 0.31328125 0.24921875 0.0546875 0.08203125
1 0.10390625 0.50625 0.06796875 0.13125
1 0.28046875 0.28671875 0.0546875 0.08359375
1 0.15703125 0.42734375 0.06953125 0.1109375
1 0.20625 0.3765625 0.0671875 0.1125
1 0.653125 0.30859375 0.07265625 0.06875
1 0.36796875 0.9093750000000002 0.1375 0.16953125
1 0.3171875 0.34453125 0.059375 0.0953125
1 0.64140625 0.3539062499999999 0.07890625 0.0796875
1 0.571875 0.26875 0.07265625 0.0546875
1 0.34375 0.21953125 0.053125 0.07890625
1 0.54375 0.36484375 0.078125 0.06640625
1 0.5734375 0.3171875 0.07578125 0.06484375
0 0.66796875 0.275 0.0671875 0.0671875
1 0.9046875 0.96328125 0.15546875 0.07265625
