1 0.40234375 0.4781250000000001 0.09921875 0.1140625
0 0.43671875 0.57265625 0.10859375 0.12734375
0 0.4875 0.68359375 0.11171875 0.13984375
0 0.55390625 0.6093750000000001 0.10546875 0.12265625
0 0.36015625 0.3968749999999999 0.09140625 0.09296875
0 0.7609375 0.36484375 0.06484375 0.1140625
0 0.51171875 0.5125 0.09609375 0.10859375
1 0.5375 0.8125 0.121875 0.16875
1 0.6203125 0.7328125 0.10859375 0.13046875
0 0.4710937499999999 0.415625 0.096875 0.096875
1 0.871875 0.3671875 0.08203125 0.08828125
1 0.34453125 0.32265625 0.0921875 0.0921875
1 0.24765624999999997 0.0984375 0.06875 0.06953125
0 0.3546875 0.1609375 0.08125 0.07578125
0 0.659375 0.240625 0.0671875 0.09453125
1 0.8140625 0.43046875 0.06640625 0.11328125
0 0.5859375000000001 0.13828125 0.05625 0.08515625
0 0.29140625 0.19921875 0.07734375 0.08125
0 0.621875 0.18828125 0.05859375 0.0875
0 0.7046875 0.30390625 0.0671875 0.09765625
0 0.4437499999999999 0.34453125 0.09296875 0.0875
0 0.334375 0.11484375 0.06875 0.06484375
1 0.2671875 0.1484375 0.07421875 0.07578125
0 0.4140625 0.2703125 0.08671875 0.08203125
1 0.7640625 0.23046875 0.078125 0.07265625
0 0.315625 0.25703125 0.08359375 0.08671875
1 0.8859375 0.52890625 0.07421875 0.1140625
0 0.38203125 0.2171875 0.0796875 0.075
0 0.55078125 0.1015625 0.05390625 0.08125
1 0.81796875 0.29765625 0.08671875 0.07890625
0 0.521875 0.06015625 0.0546875 0.0859375
0 0.6390625 0.08359375 0.065625 0.06015625
0 0.675 0.128125 0.07734375 0.06640625
0 0.85625 0.11875 0.04765625 0.08046875
0 0.30703125 0.06796875 0.07265625 0.06875
0 0.71328125 0.17734375 0.071875 0.06171875
0 0.9015625 0.1625 0.04765625 0.08984375
0 0.60234375 0.04609375 0.06640625 0.053125
0 0.76484375 0.04375 0.04296875 0.07265625
1 0.934375 0.45078125 0.0828125 0.09296875
0 0.80703125 0.07890625 0.0484375 0.0765625
0 0.721875 0.021875 0.03984375 0.04296875
0 0.56875 0.01875 0.06015625 0.03671875
1 0.9539062499999998 0.2140625 0.053125 0.08828125
