0 0.57421875 0.67109375 0.10078125 0.15546875
0 0.55078125 0.78671875 0.115625 0.16875
0 0.59453125 0.5734375 0.096875 0.1234375
0 0.153125 0.434375 0.07265625 0.1203125
0 0.6 0.48671875 0.09453125 0.11328125
0 0.2390625 0.4609375 0.06953125 0.11328125
0 0.103125 0.50546875 0.07265625 0.125
0 0.5109375 0.89765625 0.11640625 0.19921875
0 0.31875 0.34765625 0.0625 0.09453125
0 0.2046875 0.378125 0.0671875 0.11484375
0 0.28046875 0.29140625 0.05703125 0.08359375
0 0.28515625 0.40625 0.0609375 0.10078125
0 0.2453125 0.3390625 0.06328125 0.0953125
0 0.3671875 0.91015625 0.13515625 0.1734375
0 0.3140625 0.25625 0.05703125 0.08203125
0 0.50625 0.490625 0.09453125 0.09609375
0 0.63046875 0.42109375 0.08515625 0.096875
0 0.640625 0.3578125 0.0828125 0.08046875
1 0.33828125 0.221875 0.05703125 0.08515625
0 0.37734375 0.2609375 0.0546875 0.078125
0 0.34921875 0.3 0.0609375 0.08515625
0 0.65703125 0.3109375 0.075 0.0734375
0 0.66875 0.27578125 0.07421875 0.06484375
0 0.5390625 0.41875 0.084375 0.078125
0 0.575 0.2765625 0.07578125 0.06015625
0 0.40234375 0.22734375 0.05078125 0.07421875
0 0.57578125 0.31640624999999994 0.07265625 0.065625
0 0.54296875 0.36640625 0.0890625 0.0703125
0 0.8921875 0.959375 0.14921875 0.08125
