1 0.55390625 0.78828125 0.109375 0.17109375
1 0.51484375 0.9 0.1234375 0.1921875
1 0.31796875 0.3453125 0.059375 0.0953125
1 0.59453125 0.57578125 0.09453125 0.128125
1 0.3796875 0.25703125 0.05703125 0.08046875
1 0.403125 0.22109375 0.04375 0.0734375
1 0.571875 0.671875 0.09921875 0.146875
1 0.3687500000000001 0.90859375 0.1375 0.171875
1 0.246875 0.334375 0.05859375 0.08984375
1 0.50859375 0.48828125 0.09296875 0.096875
1 0.60390625 0.484375 0.08984375 0.109375
1 0.63046875 0.4171875 0.0859375 0.09609375
1 0.2046875 0.37890625 0.065625 0.11015625
1 0.240625 0.45859375 0.06640625 0.1171875
1 0.31640624999999994 0.2515625 0.05390625 0.08046875
1 0.28125000000000006 0.2859375 0.05546875 0.08671875
1 0.35234375 0.303125 0.06015625 0.08515625
1 0.64296875 0.359375 0.08046875 0.08046875
1 0.2875 0.40078125 0.05859375 0.0984375
1 0.153125 0.4296875 0.06953125 0.1203125
1 0.5375 0.41796875 0.08984375 0.078125
1 0.66953125 0.275 0.0734375 0.06640625
1 0.65546875 0.3140625 0.07421875 0.0703125
1 0.54609375 0.36328125 0.0859375 0.0734375
1 0.5703125000000001 0.31640625 0.08359375 0.06640625
1 0.340625 0.215625 0.05625 0.08359375
1 0.10234375 0.503125 0.06640625 0.140625
1 0.5765625 0.2671875 0.0765625 0.0578125
