0 0.553125 0.7859375 0.1109375 0.1640625
0 0.5742187499999999 0.67421875 0.1 0.15078125
0 0.5937500000000001 0.575 0.0953125 0.12578125
0 0.5078125 0.89921875 0.11796875 0.19609375
0 0.24062500000000003 0.459375 0.071875 0.11328125
0 0.10390625 0.50546875 0.0703125 0.12890625
0 0.6 0.4890625 0.0921875 0.1109375
0 0.315625 0.25625 0.05625 0.07890625
0 0.1546875 0.43046875 0.06953125 0.11875
0 0.28671875 0.4039062500000001 0.0609375 0.10234375
0 0.3695312499999999 0.9078125 0.128125 0.16640625
0 0.20859375 0.378125 0.06796875 0.11484375
0 0.62890625 0.42109375 0.0828125 0.0953125
0 0.32109375 0.346875 0.06171875 0.0953125
0 0.49921875 0.490625 0.0953125 0.09140625
0 0.6546875 0.30859375 0.07421875 0.071875
0 0.34140625 0.22109375 0.05234375 0.078125
0 0.246875 0.3375 0.06171875 0.0953125
0 0.35078125 0.30234375 0.0578125 0.08125
0 0.6421875 0.35625 0.0796875 0.08125
0 0.378125 0.25703125 0.05625 0.08125
0 0.28046875 0.28984375 0.05625 0.08515625
0 0.6703125 0.27421875 0.07109375 0.06640625
0 0.4046875 0.22734375 0.04921875 0.075
0 0.5453125 0.365625 0.08515625 0.07109375
0 0.53828125 0.4195312500000001 0.08671875 0.075
0 0.575 0.2765625 0.07734375 0.05859375
0 0.571875 0.31640625 0.0796875 0.06484375
0 0.8984375 0.9617187499999998 0.15234375 0.0765625
