0 0.70859375 0.1734375 0.14375 0.10546875
1 0.440625 0.1421875 0.13203125 0.1421875
1 0.2140625 0.11171875 0.128125 0.1609375
1 0.575 0.159375 0.12890625 0.12265625
0 0.85703125 0.17890625 0.153125 0.109375
0 0.5234375 0.88125 0.39765625 0.2375
0 0.18515625 0.86484375 0.359375 0.2703125
0 0.18046875 0.3015625 0.34765625 0.13359375
0 0.7390625 0.015625 0.08125 0.03125
1 0.06328125 0.10234375 0.1265625 0.1765625
0 0.55 0.325 0.39453125 0.1421875
0 0.66171875 0.0171875 0.0828125 0.034375
0 0.82265625 0.01640625 0.08828125 0.03125
1 0.43359375 0.01171875 0.08125 0.0234375
1 0.35703125 0.0125 0.07734375 0.025
0 0.509375 0.0125 0.075 0.02421875
0 0.9640625 0.184375 0.07109375 0.11171875
0 0.58203125 0.0140625 0.08125 0.028125
0 0.86484375 0.340625 0.26640625 0.12265625
0 0.91015625 0.0140625 0.103125 0.028125
