0 0.6421875 0.2640625 0.11875 0.28203125
0 0.528125 0.26640625 0.121875 0.2796875
0 0.1859375 0.2671875 0.12265625 0.2875
0 0.30078125 0.85625 0.1171875 0.1484375
0 0.0609375 0.278125 0.121875 0.296875
1 0.29921875 0.2578125 0.11484375 0.2953125
1 0.4109375 0.26171875 0.11640625 0.28671875
1 0.7492187500000002 0.2609375 0.11875 0.2859375
0 0.415625 0.85625 0.11640625 0.1484375
0 0.18515625 0.8625000000000002 0.11953125 0.14609375
0 0.528125 0.8546875000000002 0.11484375 0.15
0 0.6453125 0.85390625 0.11015625 0.14140625
0 0.759375 0.85234375 0.11484375 0.1484375
0 0.06953125 0.86484375 0.12265625 0.1515625
0 0.30078125 0.03984375 0.1171875 0.0796875
0 0.41328125 0.040625 0.11875 0.08125
0 0.875 0.84765625 0.1125 0.15859375
0 0.75859375 0.0390625 0.1171875 0.078125
0 0.96875 0.8515625 0.0625 0.146875
0 0.18515625 0.04375 0.11953125 0.08671875
0 0.065625 0.04296875 0.1203125 0.0859375
0 0.6421875 0.0390625 0.115625 0.078125
0 0.0078125 0.8601562499999998 0.01484375 0.146875
