0 0.7687500000000002 0.3265625 0.2125 0.15859375
0 0.66796875 0.29375 0.2078125 0.13984375
0 0.88515625 0.3625 0.21875 0.17890625
0 0.4109375 0.73515625 0.38828125 0.3921875
0 0.5765625 0.2640625 0.20078125 0.12578125
0 0.5046875 0.234375 0.1953125 0.1109375
0 0.5328125 0.8046875 0.42734375 0.38984375
0 0.43515625 0.21484375 0.19140625 0.096875
0 0.76953125 0.85 0.4328125 0.3
0 0.36484375 0.19375 0.178125 0.08515625
0 0.93046875 0.26484375 0.1328125 0.11875
0 0.15 0.49609375 0.3 0.23515625
0 0.10703125 0.44453124999999993 0.2140625 0.1921875
0 0.9 0.91484375 0.1875 0.1640625
0 0.8445312499999998 0.240625 0.16640625 0.11640625
0 0.31328125 0.171875 0.16171875 0.07734375
0 0.95546875 0.3984375 0.0890625 0.18515625
0 0.06484375 0.39375 0.12890625 0.1546875
