1 0.86484375 0.45859375 0.17890625 0.2140625
1 0.9140625 0.6953125 0.16640625 0.29609375
1 0.1015625 0.44765625 0.1921875 0.25078125
1 0.2171875 0.45078125 0.1828125 0.24765625
1 0.14609375 0.7046875 0.23828125 0.30703125
1 0.4664062500000001 0.7125 0.1921875 0.29765625
1 0.34453125 0.45703125 0.18671875 0.2421875
1 0.7390625 0.45234375 0.18046875 0.2203125
1 0.63671875 0.19765625 0.13671875 0.15
1 0.59921875 0.453125 0.18203125 0.22265625
1 0.76953125 0.7031250000000001 0.18125 0.27890625
1 0.62734375 0.70390625 0.1859375 0.28046875
1 0.30625 0.7078125 0.2046875 0.2984375
1 0.103125 0.20546875 0.13515625 0.15234375
1 0.9499999999999998 0.4578125 0.1 0.2203125
1 0.471875 0.46484375 0.175 0.23515625
1 0.73828125 0.19765625 0.13828125 0.1546875
1 0.93203125 0.2140625 0.13125 0.153125
1 0.20703125 0.1921875 0.18125 0.17734375
1 0.0578125 0.70703125 0.11328125 0.3203125
0 0.54921875 0.2046875 0.1296875 0.1359375
1 0.04296875 0.43671875 0.0828125 0.24609375
1 0.45625 0.1953125 0.14609375 0.1671875
1 0.03125 0.2 0.06171875 0.165625
1 0.33984375 0.190625 0.175 0.171875
