1 0.58671875 0.33828125 0.2546875 0.2578125
1 0.1 0.65859375 0.2 0.3828125
1 0.74140625 0.8671875 0.2078125 0.265625
1 0.4265625 0.7921875 0.1875 0.33125
1 0.0421875 0.63671875 0.084375 0.3421875
1 0.63359375 0.84609375 0.2234375 0.3078125
1 0.84453125 0.8820312500000002 0.1921875 0.2359375
1 0.52421875 0.8328124999999998 0.1890625 0.334375
1 0.20078125 0.725 0.1890625 0.309375
1 0.296875 0.765625 0.18125 0.315625
1 0.53046875 0.0984375 0.1734375 0.196875
1 0.7453125 0.16484375 0.171875 0.2515625
0 0.6453125 0.1421875 0.1875 0.259375
1 0.41484375 0.08359375 0.1390625 0.1671875
1 0.3234375 0.07734375 0.15625 0.1546875
1 0.1921875 0.0640625 0.171875 0.128125
1 0.9421874999999998 0.25625 0.115625 0.284375
1 0.85703125 0.22265625 0.1796875 0.2984375
