1 0.725 0.11171875 0.103125 0.1765625
1 0.7843750000000002 0.10000000000000002 0.103125 0.175
1 0.84140625 0.0875 0.1015625 0.175
1 0.88984375 0.08046875 0.0859375 0.1609375
1 0.76796875 0.29296875 0.1015625 0.1828125
1 0.82734375 0.2828125 0.1015625 0.190625
1 0.88515625 0.26875 0.1046875 0.1875
1 0.93046875 0.2546875 0.0890625 0.184375
1 0.903125 0.62265625 0.10625 0.1796875
1 0.9546875 0.61328125 0.090625 0.1796875
1 0.9812499999999998 0.59609375 0.0375 0.1796875
1 0.9734374999999998 0.78984375 0.053125 0.1890625
0 0.8445312499999998 0.6367187499999999 0.1078125 0.1859375
0 0.88671875 0.81953125 0.1078125 0.1859375
0 0.94296875 0.80546875 0.1078125 0.1796875
0 0.14375 0.796875 0.10625 0.175
0 0.20078125 0.78359375 0.1015625 0.1796875
0 0.2578125 0.77109375 0.103125 0.1828125
0 0.31484375 0.75703125 0.1015625 0.1796875
0 0.37109375 0.74375 0.1015625 0.18125
0 0.428125 0.73046875 0.10625 0.1890625
0 0.48203125 0.71796875 0.1078125 0.1765625
0 0.5421875 0.70625 0.1 0.175
0 0.5984375 0.69609375 0.1 0.1765625
0 0.65546875 0.67734375 0.0984375 0.1703125
0 0.18359375 0.9445312500000002 0.1015625 0.1109375
0 0.24140625 0.9382812499999998 0.0984375 0.1234375
0 0.2984375 0.93203125 0.103125 0.1359375
0 0.35703125 0.92578125 0.0984375 0.1484375
0 0.41328125 0.9187499999999998 0.0953125 0.1625
0 0.46875 0.9132812500000002 0.096875 0.1734375
0 0.52734375 0.90078125 0.0984375 0.1765625
0 0.58203125 0.8875 0.1015625 0.1875
0 0.63984375 0.8734375 0.0984375 0.178125
0 0.696875 0.86171875 0.1 0.1828125
0 0.05 0.45546875 0.0734375 0.146875
0 0.11953125 0.45546875 0.059375 0.16484375
0 0.17578125 0.43984375 0.08671875 0.15625
0 0.23046875 0.428125 0.08046875 0.1625
0 0.2890625 0.40703125 0.06796875 0.15703125
0 0.3421874999999999 0.4 0.06796875 0.1609375
0 0.3960937500000001 0.3812499999999999 0.06328125 0.15546875
0 0.46015625 0.37265625 0.0671875 0.15546875
0 0.515625 0.34374999999999994 0.05703125 0.159375
0 0.5828125 0.3484375 0.065625 0.15078125
0 0.07890625 0.26875 0.06875 0.153125
0 0.13828125 0.24765625 0.08359375 0.1328125
0 0.19140625 0.23984375 0.08359375 0.153125
0 0.253125 0.22265625 0.08515625 0.1625
0 0.303125 0.2015625 0.08203125 0.15703125
0 0.3726562500000001 0.19453125 0.07109375 0.14296875
0 0.42421875 0.17421875 0.07890625 0.16640625
0 0.4734375 0.165625 0.07578125 0.1609375
0 0.540625 0.16484375 0.06015625 0.16328125
