0 0.6765625 0.51484375 0.08125 0.1828125
0 0.61640625 0.51640625 0.0734375 0.1921875
0 0.5578125 0.52734375 0.075 0.1828125
0 0.4953125 0.53359375 0.08125 0.1859375
0 0.43828125 0.5328125 0.0734375 0.18125
0 0.378125 0.5375 0.078125 0.184375
0 0.31640624999999994 0.5421875 0.0734375 0.18125
0 0.259375 0.5515625 0.075 0.18125
0 0.20625 0.5546875 0.08125 0.175
0 0.1546875 0.5625 0.08125 0.175
0 0.67734375 0.68359375 0.0828125 0.2015625
0 0.615625 0.68125 0.071875 0.196875
0 0.5515625 0.68359375 0.075 0.1859375
0 0.49140625 0.69296875 0.0734375 0.1890625
1 0.4296875 0.69765625 0.06875 0.1796875
0 0.3687500000000001 0.7046875 0.075 0.184375
0 0.3078125 0.70390625 0.078125 0.1796875
0 0.25 0.709375 0.08125 0.18125
0 0.1953125 0.7125 0.078125 0.18125
0 0.13671875 0.715625 0.0859375 0.171875
1 0.8578125 0.0390625 0.065625 0.078125
1 0.7796875 0.04375 0.071875 0.0875
1 0.721875 0.0484375 0.06875 0.096875
1 0.66796875 0.05390625 0.0640625 0.1078125
1 0.61015625 0.05703125 0.0671875 0.1140625
0 0.5578125 0.059375 0.065625 0.11875
0 0.503125 0.0640625 0.06875 0.128125
0 0.44765625 0.06875 0.0703125 0.1375
0 0.396875 0.06953125 0.0625 0.1296875
0 0.3484375 0.0765625 0.071875 0.13125
0 0.2984375 0.08359375 0.071875 0.1296875
1 0.24375 0.09140625 0.0625 0.1296875
0 0.19375 0.09765625 0.06875 0.1296875
