0 0.3625 0.75078125 0.50703125 0.22734375
0 0.21640625 0.709375 0.4328125 0.18125
0 0.5921875 0.8296875 0.48203125 0.3296875
0 0.8874999999999998 0.8296875 0.225 0.32421875
0 0.75546875 0.60390625 0.15703125 0.04296875
0 0.91015625 0.6109375 0.175 0.04765625
0 0.63203125 0.59609375 0.1625 0.0453125
0 0.521875 0.5890625 0.18203125 0.03984375
0 0.1453125 0.675 0.290625 0.11875
0 0.43203125 0.58046875 0.1765625 0.0296875
0 0.32109375 0.5765625 0.1640625 0.03046875
0 0.11015625 0.64375 0.21328125 0.0765625
