0 0.42890625 0.740625 0.0953125 0.1421875
0 0.5984375 0.70078125 0.09765625 0.121875
0 0.0515625 0.7875 0.0703125 0.13359375
1 0.646875 0.66484375 0.0921875 0.125
0 0.30390625 0.7640625 0.0796875 0.1359375
0 0.9078125 0.60859375 0.05234375 0.0640625
1 0.87421875 0.584375 0.05078125 0.078125
0 0.17734375 0.7796875 0.06796875 0.13046875
1 0.4828125 0.6875 0.078125 0.1328125
1 0.8390625 0.59453125 0.06328125 0.08984375
1 0.69140625 0.6484375 0.084375 0.1375
1 0.53671875 0.6671875 0.05625 0.09296875
1 0.2359375 0.721875 0.04765625 0.1
1 0.365625 0.72734375 0.059375 0.12421875
0 0.9 0.56796875 0.0625 0.0671875
1 0.1125 0.76796875 0.05703125 0.1390625
0 0.02109375 0.7890625 0.0421875 0.13359375
1 0.93203125 0.55703125 0.0578125 0.08046875
