0 0.4296875 0.740625 0.09765625 0.14375
0 0.05234375 0.78515625 0.071875 0.1390625
0 0.68828125 0.67109375 0.09921875 0.10625
0 0.5484375 0.71328125 0.09296875 0.12890625
0 0.890625 0.5953125 0.05859375 0.05859375
1 0.48125 0.6890625000000001 0.075 0.1296875
0 0.8703125 0.60625 0.06484375 0.06640625
1 0.59609375 0.66796875 0.08125 0.1453125
0 0.91015625 0.58515625 0.059375 0.0578125
0 0.17734375 0.7796875 0.06875 0.140625
1 0.36796875 0.728125 0.05703125 0.1265625
1 0.1109375 0.76328125 0.04921875 0.1328125
0 0.846875 0.61171875 0.065625 0.06875
0 0.93203125 0.57578125 0.0609375 0.06171875
0 0.021874999999999995 0.78671875 0.0421875 0.13671875
0 0.65546875 0.6828125 0.0765625 0.11171875
1 0.30625 0.734375 0.0578125 0.121875
1 0.2359375 0.72265625 0.0484375 0.1046875
