1 0.64765625 0.66875 0.09609375 0.1296875
0 0.5984375 0.7015625 0.09765625 0.12265625
0 0.43046875 0.73984375 0.0921875 0.1296875
0 0.36484375 0.7515625 0.08515625 0.12578125
0 0.0515625 0.78671875 0.06953125 0.1296875
0 0.17109375 0.77734375 0.06640625 0.13359375
0 0.3046875 0.765625 0.078125 0.13203125
1 0.48515625 0.6984375 0.08671875 0.1390625
1 0.690625 0.65 0.08515625 0.1390625
1 0.11328125 0.77421875 0.0625 0.14609375
1 0.8375 0.59375 0.0609375 0.090625
1 0.87265625 0.5828125 0.04765625 0.0828125
0 0.02109375 0.7890625 0.04140625 0.12890625
1 0.93671875 0.55234375 0.05078125 0.0796875
1 0.9078125 0.56796875 0.05546875 0.08203125
1 0.534375 0.67421875 0.06640625 0.11171875
1 0.2375 0.74921875 0.06171875 0.140625
1 0.54453125 0.69921875 0.09453125 0.146875
