1 0.59609375 0.6859375 0.1 0.13828125
0 0.42890625 0.740625 0.0921875 0.13046875
0 0.546875 0.71484375 0.1 0.12265625
0 0.36328125 0.7546874999999998 0.0859375 0.13125
1 0.65 0.67109375 0.09609375 0.13671875
0 0.48671875 0.728125 0.09765625 0.128125
0 0.23671875 0.77109375 0.07109375 0.134375
0 0.0546875 0.78515625 0.0734375 0.13125
1 0.68984375 0.65234375 0.09765625 0.14140625
0 0.30546875 0.76328125 0.07890625 0.134375
0 0.11484375 0.78359375 0.0703125 0.13359375
0 0.1703125 0.78046875 0.0671875 0.13359375
0 0.02109375 0.78828125 0.0421875 0.128125
1 0.93125 0.55625 0.0609375 0.08671875
1 0.83984375 0.59609375 0.07265625 0.1078125
1 0.875 0.59140625 0.059375 0.0953125
1 0.90859375 0.57109375 0.06015625 0.09296875
