0 0.0515625 0.78515625 0.0703125 0.13359375
0 0.42890625 0.73984375 0.09140625 0.13984375
0 0.5976562500000001 0.70078125 0.0953125 0.121875
1 0.6453125 0.66484375 0.0828125 0.1171875
1 0.875 0.58671875 0.0484375 0.0796875
0 0.178125 0.7765625 0.06875 0.13515625
1 0.4796875 0.68828125 0.0703125 0.1296875
1 0.83984375 0.596875 0.06328125 0.0890625
1 0.1125 0.77109375 0.06015625 0.140625
1 0.5359375 0.66953125 0.05390625 0.09375
0 0.909375 0.5828125 0.059375 0.06640625
0 0.02109375 0.7875 0.0421875 0.1328125
1 0.36796875 0.7296875 0.05390625 0.128125
1 0.93203125 0.55859375 0.0578125 0.0828125
0 0.69765625 0.66953125 0.0828125 0.1046875
1 0.30625 0.73125 0.053125 0.11640625
1 0.2359375 0.725 0.04765625 0.109375
0 0.89765625 0.5984375 0.0453125 0.05546875
