0 0.05546875 0.7859375 0.07421875 0.1328125
0 0.23671875000000003 0.77109375 0.071875 0.13359375
0 0.36484375 0.7515625 0.08515625 0.13046875
0 0.1140625 0.78359375 0.071875 0.13671875
0 0.30546875 0.76328125 0.08046875 0.134375
1 0.6515625 0.671875 0.09296875 0.1375
1 0.4828124999999999 0.71171875 0.096875 0.1453125
0 0.1703125 0.7765625 0.06875 0.13359375
1 0.596875 0.6796875 0.090625 0.14765625
1 0.43125 0.73671875 0.0921875 0.1375
1 0.54765625 0.69921875 0.096875 0.14140625
1 0.6859375 0.6546875 0.0828125 0.12890625
0 0.02109375 0.7875 0.04140625 0.13046875
1 0.83671875 0.5921875 0.0640625 0.09375
1 0.86875 0.58671875 0.05078125 0.0875
1 0.9382812499999998 0.55546875 0.053125 0.0859375
1 0.89296875 0.57578125 0.04453125 0.08203125
1 0.91484375 0.57109375 0.046875 0.0828125
