0 0.59609375 0.69765625 0.103125 0.11875
0 0.546875 0.7109375 0.1015625 0.1234375
0 0.43125 0.7421875 0.09375 0.13203125
0 0.3640625 0.7546875 0.08828125 0.1328125
0 0.4875 0.7296875 0.0984375 0.1296875
0 0.65078125 0.684375 0.0984375 0.11171875
0 0.2375 0.771875 0.07265625 0.1359375
0 0.05703125 0.78515625 0.0734375 0.13515625
0 0.115625 0.78359375 0.071875 0.13828125
0 0.30625 0.76328125 0.08125 0.13828125
0 0.17187500000000003 0.77890625 0.06875 0.13671875
0 0.69296875 0.671875 0.0984375 0.1078125
0 0.8718749999999998 0.6054687499999999 0.06484375 0.06875
0 0.02109375 0.78828125 0.0421875 0.12890625
0 0.8921875 0.5921875 0.06328125 0.0640625
0 0.93046875 0.575 0.0625 0.06484375
0 0.909375 0.584375 0.0625 0.0640625
0 0.8484375 0.6109375 0.0640625 0.07109375
