0 0.590625 0.578125 0.178125 0.19375
0 0.4125 0.61484375 0.178125 0.1890625
1 0.07578125 0.7015625 0.1234375 0.190625
1 0.06484375 0.4 0.1296875 0.196875
1 0.85390625 0.221875 0.1796875 0.190625
1 0.25625 0.9046875 0.171875 0.190625
1 0.15546875 0.9140625 0.1609375 0.171875
0 0.4390625000000001 0.86484375 0.16875 0.1953125
0 0.61328125 0.81796875 0.1671875 0.1953125
0 0.8015625 0.7765625000000002 0.18125 0.18125
0 0.9359375 0.49296875 0.128125 0.1890625
1 0.58046875 0.06328125 0.1671875 0.1265625
1 0.853125 0.03203125 0.109375 0.0640625
1 0.2171875 0.1375 0.190625 0.178125
1 0.484375 0.07890625 0.165625 0.1578125
1 0.778125 0.52890625 0.1875 0.2015625
0 0.4953125 0.30078125 0.1875 0.2140625
0 0.3234375 0.34453125 0.18125 0.2109375
0 0.2421875 0.65625 0.184375 0.21875
0 0.67890625 0.25546875 0.1984375 0.1984375
