0 0.528125 0.63359375 0.084375 0.2078125
0 0.465625 0.6328125 0.0875 0.2
0 0.4015625 0.6359375 0.090625 0.2
1 0.33125 0.734375 0.078125 0.421875
0 0.40234375 0.8359375 0.0859375 0.221875
0 0.4734375 0.83125 0.09375 0.215625
0 0.54296875 0.8273437500000002 0.0984375 0.2203125
0 0.61015625 0.82265625 0.0953125 0.2140625
0 0.5976562499999999 0.6296875 0.0921875 0.20625
0 0.65859375 0.6289062500000001 0.0890625 0.2046875
0 0.72109375 0.61796875 0.0984375 0.2109375
0 0.7796875 0.615625 0.1 0.203125
0 0.840625 0.6140625 0.096875 0.20625
1 0.86953125 0.78359375 0.1046875 0.1828125
1 0.8078125 0.7875 0.09375 0.159375
1 0.74296875 0.79765625 0.0890625 0.1828125
1 0.678125 0.80859375 0.0875 0.1890625
1 0.8664062500000002 0.39453125 0.1109375 0.1765625
0 0.846875 0.296875 0.109375 0.153125
0 0.828125 0.21953125 0.103125 0.1578125
1 0.8140625 0.1375 0.103125 0.140625
1 0.46484375 0.12578125 0.0890625 0.1578125
0 0.58984375 0.18828125 0.0984375 0.1484375
0 0.58359375 0.11484375 0.0859375 0.1546875
0 0.46953125 0.20703125 0.0859375 0.1640625
