1 0.3265625 0.35625 0.428125 0.240625
0 0.28984375 0.0578125 0.3578125 0.115625
1 0.4125 0.85 0.3921875 0.2296875
0 0.36328125 0.48046875 0.365625 0.2140625
0 0.3328125 0.24609375 0.3765625 0.2078125
0 0.315625 0.13125 0.3640625 0.2078125
0 0.3859375 0.59765625 0.384375 0.2046875
0 0.4359375 0.9265624999999998 0.353125 0.146875
0 0.40546875 0.7109375 0.371875 0.2125
1 0.65546875 0.0890625 0.3921875 0.178125
0 0.715625 0.3140625 0.3765625 0.2109375
0 0.70390625 0.196875 0.390625 0.2234375
0 0.7375 0.428125 0.3796875 0.221875
0 0.7546875 0.5421875 0.378125 0.2171875
1 0.78203125 0.8937500000000002 0.3828125 0.2125
0 0.79453125 0.78046875 0.378125 0.2078125
1 0.778125 0.66328125 0.434375 0.253125
