0 0.50546875 0.36953125 0.1828125 0.35703125
0 0.4015625 0.4 0.18359375 0.36171875
0 0.703125 0.69921875 0.1890625 0.3578125
0 0.59921875 0.72890625 0.18984375 0.36328125
1 0.3546875 0.78359375 0.21796875 0.4140625
0 0.484375 0.75078125 0.184375 0.3609375
0 0.27421875 0.42890625 0.1828125 0.35390625
1 0.12578125 0.80703125 0.21875 0.36875
0 0.7375 0.30703125 0.18046875 0.359375
0 0.81328125 0.67421875 0.1921875 0.371875
0 0.2484375 0.80546875 0.1828125 0.365625
0 0.85703125 0.2796875 0.18359375 0.34765625
1 0.92109375 0.62578125 0.1546875 0.3828125
1 0.62265625 0.31171875 0.2015625 0.3984375
1 0.14140625 0.4515625 0.19609375 0.37578125
0 0.0625 0.471875 0.12421875 0.3515625
0 0.9359375 0.25234375 0.121875 0.3421875
