1 0.7140625 0.27578125 0.20625 0.4359375
1 0.175 0.20859375 0.2 0.3984375
0 0.575 0.2765625 0.1875 0.371875
0 0.82578125 0.31875 0.1765625 0.384375
0 0.9296875 0.33671875 0.140625 0.3703125
0 0.44609375 0.26328125 0.1734375 0.3921875
0 0.07265625 0.20546875 0.1453125 0.3671875
0 0.31953125 0.24765625 0.1828125 0.3796875
1 0.9054687500000002 0.709375 0.1890625 0.40625
0 0.63515625 0.690625 0.1796875 0.384375
0 0.76015625 0.715625 0.1921875 0.396875
0 0.50859375 0.68046875 0.1921875 0.3859375
0 0.3875 0.659375 0.1875 0.384375
1 0.0484375 0.6 0.096875 0.44375
0 0.12890625 0.6265625 0.1765625 0.3875
1 0.25 0.65234375 0.21875 0.4515625
