1 0.26171875 0.6578125 0.3546875 0.478125
0 0.0375 0.5890625 0.075 0.353125
1 0.7484375 0.7546875 0.334375 0.440625
0 0.38671875 0.66640625 0.309375 0.409375
0 0.89296875 0.7734375 0.1890625 0.3703125
0 0.15859375 0.61328125 0.303125 0.415625
0 0.0984375 0.59140625 0.196875 0.3984375
0 0.50234375 0.6875 0.3046875 0.4234375
0 0.84453125 0.7625 0.278125 0.39375
0 0.6171875 0.70859375 0.3078125 0.4140625
1 0.1375 0.26171875 0.26875 0.421875
0 0.35859375 0.28125 0.30625 0.4171875
0 0.24453125 0.2515625 0.3234375 0.434375
0 0.47265625 0.30078125 0.3203125 0.425
0 0.5828125 0.32578125 0.3140625 0.4203125
0 0.94296875 0.41953125 0.1140625 0.3859375
1 0.8820312500000002 0.39765625 0.2359375 0.4765625
0 0.82109375 0.37265625 0.309375 0.4234375
1 0.70859375 0.34140625 0.36875 0.49375
