1 0.353125 0.67109375 0.2484375 0.4296875
0 0.0578125 0.7015625 0.115625 0.359375
1 0.8484375 0.59375 0.2359375 0.3953125
0 0.478125 0.63671875 0.2203125 0.36875
0 0.24296875 0.66328125 0.2140625 0.3796875
0 0.128125 0.67734375 0.2140625 0.3671875
0 0.5953125 0.61640625 0.2109375 0.3859375
0 0.92421875 0.56953125 0.1515625 0.3546875
0 0.709375 0.5984375 0.2171875 0.375
1 0.0921875 0.33671875 0.184375 0.3953125
0 0.31796875 0.28125 0.2171875 0.3796875
0 0.20078125 0.290625 0.2296875 0.39375
0 0.43203125 0.2609375 0.228125 0.38125
0 0.54609375 0.24609375 0.2234375 0.38125
1 0.89453125 0.22421875 0.2109375 0.3859375
0 0.7859375 0.21015625 0.2140625 0.38125
1 0.6679687500000001 0.225 0.259375 0.4375
