1 0.76484375 0.65703125 0.4703125 0.2984375
1 0.71015625 0.1296875 0.4328125 0.259375
0 0.734375 0.52265625 0.4046875 0.265625
0 0.75 0.7765625 0.4140625 0.2578125
0 0.75546875 0.8820312500000002 0.3921875 0.2203125
0 0.71875 0.39453125 0.421875 0.2578125
0 0.690625 0.0640625 0.390625 0.128125
0 0.70546875 0.2671875 0.4109375 0.2640625
1 0.38671875 0.90234375 0.4390625 0.1953125
0 0.34453125 0.67421875 0.415625 0.2609375
0 0.3484375 0.80234375 0.4296875 0.2765625
0 0.32578125 0.54921875 0.41875 0.2734375
0 0.31953125 0.4265625 0.4171875 0.26875
1 0.30078125 0.08984375 0.4546875 0.1796875
0 0.29296875 0.1671875 0.4171875 0.259375
1 0.2953125 0.290625 0.4890625 0.3140625
