0 0.73046875 0.24765625 0.1453125 0.1296875
1 0.5796875 0.45078125 0.15 0.1359375
0 0.59609375 0.23828125 0.1515625 0.1296875
0 0.58515625 0.3421875 0.1578125 0.1375
0 0.57265625 0.5546875 0.1546875 0.14375
0 0.5609375 0.66171875 0.15 0.1328125
0 0.61640625 0.04921875 0.1484375 0.0921875
0 0.6078125 0.1328125 0.153125 0.134375
0 0.74765625 0.06171875 0.1453125 0.0953125
0 0.7390625 0.14375 0.159375 0.140625
0 0.7257812500000002 0.35234375 0.1578125 0.1421875
0 0.69609375 0.67421875 0.1546875 0.1390625
0 0.55234375 0.76953125 0.1515625 0.1546875
0 0.32421875 0.0375 0.1484375 0.075
0 0.1921875 0.0296875 0.15 0.059375
0 0.18515625 0.0953125 0.1546875 0.146875
0 0.17578125 0.20078125 0.1546875 0.1390625
0 0.13203125 0.73125 0.1484375 0.134375
0 0.290625 0.42421875 0.140625 0.1234375
0 0.15390625 0.521875 0.1515625 0.146875
0 0.16015625 0.4125 0.1484375 0.13125
0 0.303125 0.3171875 0.15 0.1375
0 0.3140625 0.20859375 0.1625 0.1484375
0 0.71640625 0.4640625 0.1546875 0.134375
