1 0.01796875 0.21015625 0.0359375 0.0921875
1 0.0234375 0.275 0.046875 0.0875
1 0.03359375 0.39453125 0.0671875 0.0921875
1 0.04609375 0.4546875 0.0921875 0.09375
1 0.15625 0.4937500000000001 0.1 0.090625
1 0.12578125 0.375 0.1109375 0.0875
1 0.09140625 0.18515625 0.0984375 0.0953125
1 0.1046875 0.2546875 0.1 0.084375
1 0.11875 0.31875 0.1 0.08125
0 0.0609375 0.57890625 0.109375 0.1015625
0 0.04921875 0.515625 0.0984375 0.0875
0 0.140625 0.43359375 0.1125 0.0890625
0 0.0765625 0.6375 0.1 0.09375
0 0.0890625 0.70078125 0.1 0.0984375
0 0.1796875 0.61484375 0.1 0.0859375
0 0.19296875 0.67890625 0.1015625 0.0953125
0 0.3828125 0.63984375 0.1 0.0953125
0 0.36796875 0.575 0.0984375 0.0875
0 0.35546875 0.51484375 0.0984375 0.0859375
0 0.3421875 0.45625 0.10625 0.0875
0 0.46875 0.55546875 0.096875 0.0921875
0 0.48359375 0.6210937500000001 0.1015625 0.0953125
0 0.29453125 0.21796875 0.0953125 0.0859375
0 0.30390625 0.2734375 0.0984375 0.0875
0 0.315625 0.33515625 0.096875 0.0890625
1 0.28046875 0.1515625 0.0984375 0.0875
1 0.32890625 0.39765625 0.0984375 0.0859375
0 0.384375 0.128125 0.1 0.096875
1 0.4015625 0.1984375 0.103125 0.08125
1 0.409375 0.25 0.1 0.1
1 0.4234375 0.3109375 0.103125 0.090625
1 0.4375 0.3796875 0.1 0.08125
1 0.44765625 0.43359375 0.1015625 0.0890625
1 0.46015625 0.49609375 0.0984375 0.0859375
1 0.5734375 0.09296875 0.096875 0.0921875
1 0.58828125 0.159375 0.0953125 0.084375
1 0.60234375 0.21875 0.0890625 0.071875
1 0.6109375 0.27890625 0.090625 0.0796875
1 0.62578125 0.34296875 0.0921875 0.0828125
1 0.63515625 0.403125 0.0890625 0.071875
0 0.64921875 0.4609375 0.0890625 0.071875
1 0.659375 0.5203125 0.096875 0.09375
1 0.66953125 0.58359375 0.0984375 0.0859375
0 0.7703124999999998 0.55703125 0.1 0.0953125
0 0.75703125 0.49140625 0.1015625 0.0953125
1 0.7421875 0.434375 0.103125 0.0875
1 0.7328125 0.3765625 0.1 0.078125
1 0.721875 0.31875 0.1 0.090625
0 0.7062500000000002 0.25546875 0.103125 0.0890625
1 0.671875 0.075 0.096875 0.09375
1 0.68671875 0.1453125 0.0921875 0.075
1 0.69609375 0.19765625 0.0984375 0.0859375
1 0.16875 0.55625 0.1 0.084375
1 0.85546875 0.0125 0.0984375 0.025
1 0.8625000000000002 0.0421875 0.103125 0.084375
1 0.87109375 0.103125 0.0953125 0.084375
0 0.884375 0.16406249999999997 0.090625 0.071875
1 0.89765625 0.22265625 0.0921875 0.0734375
1 0.91015625 0.28359375 0.0921875 0.0796875
1 0.921875 0.34375 0.09375 0.084375
0 0.934375 0.4046875 0.090625 0.078125
0 0.9460937499999998 0.4546875 0.0921875 0.096875
0 0.9562500000000002 0.51640625 0.0875 0.0953125
0 0.98203125 0.7585937499999998 0.0359375 0.0921875
0 0.98828125 0.8156250000000002 0.0234375 0.0875
0 0.13984375 0.9421875 0.0953125 0.096875
0 0.15234375 0.9812499999999998 0.0953125 0.0375
0 0.2453125 0.921875 0.1 0.09375
0 0.2578125 0.9695312499999998 0.1 0.0609375
0 0.434375 0.87890625 0.096875 0.0953125
0 0.4484375 0.94140625 0.09375 0.0796875
1 0.4609375 0.978125 0.09375 0.04375
0 0.5359375 0.85859375 0.096875 0.0921875
0 0.546875 0.91875 0.096875 0.0875
0 0.5578125 0.9695312499999998 0.09375 0.0609375
0 0.72265625 0.81953125 0.0953125 0.0984375
0 0.73671875 0.88046875 0.0953125 0.0859375
0 0.74609375 0.93125 0.0921875 0.071875
0 0.8203125 0.8 0.096875 0.09375
0 0.8359375 0.86171875 0.096875 0.0796875
0 0.846875 0.91015625 0.09375 0.0703125
