1 0.7859374999999998 0.7 0.115625 0.234375
0 0.6953125 0.7046875 0.11875 0.24375
1 0.6015625 0.70703125 0.10625 0.2484375
0 0.41015625 0.703125 0.1015625 0.21875
0 0.3125 0.7046875 0.109375 0.240625
1 0.2171875 0.7046875 0.121875 0.2375
0 0.88359375 0.484375 0.1046875 0.21875
1 0.7898437499999998 0.484375 0.1078125 0.215625
1 0.69140625 0.4828124999999999 0.1078125 0.2375
1 0.5046875 0.4890625 0.10625 0.228125
1 0.215625 0.48671875 0.10625 0.2203125
1 0.3125 0.48046875 0.103125 0.2171875
1 0.21328125 0.11328125 0.1140625 0.2265625
1 0.40625 0.48828125 0.10625 0.2328125
0 0.31171875 0.11875 0.1078125 0.225
0 0.11640625 0.11484375 0.1296875 0.2296875
0 0.4078125 0.11796875 0.115625 0.2359375
1 0.503125 0.11953125 0.10625 0.2328125
1 0.6 0.11875 0.10625 0.234375
0 0.69296875 0.11875 0.1046875 0.2375
1 0.7890625 0.11796875 0.1125 0.2296875
1 0.8875 0.11484375 0.109375 0.2265625
