1 0.49140625 0.4437499999999999 0.1015625 0.0734375
1 0.4609375 0.7734375 0.1 0.0765625
1 0.47578125 0.64296875 0.1015625 0.0765625
1 0.51171875 0.1078125 0.1109375 0.08125
1 0.5125 0.18046875 0.109375 0.090625
1 0.48671875 0.5125 0.103125 0.0796875
1 0.45546875 0.8390625000000002 0.0984375 0.071875
1 0.47109375 0.7101562500000002 0.10625 0.0796875
1 0.5578125 0.8484375 0.1015625 0.0734375
0 0.48046875 0.57734375 0.1046875 0.0734375
1 0.821875 0.2703125 0.1109375 0.078125
0 0.57265625 0.71640625 0.109375 0.075
1 0.5640625 0.7828125 0.1125 0.08125
1 0.8390625 0.13203125 0.1 0.0796875
1 0.82109375 0.334375 0.0984375 0.0734375
1 0.58828125 0.45390625 0.1015625 0.0671875
1 0.5796875 0.5171875 0.0984375 0.0703125
1 0.5828125 0.58359375 0.1109375 0.0828125
1 0.92265625 0.27578125 0.103125 0.0796875
1 0.1546875 0.14921875 0.1 0.078125
1 0.6046875 0.25234375 0.103125 0.0765625
0 0.828125 0.2015625 0.109375 0.078125
0 0.29375 0.1609375 0.109375 0.078125
1 0.11796875 0.68046875 0.1078125 0.08125
0 0.61484375 0.1859375 0.109375 0.08125
0 0.8125 0.40078125 0.109375 0.075
1 0.78828125 0.7328125 0.10625 0.0765625
1 0.7921875 0.665625 0.10625 0.0765625
0 0.9109375 0.471875 0.1125 0.08125
1 0.80859375 0.4671875 0.1 0.0796875
1 0.91875 0.33906249999999993 0.10625 0.0796875
1 0.9148437499999998 0.41015625 0.1078125 0.08125
1 0.93828125 0.134375 0.1109375 0.06875
1 0.6 0.390625 0.1125 0.08125
1 0.14296875 0.35234375 0.1015625 0.08125
1 0.578125 0.65 0.1125 0.078125
1 0.1265625 0.54765625 0.1 0.0828125
1 0.11953125 0.61015625 0.109375 0.0796875
1 0.80078125 0.59921875 0.1 0.0734375
1 0.88671875 0.7375000000000002 0.10625 0.0796875
1 0.92890625 0.2078125 0.1078125 0.0734375
1 0.9070312499999998 0.5453125 0.115625 0.0859375
1 0.80703125 0.53359375 0.0953125 0.0734375
1 0.8859375000000002 0.8093749999999998 0.1109375 0.0921875
1 0.13203125 0.4140625 0.0984375 0.071875
1 0.13515625 0.48359375 0.10625 0.08125
1 0.2859375 0.22734375000000004 0.10625 0.0765625
1 0.77734375 0.8046875 0.11875 0.0859375
1 0.259375 0.559375 0.1125 0.08125
0 0.49765625 0.378125 0.1046875 0.0765625
0 0.2734375 0.4312500000000001 0.1 0.0671875
0 0.265625 0.4953125 0.10625 0.0828125
1 0.26796875 0.3625 0.1265625 0.0890625
1 0.61953125 0.125 0.1125 0.08125
0 0.51015625 0.24453125 0.1015625 0.0734375
1 0.30234375 0.09453125 0.109375 0.078125
1 0.89765625 0.60859375 0.1078125 0.0640625
1 0.8898437500000002 0.67109375 0.103125 0.0765625
1 0.25234375 0.628125 0.115625 0.078125
1 0.8859375 0.8796875 0.128125 0.0890625
1 0.2453125 0.69453125 0.1125 0.078125
1 0.16484375 0.084375 0.0953125 0.0703125
1 0.23828125 0.76953125 0.115625 0.084375
0 0.1453125 0.28125 0.103125 0.0796875
0 0.15 0.21328125 0.1 0.075
0 0.28046875 0.2953125 0.1125 0.08125
1 0.234375 0.83359375 0.1078125 0.071875
1 0.7742187499999998 0.86796875 0.1 0.0625
0 0.1046875 0.7414062500000002 0.09375 0.0796875
