1 0.44296875 0.50078125 0.0703125 0.0984375
1 0.178125 0.5 0.078125 0.103125
1 0.50859375 0.50078125 0.0765625 0.0984375
1 0.70703125 0.503125 0.0703125 0.096875
1 0.76953125 0.50625 0.065625 0.0953125
1 0.3125 0.18203125 0.0703125 0.0953125
1 0.37734375 0.3984375 0.078125 0.10625
1 0.171875 0.85234375 0.0734375 0.0953125
1 0.640625 0.503125 0.0734375 0.096875
1 0.70625 0.18671875 0.0734375 0.1015625
1 0.83515625 0.50625 0.0671875 0.0953125
0 0.70546875 0.40234375 0.0671875 0.1078125
1 0.3765625 0.1859375 0.0703125 0.1015625
0 0.57421875 0.503125 0.0703125 0.1015625
1 0.2453125 0.08359375 0.0734375 0.1046875
1 0.575 0.40234375 0.0640625 0.1078125
1 0.63984375 0.4015625 0.0734375 0.10625
1 0.70234375 0.8546875 0.0734375 0.1015625
1 0.43828125 0.40234375 0.059375 0.1046875
1 0.50859375 0.39921875 0.0765625 0.109375
0 0.4421875 0.0859375 0.0734375 0.1046875
1 0.7828125 0.1875 0.0859375 0.1140625
1 0.24609375 0.4015625 0.0703125 0.0984375
1 0.24609375 0.18671875 0.0703125 0.1078125
1 0.5734375 0.1859375 0.0671875 0.1
1 0.37109375 0.84921875 0.0703125 0.0984375
1 0.6390625 0.08828125 0.0671875 0.1078125
1 0.70390625 0.0859375 0.0734375 0.1046875
1 0.6390625 0.18828125 0.0671875 0.1015625
1 0.7765625 0.08203125 0.0859375 0.1109375
1 0.11796875 0.3953125 0.0671875 0.1078125
1 0.31171875 0.084375 0.08125 0.10625
1 0.3796875 0.08515625 0.075 0.1015625
0 0.17578125 0.715625 0.0671875 0.096875
1 0.77109375 0.40625 0.0671875 0.10625
1 0.17734375 0.20234375 0.0671875 0.1328125
1 0.5742187500000001 0.08515625 0.0640625 0.103125
1 0.4453125 0.18359375 0.0734375 0.0953125
1 0.2421875 0.71640625 0.0703125 0.0953125
1 0.5703125 0.859375 0.078125 0.0984375
1 0.63359375 0.85703125 0.0703125 0.1046875
1 0.51015625 0.08359375 0.078125 0.1078125
1 0.10859375 0.8484375 0.0640625 0.0953125
1 0.50859375 0.184375 0.0671875 0.0953125
1 0.7078125 0.7265625 0.0734375 0.1078125
1 0.1078125 0.1828125 0.0703125 0.0953125
0 0.17890625 0.39921875 0.0703125 0.103125
1 0.1078125 0.0828125 0.075 0.10625
1 0.178125 0.08203125 0.0671875 0.10625
1 0.83984375 0.40859375 0.0734375 0.1015625
0 0.37734375 0.5 0.0703125 0.1015625
1 0.3765625 0.7265625 0.0703125 0.1140625
1 0.50703125 0.8484375 0.0703125 0.1015625
1 0.1078125 0.71328125 0.0640625 0.103125
1 0.778125 0.72890625 0.0734375 0.1140625
1 0.43984375 0.8515625 0.0703125 0.1
0 0.43984375 0.71875 0.0609375 0.1015625
1 0.50859375 0.7203125 0.075 0.1046875
1 0.56875 0.721875 0.0671875 0.0984375
1 0.6390625 0.7234375 0.0703125 0.10625
1 0.11171875 0.49921875 0.0703125 0.1078125
0 0.24453125 0.4976562500000001 0.0671875 0.0984375
0 0.23828125 0.853125 0.0671875 0.09375
0 0.30234375 0.85390625 0.0671875 0.1
0 0.31171875 0.72109375 0.0734375 0.1046875
0 0.7625 0.86015625 0.0671875 0.0984375
1 0.85078125 0.72734375 0.0765625 0.10625
1 0.8429687500000002 0.084375 0.0796875 0.1078125
1 0.8421875 0.1875 0.053125 0.103125
