1 0.88671875 0.51640625 0.078125 0.1046875
1 0.81875 0.5171875 0.084375 0.10625
1 0.55703125 0.50234375 0.075 0.103125
1 0.23125 0.47890625 0.0703125 0.0984375
1 0.29375 0.48671875 0.075 0.1
1 0.6703125 0.82734375 0.071875 0.0984375
1 0.31640625000000006 0.134375 0.075 0.1046875
1 0.36015625 0.4890625 0.078125 0.1015625
1 0.84375 0.16484375 0.075 0.096875
1 0.615625 0.6078125 0.0859375 0.1109375
1 0.27734375 0.80078125 0.08125 0.1109375
1 0.16640625 0.475 0.075 0.1
1 0.60703125 0.8203125 0.075 0.1015625
1 0.87734375 0.621875 0.0734375 0.1109375
1 0.646875 0.15546875 0.075 0.1046875
0 0.29140625 0.58671875 0.0734375 0.1109375
1 0.20078125 0.7953125 0.09375 0.11875
1 0.49375 0.49453125 0.06875 0.1078125
0 0.428125 0.49375 0.071875 0.1046875
1 0.4234375 0.59140625 0.06875 0.1078125
1 0.35468749999999993 0.590625 0.0796875 0.1109375
1 0.7484375 0.6109375 0.075 0.1015625
1 0.55234375 0.60390625 0.0671875 0.1109375
1 0.4875 0.6 0.0859375 0.1125
1 0.7375000000000002 0.82421875 0.0796875 0.109375
1 0.3851562499999999 0.13671875 0.0734375 0.1078125
1 0.6671875 0.92421875 0.071875 0.1046875
1 0.596875 0.92109375 0.0828125 0.1046875
1 0.446875 0.14140625 0.078125 0.1078125
1 0.2703125 0.90078125 0.0765625 0.1125
1 0.2 0.90234375 0.0921875 0.1171875
0 0.8328125 0.3015625 0.071875 0.1
1 0.4015625 0.91015625 0.071875 0.1078125
1 0.22421874999999997 0.5796875 0.0765625 0.109375
1 0.34453125 0.803125 0.0734375 0.1078125
1 0.73125 0.92734375 0.078125 0.1046875
1 0.30625 0.26328125 0.0765625 0.1109375
0 0.81484375 0.61796875 0.075 0.1046875
0 0.534375 0.91640625 0.075 0.1078125
1 0.46796875 0.9140625 0.084375 0.1109375
1 0.4765625 0.81015625 0.078125 0.1015625
1 0.41015625 0.80859375 0.071875 0.1046875
1 0.76875 0.2953125 0.075 0.0984375
1 0.9109374999999998 0.1703125 0.06875 0.0984375
1 0.53671875 0.8171875 0.078125 0.096875
1 0.875 0.83984375 0.075 0.09375
1 0.50234375 0.28125 0.078125 0.1046875
1 0.15546875 0.571875 0.078125 0.10625
1 0.86953125 0.93671875 0.08125 0.109375
1 0.33984375 0.90234375 0.075 0.103125
1 0.2328125 0.25625 0.0765625 0.1171875
0 0.70625 0.29296875 0.0609375 0.10625
1 0.63515625 0.27890625 0.0765625 0.1203125
1 0.5796875 0.15234375 0.075 0.1015625
1 0.79921875 0.93671875 0.0734375 0.1140625
1 0.5125 0.15078125 0.075 0.1078125
1 0.440625 0.2765625 0.078125 0.1015625
1 0.3726562500000001 0.26953125 0.075 0.1015625
0 0.62265625 0.50625 0.075 0.1046875
1 0.90078125 0.30703125 0.075 0.1046875
0 0.8046875 0.81015625 0.078125 0.146875
0 0.715625 0.15703125 0.071875 0.1015625
0 0.7546875 0.515625 0.071875 0.103125
0 0.56875 0.284375 0.075 0.1046875
0 0.7796875 0.16015625 0.071875 0.0984375
0 0.25625 0.1234375 0.071875 0.1015625
1 0.14140625 0.78984375 0.071875 0.0984375
1 0.13125 0.89296875 0.0796875 0.1140625
1 0.16484375 0.253125 0.0703125 0.109375
