1 0.49296875 0.559375 0.1125 0.0953125
1 0.41484375 0.8109375 0.11875 0.1015625
1 0.5953125 0.24609375 0.1078125 0.090625
1 0.5140625 0.4937500000000001 0.115625 0.0984375
1 0.55546875 0.37109375 0.1015625 0.08125
1 0.571875 0.30703125 0.1140625 0.0953125
0 0.5328125 0.4328125 0.115625 0.096875
1 0.14765625 0.59296875 0.109375 0.090625
1 0.1328125 0.65390625 0.1203125 0.1
1 0.26796875 0.21562500000000004 0.1171875 0.1
1 0.615625 0.18203125 0.1125 0.0953125
1 0.0875 0.784375 0.1109375 0.096875
0 0.4734375 0.2765625 0.121875 0.0984375
1 0.0546875 0.56015625 0.109375 0.0953125
1 0.075 0.496875 0.1203125 0.103125
1 0.04765625 0.6234375 0.0953125 0.096875
0 0.621875 0.87734375 0.115625 0.09375
1 0.75234375 0.9203125 0.1078125 0.09375
1 0.37578125 0.5898437499999999 0.121875 0.1
1 0.4117187500000001 0.46328125 0.1296875 0.0953125
1 0.434375 0.4039062500000001 0.1234375 0.0984375
1 0.909375 0.4124999999999999 0.115625 0.096875
1 0.39453125 0.87421875 0.1140625 0.0921875
1 0.8093749999999998 0.7296875000000002 0.115625 0.0953125
0 0.09375 0.4359375 0.1234375 0.1015625
0 0.315625 0.78125 0.115625 0.096875
1 0.875 0.54296875 0.10625 0.0921875
1 0.890625 0.478125 0.1140625 0.0921875
1 0.0375 0.6875 0.075 0.09375
1 0.20703125 0.4015625 0.10625 0.0875
0 0.11484375 0.71796875 0.1171875 0.0921875
1 0.5171875 0.15 0.1171875 0.1
1 0.25078125 0.27890625 0.1171875 0.0921875
1 0.33984375 0.71640625 0.109375 0.090625
1 0.496875 0.2140625 0.121875 0.0984375
1 0.453125 0.3375 0.121875 0.0984375
1 0.02578125 0.7546875 0.0515625 0.09375
0 0.47109375 0.6210937500000001 0.1140625 0.0953125
1 0.60078125 0.940625 0.115625 0.096875
1 0.7875 0.36875 0.1234375 0.103125
1 0.8484374999999998 0.59921875 0.115625 0.096875
1 0.83203125 0.66640625 0.115625 0.09375
1 0.1140625 0.371875 0.1234375 0.103125
1 0.13203125 0.3109375 0.11875 0.096875
1 0.1734375 0.18671875 0.11875 0.1
1 0.64375 0.8156250000000002 0.115625 0.0953125
1 0.3125 0.0765625 0.1109375 0.096875
1 0.228125 0.33828125 0.1109375 0.0921875
1 0.30078125 0.83984375 0.1203125 0.0921875
1 0.7421875 0.49921875 0.121875 0.1
1 0.18984375 0.4625 0.1109375 0.096875
1 0.190625 0.11484375 0.128125 0.1109375
1 0.728125 0.9703125 0.1 0.059375
1 0.7640625 0.4359375 0.1234375 0.103125
0 0.721875 0.5609375 0.115625 0.1015625
0 0.7921875000000002 0.79609375 0.11875 0.096875
1 0.15625 0.24921875 0.1125 0.0921875
1 0.8109375 0.30234375 0.1265625 0.1
0 0.43046875 0.74609375 0.1109375 0.0921875
1 0.365625 0.65625 0.1296875 0.103125
1 0.3960937500000001 0.52734375 0.121875 0.0984375
0 0.7734375 0.8601562499999998 0.1109375 0.0921875
0 0.17421875 0.5296875 0.1234375 0.0984375
0 0.66484375 0.75 0.103125 0.084375
1 0.68515625 0.6859375 0.11875 0.096875
0 0.7015625 0.6234375 0.115625 0.096875
1 0.29453125 0.14296875 0.128125 0.1046875
0 0.93515625 0.35390625 0.1046875 0.0953125
1 0.21171875 0.05156249999999999 0.11875 0.0921875
1 0.828125 0.2375 0.1140625 0.090625
