1 0.82265625 0.49609375 0.078125 0.1015625
1 0.3578124999999999 0.4921875 0.0734375 0.1046875
1 0.29765625 0.490625 0.0703125 0.0984375
1 0.49296875 0.4921875 0.0703125 0.1015625
1 0.56015625 0.4921875 0.0734375 0.0984375
1 0.8234375 0.8015625 0.0703125 0.1171875
1 0.23046875 0.4859375 0.0671875 0.09375
1 0.6875 0.81015625 0.0703125 0.1
1 0.16328125 0.4859375 0.0703125 0.096875
1 0.828125 0.140625 0.0703125 0.0921875
1 0.62734375 0.809375 0.0734375 0.0984375
1 0.55625 0.8125 0.0703125 0.0921875
1 0.6203125 0.59609375 0.0734375 0.1078125
1 0.6203125 0.9109375 0.078125 0.10625
1 0.62734375 0.14375 0.0734375 0.1015625
0 0.5609375 0.91015625 0.0703125 0.10625
1 0.29765625 0.140625 0.0703125 0.1015625
1 0.36015625 0.5937499999999999 0.0734375 0.1078125
1 0.36484375 0.13828125 0.0703125 0.0984375
1 0.7546875 0.80703125 0.0734375 0.1109375
1 0.5578125 0.5953125 0.0671875 0.1046875
1 0.4937500000000001 0.596875 0.075 0.109375
1 0.42890625 0.1421875 0.0734375 0.1015625
0 0.428125 0.490625 0.0703125 0.1015625
1 0.7546875 0.9140625 0.05625 0.1125
1 0.6921875 0.91484375 0.0796875 0.1109375
1 0.75390625 0.59296875 0.0703125 0.096875
0 0.29609375 0.5921875 0.0671875 0.1078125
1 0.16171875 0.58828125 0.0703125 0.103125
1 0.29375 0.2703125 0.0703125 0.103125
1 0.3625 0.80390625 0.065625 0.1046875
1 0.56015625 0.1421875 0.0703125 0.0984375
1 0.221875 0.9125 0.0828125 0.109375
0 0.825 0.27734375 0.0671875 0.103125
1 0.29375 0.80546875 0.0703125 0.1046875
1 0.89375 0.81328125 0.0703125 0.0953125
1 0.4953125 0.9093750000000002 0.0578125 0.1109375
1 0.428125 0.90859375 0.0703125 0.1046875
1 0.22890625 0.590625 0.0703125 0.1078125
0 0.82265625 0.596875 0.0734375 0.10625
1 0.88359375 0.5953125 0.0703125 0.1046875
1 0.49296875 0.14609375 0.0703125 0.1078125
1 0.62578125 0.26875 0.075 0.1171875
1 0.42890625 0.80859375 0.0671875 0.1046875
1 0.8953125 0.2796875 0.0734375 0.1078125
1 0.21875 0.80078125 0.0796875 0.1171875
1 0.89296875 0.1421875 0.0609375 0.0921875
1 0.49296875 0.27265625 0.0734375 0.0984375
1 0.4312500000000001 0.27265625 0.0671875 0.0984375
1 0.8984375 0.91171875 0.0609375 0.1
1 0.3625 0.90546875 0.0671875 0.1
1 0.36328125 0.271875 0.075 0.1015625
1 0.21875 0.2671875 0.075 0.1125
1 0.821875 0.9109374999999998 0.0671875 0.1078125
1 0.29375 0.90859375 0.075 0.10625
1 0.7578125 0.275 0.0703125 0.1015625
1 0.4273437500000001 0.59296875 0.0671875 0.1140625
1 0.88828125 0.496875 0.0703125 0.10625
1 0.49140625 0.81171875 0.0640625 0.0921875
0 0.75546875 0.496875 0.0671875 0.1015625
0 0.62421875 0.49453125 0.0703125 0.1015625
0 0.5578125 0.275 0.0703125 0.1015625
0 0.69765625 0.14140625 0.0671875 0.1015625
0 0.76171875 0.1390625 0.0671875 0.0953125
0 0.690625 0.2734375 0.0734375 0.1046875
1 0.14609375 0.27109375 0.059375 0.0984375
1 0.15625 0.80625 0.0578125 0.09375
1 0.15390625 0.9125 0.0890625 0.1140625
0 0.23203125 0.13359375 0.0640625 0.0953125
