1 0.4890625 0.4429687500000001 0.096875 0.0671875
1 0.490625 0.17890625 0.1015625 0.0765625
1 0.48828125 0.509375 0.1015625 0.0765625
1 0.4875 0.64453125 0.096875 0.0703125
1 0.48046875 0.77421875 0.0953125 0.0703125
1 0.809375 0.3109375 0.0953125 0.065625
0 0.48828125 0.57734375 0.1015625 0.0703125
1 0.48671875 0.70859375 0.1015625 0.0703125
1 0.134375 0.17421875 0.0953125 0.071875
1 0.81171875 0.1078125 0.096875 0.075
0 0.2734375 0.178125 0.1015625 0.0671875
1 0.48046875 0.840625 0.0953125 0.065625
1 0.80625 0.2484375 0.1046875 0.0703125
1 0.58359375 0.51328125 0.0953125 0.0765625
1 0.5890625 0.57421875 0.10625 0.075
1 0.90703125 0.246875 0.1015625 0.0703125
0 0.58828125 0.70859375 0.1046875 0.0703125
1 0.58359375 0.77578125 0.10625 0.0703125
1 0.91171875 0.30703125 0.1078125 0.075
1 0.90859375 0.37890625 0.1046875 0.0765625
1 0.4921875 0.11328125 0.1015625 0.0703125
0 0.9078125 0.4437499999999999 0.1109375 0.0734375
1 0.5890625 0.24765625 0.0953125 0.0703125
0 0.80625 0.1796875 0.1046875 0.0671875
1 0.13359375 0.70703125 0.1015625 0.0734375
1 0.8046875 0.70625 0.0984375 0.0703125
1 0.90703125 0.18125 0.1046875 0.0703125
1 0.909375 0.1078125 0.1015625 0.0671875
1 0.58515625 0.8421875 0.1 0.0703125
1 0.803125 0.64375 0.103125 0.0703125
1 0.5921875 0.38046875 0.10625 0.0703125
1 0.1265625 0.57265625 0.0921875 0.084375
1 0.1296875 0.6367187499999999 0.10625 0.06875
1 0.59296875 0.44296875 0.1125 0.0703125
1 0.13359375 0.440625 0.103125 0.0671875
1 0.803125 0.85 0.09375 0.0671875
1 0.1375 0.37421875 0.0984375 0.06875
0 0.5953125 0.17890625 0.10625 0.0703125
1 0.5890625 0.64296875 0.10625 0.0671875
1 0.1375 0.50703125 0.0984375 0.0734375
1 0.80625 0.5125 0.0921875 0.0625
1 0.80625 0.575 0.0984375 0.0625
0 0.490625 0.37734375 0.0984375 0.0671875
1 0.80859375 0.4453125 0.0921875 0.0703125
1 0.2703125 0.24296875 0.1015625 0.0703125
1 0.79921875 0.7828125 0.1140625 0.078125
1 0.90625 0.515625 0.1171875 0.0640625
1 0.9054687500000002 0.575 0.103125 0.071875
1 0.13828125 0.109375 0.090625 0.0625
1 0.90390625 0.7078125 0.1015625 0.0734375
1 0.2625 0.709375 0.109375 0.0734375
1 0.27421875 0.10625 0.1015625 0.0609375
1 0.590625 0.11796874999999998 0.1078125 0.065625
0 0.80546875 0.3765625000000001 0.1046875 0.0671875
1 0.2640625 0.6421875 0.1078125 0.0703125
1 0.26796875 0.5734375 0.1046875 0.0734375
0 0.2671875 0.44296875 0.1 0.0640625
0 0.26953125 0.509375 0.0984375 0.078125
1 0.90859375 0.778125 0.1078125 0.0796875
1 0.25859375 0.784375 0.1140625 0.075
0 0.49296875 0.24453125 0.096875 0.0671875
1 0.90234375 0.640625 0.0984375 0.06875
0 0.13125 0.303125 0.0984375 0.071875
1 0.2671875 0.378125 0.1078125 0.0734375
1 0.90859375 0.84921875 0.1171875 0.078125
0 0.13203125 0.23828125 0.096875 0.06875
0 0.26484375 0.3109375 0.1109375 0.0734375
1 0.2625 0.85390625 0.1109375 0.0671875
0 0.12578125 0.76640625 0.096875 0.0703125
