1 0.44453125 0.5140625 0.0875 0.1078125
1 0.18359375 0.5640625 0.0921875 0.1125
1 0.63828125 0.48359375 0.0765625 0.109375
1 0.69921875 0.465625 0.0875 0.10625
1 0.76640625 0.4578125 0.08125 0.103125
1 0.25546875 0.2234375 0.084375 0.1046875
1 0.4390625 0.87109375 0.0890625 0.1109375
1 0.3625 0.4265625 0.0953125 0.11875
1 0.7015625 0.82734375 0.0859375 0.10625
1 0.765625 0.8125 0.0890625 0.1140625
1 0.2453125 0.9109375 0.0828125 0.1015625
0 0.68203125 0.3671875 0.0828125 0.1140625
1 0.83046875 0.446875 0.084375 0.1078125
1 0.51015625 0.503125 0.0828125 0.1078125
0 0.57109375 0.490625 0.084375 0.1109375
1 0.55546875 0.39140625 0.0796875 0.109375
1 0.61953125 0.3796875 0.0890625 0.1171875
1 0.10390625 0.4734375 0.0859375 0.1140625
1 0.4234375 0.41171875 0.0765625 0.1171875
1 0.48671875 0.4015625 0.0953125 0.1203125
1 0.31796875 0.2203125 0.0859375 0.1203125
1 0.19140625 0.24375 0.0859375 0.1171875
1 0.56875 0.8523437499999998 0.0765625 0.1078125
1 0.6359375 0.8359375 0.09375 0.115625
1 0.6093749999999999 0.7078125 0.084375 0.1109375
0 0.221875 0.77578125 0.084375 0.109375
1 0.621875 0.05625 0.078125 0.1125
1 0.69140625 0.05 0.1046875 0.1
1 0.64375 0.1578125 0.0890625 0.1171875
0 0.165625 0.4632812499999999 0.0859375 0.1125
1 0.17109375 0.14140625 0.090625 0.1140625
1 0.2375 0.12578125 0.0828125 0.115625
1 0.303125 0.11484375 0.09375 0.115625
1 0.7484375 0.35859375 0.0859375 0.1140625
1 0.18203125 0.921875 0.0765625 0.1
1 0.38671875 0.2015625 0.0890625 0.1046875
0 0.36328125 0.10546875 0.0859375 0.1171875
1 0.74609375 0.6859375 0.0890625 0.1171875
1 0.7171875 0.1453125 0.103125 0.128125
1 0.4484375 0.19140625 0.08125 0.103125
1 0.2875 0.7640625 0.084375 0.1046875
1 0.421875 0.7468749999999998 0.0875 0.1234375
1 0.57578125 0.1703125 0.08125 0.1109375
1 0.5125 0.18046875 0.0796875 0.1078125
1 0.8171875 0.67421875 0.0875 0.1234375
1 0.50703125 0.8578125 0.0921875 0.1171875
0 0.48359375 0.7257812500000002 0.0875 0.1109375
1 0.43125 0.0921875 0.09375 0.1171875
1 0.05234375 0.2625 0.0859375 0.0984375
1 0.23203125 0.453125 0.08125 0.1078125
1 0.81484375 0.346875 0.084375 0.1109375
1 0.040625 0.165625 0.08125 0.11875
1 0.5585937499999999 0.0734375 0.084375 0.10625
1 0.15625 0.7875 0.0859375 0.115625
1 0.678125 0.69609375 0.0859375 0.1140625
0 0.1265625 0.25625 0.0890625 0.1171875
1 0.11640625 0.57578125 0.0828125 0.1125
1 0.1046875 0.15078125 0.084375 0.11875
0 0.3546875 0.753125 0.090625 0.1125
1 0.54765625 0.7109375 0.090625 0.1265625
0 0.378125 0.5265625 0.084375 0.1109375
0 0.371875 0.88671875 0.08125 0.1046875
0 0.3109375 0.8984375 0.08125 0.1015625
1 0.4984374999999999 0.08125 0.0734375 0.109375
0 0.24921875 0.54921875 0.084375 0.109375
0 0.8289062499999998 0.8078125 0.084375 0.1015625
1 0.76015625 0.046875 0.0921875 0.09375
1 0.77265625 0.13125 0.078125 0.1
1 0.87890625 0.65625 0.075 0.1125
