1 0.44375 0.503125 0.0796875 0.10625
1 0.64140625 0.5328125 0.0828125 0.1046875
1 0.109375 0.45390625 0.08125 0.115625
1 0.18359375 0.46640625 0.09375 0.1171875
1 0.771875 0.55546875 0.0796875 0.103125
1 0.12734375 0.81875 0.0828125 0.103125
1 0.51171875 0.5140625 0.0890625 0.1109375
1 0.709375 0.54375 0.0859375 0.109375
1 0.3578125 0.16484375 0.0828125 0.10625
1 0.834375 0.565625 0.0796875 0.103125
1 0.8546875 0.4640625 0.078125 0.10625
0 0.57734375 0.52421875 0.0796875 0.109375
0 0.225 0.15234375 0.084375 0.1140625
0 0.4242187499999999 0.18203125 0.08125 0.115625
1 0.78984375 0.4546875000000001 0.0875 0.1140625
1 0.4609375 0.4046874999999999 0.0796875 0.1125
1 0.5203125 0.4125 0.0734375 0.115625
1 0.5890625 0.42265625 0.0890625 0.115625
1 0.1578125 0.13671875 0.0859375 0.103125
0 0.7203125 0.44140625 0.0796875 0.115625
1 0.30625 0.0609375 0.0859375 0.109375
0 0.14921875 0.68203125 0.08125 0.1109375
1 0.3796875 0.06875 0.0765625 0.1109375
1 0.43671875 0.0796875 0.0828125 0.1078125
0 0.50078125 0.08828125 0.0875 0.115625
1 0.21328125 0.6921875 0.0828125 0.109375
1 0.7546875 0.228125 0.0828125 0.109375
1 0.1703125 0.04765625 0.08125 0.0953125
1 0.29375 0.1609375 0.084375 0.1140625
1 0.76640625 0.1328125 0.0640625 0.1046875
1 0.8375 0.13359375 0.096875 0.1203125
1 0.2609375 0.3765625000000001 0.0796875 0.10625
1 0.6859375 0.21796875 0.0828125 0.109375
1 0.32890625 0.84609375 0.0859375 0.1046875
1 0.49296875 0.18984375 0.0859375 0.10625
1 0.4 0.39296875 0.0890625 0.115625
1 0.0625 0.8046875 0.0734375 0.0953125
1 0.58515625 0.8875 0.08125 0.1125
1 0.08046875 0.66875 0.084375 0.1125
0 0.19609375 0.36328125 0.0875 0.1125
1 0.23906250000000004 0.053125 0.084375 0.10625
1 0.65546875 0.8937500000000002 0.0875 0.1109375
1 0.82265625 0.2421875 0.090625 0.1125
1 0.88828125 0.25078125 0.0828125 0.10625
1 0.57578125 0.096875 0.0921875 0.11875
1 0.65703125 0.4312500000000001 0.084375 0.1140625
1 0.3484375 0.72265625 0.090625 0.128125
1 0.55625 0.19765625 0.0734375 0.1078125
1 0.62109375 0.2078125 0.0828125 0.109375
1 0.4609375 0.86875 0.078125 0.1
1 0.521875 0.87578125 0.0875 0.1140625
0 0.3796875 0.4937500000000001 0.0828125 0.10625
1 0.60859375 0.753125 0.0859375 0.109375
0 0.25625 0.8375 0.0828125 0.10625
1 0.5429687499999999 0.7421875 0.084375 0.1125
0 0.41171875 0.721875 0.078125 0.10625
0 0.4796875 0.7328125 0.0890625 0.109375
1 0.13671875 0.35390625 0.084375 0.115625
0 0.24765625 0.471875 0.0796875 0.1046875
1 0.7 0.121875 0.0828125 0.1078125
0 0.190625 0.828125 0.078125 0.1015625
1 0.3921875 0.85625 0.08125 0.1125
1 0.6367187500000001 0.1109375 0.071875 0.1140625
1 0.67578125 0.7671875 0.0875 0.1171875
0 0.28125 0.703125 0.0875 0.1125
0 0.71796875 0.91171875 0.075 0.096875
1 0.7484375 0.77265625 0.0796875 0.1015625
1 0.81875 0.78203125 0.0859375 0.11875
1 0.903125 0.14765625 0.0828125 0.1125
