1 0.48671875 0.55625 0.1140625 0.0984375
1 0.4000000000000001 0.80625 0.121875 0.10625
0 0.53203125 0.4328125 0.1171875 0.0984375
1 0.621875 0.1859375 0.115625 0.0984375
1 0.55390625 0.3671875 0.115625 0.0984375
1 0.7328125 0.92734375 0.1125 0.1
1 0.50859375 0.49375 0.1171875 0.1015625
1 0.90703125 0.42421875 0.1203125 0.1015625
1 0.14609375 0.5765625 0.1171875 0.096875
1 0.175 0.51796875 0.1328125 0.1046875
1 0.5781250000000001 0.31171875 0.1109375 0.0890625
1 0.6015625000000001 0.24765625 0.1109375 0.09375
1 0.053125 0.546875 0.10625 0.1
1 0.0765625 0.478125 0.1234375 0.1109375
1 0.36953125 0.5828125 0.125 0.1046875
0 0.47890625 0.2765625 0.11875 0.096875
1 0.125 0.63671875 0.1234375 0.1015625
0 0.10078125 0.703125 0.1171875 0.096875
1 0.07421875 0.76796875 0.1109375 0.0984375
1 0.88828125 0.490625 0.1140625 0.0953125
1 0.4585937500000001 0.3359375 0.121875 0.103125
1 0.32734375 0.709375 0.1140625 0.0984375
1 0.78828125 0.378125 0.1234375 0.103125
1 0.275 0.2046875 0.1125 0.096875
1 0.81328125 0.31171875 0.125 0.103125
1 0.8640625 0.5484375 0.121875 0.1
1 0.2828125 0.83125 0.1203125 0.096875
1 0.021875 0.73046875 0.04375 0.1078125
1 0.39140625 0.52421875 0.115625 0.09375
1 0.41328125 0.4609375 0.1234375 0.1015625
1 0.7960937500000002 0.73828125 0.11875 0.1015625
1 0.04375 0.60546875 0.0875 0.1015625
1 0.434375 0.40078125 0.1234375 0.1015625
1 0.7101562500000002 0.9703125 0.1109375 0.059375
1 0.23125 0.328125 0.1125 0.09375
0 0.09375 0.41953125 0.121875 0.1
1 0.7625 0.44375 0.1203125 0.1
1 0.8195312500000002 0.675 0.11875 0.1015625
1 0.5820312499999999 0.94296875 0.1234375 0.103125
0 0.60546875 0.878125 0.1171875 0.096875
1 0.83984375 0.6109375 0.11875 0.1015625
0 0.30078125 0.77109375 0.1265625 0.1015625
1 0.62890625 0.8171875 0.1171875 0.0984375
1 0.034375 0.665625 0.06875 0.103125
1 0.18828125 0.45078125 0.1109375 0.1
1 0.50390625 0.2109375 0.1234375 0.1015625
1 0.2546875 0.26875 0.115625 0.09375
1 0.1140625 0.35546875 0.128125 0.1078125
1 0.7375 0.509375 0.115625 0.0953125
1 0.20234375 0.1015625 0.1265625 0.109375
1 0.52890625 0.14921875 0.1171875 0.0984375
1 0.30703125 0.13359375 0.1328125 0.1125
1 0.20859375 0.3882812500000001 0.10625 0.090625
1 0.18203125 0.1703125 0.11875 0.1015625
1 0.1375 0.296875 0.1203125 0.0953125
0 0.41953125 0.7421875 0.115625 0.0953125
1 0.16328125 0.23671875000000003 0.1140625 0.0953125
0 0.65 0.74921875 0.1109375 0.0890625
1 0.6796875 0.6921875 0.1328125 0.1046875
1 0.3765625 0.8679687499999998 0.121875 0.1
0 0.4640625 0.6171875 0.115625 0.0984375
0 0.7765625 0.803125 0.1171875 0.0984375
0 0.69453125 0.628125 0.1171875 0.0984375
0 0.7171875 0.56484375 0.115625 0.1015625
0 0.75625 0.86484375 0.1109375 0.09375
1 0.221875 0.04765625 0.13125 0.0953125
1 0.32265625 0.078125 0.1078125 0.084375
1 0.82734375 0.2515625 0.125 0.0984375
0 0.9328125 0.3734375 0.1078125 0.0984375
