1 0.5265625 0.55234375 0.10625 0.0875
1 0.4578125 0.22734375 0.10625 0.0875
1 0.51171875 0.48359375 0.109375 0.0921875
1 0.4820312500000001 0.35625 0.10625 0.0875
1 0.584375 0.809375 0.1171875 0.096875
1 0.240625 0.75234375 0.109375 0.0875
1 0.46796875 0.2921875 0.1109375 0.0875
1 0.4437499999999999 0.16328125 0.1046875 0.084375
1 0.28515625 0.95234375 0.10625 0.090625
1 0.259375 0.8140625 0.1171875 0.0890625
0 0.27578125 0.88046875 0.1171875 0.0890625
1 0.1609375 0.8375 0.115625 0.0890625
0 0.496875 0.4203125 0.1109375 0.084375
1 0.41171875 0.51171875 0.1171875 0.0859375
1 0.3984375 0.44609375 0.11875 0.09375
0 0.23203124999999997 0.6882812499999998 0.115625 0.084375
1 0.47265625 0.7671875 0.109375 0.0875
0 0.36796875 0.31484375 0.1171875 0.0890625
1 0.81328125 0.21562500000000004 0.1125 0.0921875
1 0.9328125000000002 0.734375 0.103125 0.0859375
1 0.3578125 0.2484375 0.11875 0.0890625
0 0.115625 0.6484375 0.121875 0.0953125
0 0.79765625 0.76328125 0.1125 0.0875
1 0.34453125 0.18515625 0.115625 0.0890625
1 0.14765625 0.77109375 0.10625 0.0765625
1 0.13046875 0.7078125 0.11875 0.0953125
1 0.17421875 0.90390625 0.115625 0.0859375
1 0.18828125 0.96484375 0.1171875 0.0703125
1 0.43984375 0.63359375 0.115625 0.0765625
1 0.4234375 0.5765625 0.128125 0.09375
1 0.16015625 0.365625 0.1125 0.090625
1 0.78515625 0.69765625 0.1125 0.090625
1 0.1859375 0.4953125 0.10625 0.0875
1 0.76484375 0.5609375 0.1359375 0.1015625
1 0.84296875 0.34453125 0.0984375 0.0875
1 0.8328125 0.2828125 0.1171875 0.0890625
1 0.175 0.428125 0.1125 0.0875
1 0.890625 0.5359375 0.109375 0.08125
1 0.8734375 0.47578125 0.115625 0.0921875
1 0.2140625 0.6203125 0.10625 0.0875
1 0.1 0.578125 0.1234375 0.0984375
1 0.2 0.55625 0.1046875 0.084375
0 0.48359375 0.8328125 0.115625 0.0890625
0 0.72578125 0.4359375 0.1140625 0.09375
1 0.38203125 0.3804687500000001 0.125 0.090625
1 0.8546875 0.409375 0.1125 0.0921875
1 0.7125 0.37265625 0.11875 0.0921875
1 0.0578125 0.3859375 0.1140625 0.09375
1 0.146875 0.28984375 0.1265625 0.1
1 0.496875 0.89375 0.11875 0.0921875
1 0.80859375 0.8296875 0.115625 0.0890625
0 0.5664062499999999 0.7468749999999998 0.1078125 0.084375
1 0.68828125 0.240625 0.1203125 0.0890625
1 0.7015625 0.30703125 0.121875 0.0875
0 0.5390625 0.6140625 0.1109375 0.0875
1 0.12734375 0.22421875 0.103125 0.0859375
1 0.6734375 0.16875 0.121875 0.0953125
1 0.090625 0.51171875 0.10625 0.0640625
1 0.07890625 0.453125 0.1109375 0.084375
0 0.90390625 0.60703125 0.109375 0.090625
1 0.94453125 0.79765625 0.0984375 0.078125
1 0.59765625 0.8742187500000002 0.1125 0.0875
1 0.05 0.31484375 0.1 0.0984375
0 0.740625 0.50390625 0.1125 0.090625
1 0.04296875 0.24687500000000004 0.0859375 0.1
0 0.91953125 0.671875 0.1046875 0.0828125
0 0.771875 0.63125 0.1125 0.090625
1 0.6546875 0.10546875 0.11875 0.08125
0 0.80703125 0.15078125 0.0890625 0.078125
