1 0.51484375 0.5546875 0.1 0.0703125
1 0.50234375 0.35546875 0.0984375 0.0734375
1 0.5359375 0.89140625 0.109375 0.071875
1 0.5328125 0.81640625 0.1109375 0.0828125
1 0.49765625 0.22265625 0.096875 0.0703125
1 0.88984375 0.79765625 0.096875 0.0734375
1 0.5109375 0.48515625 0.103125 0.0796875
1 0.49921875 0.28671875 0.103125 0.0765625
1 0.2015625 0.70859375 0.1 0.0734375
1 0.4945312499999999 0.159375 0.096875 0.0703125
1 0.39140625 0.16093750000000004 0.1 0.06875
0 0.5078125 0.41875 0.103125 0.0703125
0 0.21640624999999997 0.84140625 0.1078125 0.0734375
0 0.2046875 0.63984375 0.109375 0.071875
1 0.3953125 0.2265625 0.1078125 0.0765625
1 0.41484375 0.5585937499999999 0.10625 0.06875
1 0.41015625 0.4984375 0.1109375 0.0640625
1 0.40546875 0.42890625 0.1078125 0.078125
1 0.215625 0.91015625 0.096875 0.0765625
0 0.396875 0.296875 0.109375 0.0703125
1 0.1109375 0.78125 0.103125 0.0765625
0 0.75078125 0.80546875 0.1046875 0.0703125
1 0.103125 0.70703125 0.10625 0.065625
1 0.1015625 0.64921875 0.1015625 0.0734375
0 0.096875 0.58515625 0.109375 0.0765625
1 0.74765625 0.740625 0.103125 0.0734375
1 0.18125 0.3078125 0.103125 0.0734375
1 0.115625 0.91796875 0.109375 0.071875
1 0.21171875 0.77265625 0.1078125 0.0734375
1 0.08515625 0.315625 0.1015625 0.0546875
1 0.07109375 0.24609375 0.1140625 0.0875
1 0.42890625 0.759375 0.1 0.0703125
1 0.18515625 0.3765625 0.103125 0.0734375
1 0.87421875 0.5953125 0.0984375 0.0765625
1 0.19765625 0.57109375 0.1 0.0765625
1 0.41640625 0.6203125 0.1078125 0.078125
1 0.8890625 0.86484375 0.090625 0.065625
1 0.86171875 0.3359375 0.10625 0.0703125
1 0.75234375 0.87578125 0.10625 0.0734375
0 0.4296875 0.82578125 0.10625 0.0765625
1 0.11328125 0.84921875 0.109375 0.0734375
1 0.853125 0.26640625 0.103125 0.078125
1 0.18125 0.23828125 0.1046875 0.0796875
1 0.175 0.171875 0.1 0.0734375
1 0.08984375 0.509375 0.1109375 0.0828125
1 0.4 0.36015625 0.1078125 0.0734375
1 0.74921875 0.6015625000000001 0.121875 0.0796875
1 0.1921875 0.5078125 0.103125 0.0625
1 0.1890625 0.4421875 0.103125 0.0734375
1 0.86875 0.46171875 0.09375 0.06875
1 0.86328125 0.4 0.1078125 0.0765625
0 0.51875 0.61875 0.1 0.0734375
1 0.725 0.3414062500000001 0.103125 0.0765625
0 0.88125 0.66875 0.1 0.0734375
1 0.728125 0.4078125 0.10625 0.0734375
0 0.7351562499999998 0.53984375 0.1 0.06875
0 0.73125 0.47109375 0.1015625 0.0796875
1 0.4328125 0.8859375 0.109375 0.0734375
0 0.525 0.753125 0.0984375 0.0703125
1 0.08828125 0.3828125 0.1015625 0.0734375
0 0.88515625 0.734375 0.0953125 0.06875
1 0.87109375 0.53125 0.10625 0.0703125
1 0.09140625 0.446875 0.109375 0.0625
1 0.725 0.27265625 0.1109375 0.078125
0 0.74453125 0.671875 0.10625 0.0765625
0 0.8578125 0.2015625 0.090625 0.0671875
1 0.71484375 0.2 0.0953125 0.0703125
1 0.71015625 0.1296875 0.1125 0.0765625
1 0.071875 0.17890624999999996 0.10625 0.071875
