1 0.5046875 0.55703125 0.096875 0.0703125
1 0.5078125 0.82109375 0.1 0.075
1 0.5046875 0.49140625 0.096875 0.071875
0 0.50546875 0.428125 0.1 0.0671875
1 0.50390625 0.359375 0.0953125 0.071875
1 0.50859375 0.29375 0.09375 0.0671875
1 0.5078125 0.23046875 0.0953125 0.0671875
1 0.8625 0.821875 0.0921875 0.0671875
1 0.1875 0.69296875 0.0953125 0.0671875
1 0.4046875 0.62265625 0.10625 0.0734375
1 0.5078125 0.16328125 0.0953125 0.06875
1 0.85703125 0.62109375 0.1015625 0.075
1 0.19765625 0.62890625 0.115625 0.0703125
1 0.85234375 0.29296875 0.1015625 0.0703125
1 0.08984375 0.69921875 0.103125 0.0609375
1 0.09140625 0.62578125 0.0984375 0.0765625
1 0.19375 0.759375 0.10625 0.0671875
1 0.40625 0.42578125 0.1015625 0.065625
1 0.40234375 0.36171875 0.10625 0.0703125
1 0.72578125 0.75546875 0.09375 0.0671875
0 0.40390625 0.29609375 0.103125 0.0671875
1 0.40546875 0.88359375 0.10625 0.0671875
1 0.190625 0.89765625 0.0921875 0.06875
1 0.1875 0.43203125 0.0953125 0.0640625
1 0.8546875 0.4242187499999999 0.1046875 0.0734375
1 0.0921875 0.75859375 0.1015625 0.071875
1 0.184375 0.29921875 0.0984375 0.0703125
0 0.40625 0.82265625 0.1015625 0.06875
1 0.18984375 0.49765625 0.0921875 0.065625
1 0.72578125 0.42578125 0.1046875 0.065625
0 0.08828125 0.56484375 0.10625 0.071875
1 0.4015625 0.5578125 0.1109375 0.0515625
1 0.4046875 0.49296875 0.10625 0.071875
0 0.7265625 0.821875 0.1015625 0.0671875
1 0.7265625 0.28984375 0.10625 0.06875
1 0.4046874999999999 0.22890625 0.1046875 0.0703125
0 0.19296875 0.828125 0.1 0.0703125
1 0.72734375 0.21796875 0.1109375 0.0703125
1 0.18828125 0.559375 0.09375 0.071875
1 0.40625 0.16171875 0.1015625 0.0671875
1 0.85625 0.55390625 0.1015625 0.0703125
1 0.4078125 0.75546875 0.1 0.0671875
1 0.7265625 0.88671875 0.103125 0.071875
1 0.86328125 0.88671875 0.09375 0.0625
1 0.08984375 0.89921875 0.1109375 0.0734375
1 0.72734375 0.35859375 0.10625 0.0703125
1 0.08984375 0.43203125 0.103125 0.0640625
1 0.08828125 0.496875 0.1109375 0.0734375
1 0.18984375 0.365625 0.1015625 0.0625
1 0.7328125 0.6210937500000001 0.1140625 0.071875
1 0.8578125 0.35859375 0.1015625 0.0640625
0 0.50625 0.62265625 0.1015625 0.0671875
1 0.08359375 0.3015625 0.1046875 0.071875
1 0.8515625 0.48828125 0.1046875 0.065625
1 0.190625 0.221875 0.1140625 0.078125
1 0.08046875 0.22734375 0.1109375 0.0796875
0 0.72421875 0.55546875 0.1015625 0.0703125
1 0.09140625 0.82578125 0.103125 0.065625
0 0.72890625 0.48984375 0.09375 0.071875
0 0.86015625 0.69140625 0.0984375 0.0671875
1 0.0921875 0.36796875 0.096875 0.0671875
1 0.50859375 0.88671875 0.1046875 0.065625
0 0.50546875 0.75546875 0.0984375 0.0640625
0 0.8625 0.75546875 0.09375 0.0671875
0 0.73203125 0.68671875 0.1109375 0.0703125
1 0.08125 0.16171875 0.1078125 0.0671875
1 0.18671875 0.159375 0.0921875 0.05625
1 0.7234375 0.14765625 0.10625 0.0609375
0 0.8578125 0.22578125 0.0890625 0.0625
