1 0.51015625 0.55546875 0.0953125 0.0671875
1 0.51953125 0.89296875 0.1 0.0671875
1 0.51484375 0.81796875 0.1015625 0.078125
1 0.51328125 0.22265625 0.09375 0.065625
1 0.509375 0.35390625 0.1 0.0703125
1 0.51015625 0.4867187499999999 0.0984375 0.0734375
1 0.190625 0.690625 0.0953125 0.0703125
0 0.19921875 0.62421875 0.1140625 0.065625
1 0.509375 0.28671875 0.103125 0.0703125
1 0.51171875 0.15546875 0.0953125 0.0671875
0 0.73203125 0.81796875 0.1015625 0.0671875
1 0.8703125 0.81953125 0.09375 0.0703125
1 0.08984375 0.7640625 0.109375 0.05625
1 0.0875 0.69453125 0.1109375 0.078125
0 0.19765625 0.82421875 0.1046875 0.065625
1 0.4109375 0.48359375 0.1015625 0.065625
1 0.4085937499999999 0.42421875 0.1046875 0.071875
0 0.5109375 0.4195312500000001 0.1 0.0671875
1 0.19375 0.8953125 0.0953125 0.0734375
1 0.40859375 0.15546875 0.1 0.0671875
1 0.09375 0.62421875 0.1 0.0765625
1 0.190625 0.29140625 0.1 0.0703125
1 0.409375 0.21953125 0.1046875 0.0703125
0 0.4046875 0.28984375 0.10625 0.06875
1 0.41328125 0.75546875 0.096875 0.0671875
1 0.8679687499999998 0.553125 0.1 0.0671875
1 0.09453125 0.896875 0.1046875 0.0734375
1 0.19609375 0.75703125 0.10625 0.0703125
1 0.734375 0.753125 0.0984375 0.0703125
0 0.090625 0.56171875 0.1046875 0.0703125
1 0.86640625 0.61640625 0.096875 0.0640625
1 0.19140625 0.55703125 0.0953125 0.0671875
1 0.08828125 0.48984375 0.10625 0.0765625
1 0.86875 0.35546875 0.103125 0.0671875
1 0.084375 0.22265625 0.1078125 0.0828125
1 0.41171875 0.61953125 0.0953125 0.0484375
1 0.409375 0.55703125 0.10625 0.0703125
0 0.409375 0.81953125 0.10625 0.0703125
1 0.8671875 0.884375 0.0890625 0.0609375
1 0.7328125 0.3515625 0.1046875 0.075
1 0.1921875 0.36015625 0.1 0.065625
1 0.08984375 0.29687499999999994 0.1015625 0.0734375
1 0.19453125 0.21796875 0.115625 0.08125
1 0.190625 0.42578125 0.0984375 0.06875
1 0.09375 0.828125 0.10625 0.0671875
1 0.7328125 0.890625 0.1046875 0.0609375
1 0.40703125 0.35546875 0.10625 0.0703125
1 0.8625 0.28515625 0.1015625 0.0734375
1 0.19375 0.48984375 0.0984375 0.065625
1 0.86171875 0.48359375 0.0984375 0.0671875
1 0.409375 0.884375 0.1078125 0.06875
0 0.51171875 0.61953125 0.0984375 0.0703125
0 0.86953125 0.68671875 0.1015625 0.0671875
1 0.86484375 0.41796875 0.1078125 0.0703125
1 0.73515625 0.61640625 0.10625 0.071875
0 0.51015625 0.75390625 0.0984375 0.0671875
1 0.73046875 0.41796875 0.103125 0.0703125
0 0.73125 0.48203125 0.1015625 0.071875
0 0.87109375 0.753125 0.0953125 0.0609375
1 0.09453125 0.36171875 0.096875 0.06875
1 0.73359375 0.28203125 0.10625 0.0703125
1 0.09375 0.42578125 0.1046875 0.0578125
0 0.73046875 0.55078125 0.1 0.0734375
0 0.73984375 0.684375 0.1078125 0.0703125
1 0.1890625 0.15625 0.09375 0.046875
1 0.0890625 0.15703125 0.1046875 0.0546875
1 0.7359375 0.22109375 0.0875 0.0609375
1 0.7335937500000002 0.140625 0.0953125 0.0625
0 0.8734375 0.2203125 0.0890625 0.0640625
