1 0.1828125 0.52109375 0.0828125 0.10625
1 0.44296875 0.5046875 0.0734375 0.1
1 0.15703125 0.21953125 0.0703125 0.1265625
1 0.290625 0.19453125 0.0703125 0.096875
1 0.70703125 0.4875 0.0703125 0.0984375
1 0.76953125 0.4875 0.065625 0.096875
1 0.50859375 0.4984375 0.0734375 0.0984375
1 0.2015625 0.875 0.0734375 0.096875
1 0.3726562500000001 0.40703125 0.0828125 0.1109375
1 0.64296875 0.49140625 0.0734375 0.0984375
0 0.57421875 0.49765625 0.0734375 0.1015625
1 0.834375 0.48203125 0.0703125 0.096875
1 0.6843749999999998 0.17421875 0.0765625 0.10625
0 0.6984375 0.38828125 0.06875 0.1078125
1 0.728125 0.8375 0.0734375 0.0984375
1 0.3546875 0.19453125 0.0734375 0.103125
1 0.21875 0.096875 0.078125 0.1125
1 0.2578125 0.734375 0.0734375 0.0984375
1 0.5953125 0.84765625 0.0765625 0.103125
0 0.19140625 0.73671875 0.0703125 0.0984375
1 0.7640625 0.3875 0.0703125 0.1078125
1 0.659375 0.84609375 0.065625 0.1
1 0.39609375 0.8578125 0.0765625 0.1015625
1 0.675 0.0734375 0.0765625 0.10625
1 0.23984375 0.41875 0.0734375 0.1
1 0.225 0.20703125 0.0734375 0.109375
0 0.4124999999999999 0.08828125 0.0734375 0.10625
1 0.6328124999999999 0.39140625 0.0765625 0.1078125
1 0.6171875 0.1796875 0.0703125 0.103125
1 0.11171875 0.42265625 0.071875 0.109375
1 0.5453125 0.08046875 0.0703125 0.103125
1 0.74921875 0.0640625 0.090625 0.1140625
1 0.2828125 0.096875 0.0734375 0.109375
1 0.3531250000000001 0.09375 0.0765625 0.096875
1 0.76015625 0.1703125 0.0875 0.115625
1 0.4359375 0.4007812499999999 0.075 0.1125
1 0.5015625 0.40078125 0.0765625 0.1078125
1 0.08671875 0.2109375 0.0734375 0.096875
1 0.13359375 0.875 0.0703125 0.1046875
1 0.0796875 0.10859375 0.0765625 0.109375
1 0.54921875 0.18125 0.0703125 0.1015625
0 0.17265625 0.4203125 0.0734375 0.103125
1 0.425 0.1875 0.0765625 0.096875
1 0.48046875 0.084375 0.08125 0.109375
0 0.32421875 0.73203125 0.0734375 0.10625
1 0.39296875 0.7359375 0.075 0.11875
1 0.61015625 0.08046875 0.0703125 0.1
1 0.72265625 0.71015625 0.0734375 0.10625
1 0.4890625 0.18359375 0.06875 0.096875
1 0.15 0.10546875 0.071875 0.109375
1 0.8328124999999998 0.384375 0.0765625 0.103125
1 0.53125 0.8468750000000002 0.0734375 0.103125
1 0.46484375 0.8546875 0.0734375 0.1015625
1 0.52734375 0.71796875 0.0765625 0.1
1 0.5921875 0.7125 0.0796875 0.109375
1 0.6546875 0.71328125 0.0734375 0.1
1 0.1234375 0.73984375 0.0671875 0.1046875
1 0.7953125 0.709375 0.071875 0.11875
1 0.1125 0.52578125 0.0734375 0.10625
0 0.37578125 0.50859375 0.0734375 0.1015625
0 0.32734375 0.86640625 0.0703125 0.1015625
1 0.565625 0.396875 0.0703125 0.109375
0 0.4578125 0.721875 0.0734375 0.1
0 0.26328125 0.87109375 0.0703125 0.0984375
0 0.2453125 0.515625 0.0703125 0.1015625
0 0.7875 0.8390625 0.0703125 0.1
1 0.86015625 0.70234375 0.0703125 0.1078125
1 0.8203125 0.17109375 0.0640625 0.1
1 0.81875 0.0625 0.08125 0.11875
