1 0.4921875 0.44453125 0.1015625 0.0671875
1 0.49453125 0.64609375 0.1015625 0.0703125
1 0.4749999999999999 0.1109375 0.1046875 0.06875
1 0.48359375 0.18203125 0.103125 0.0796875
1 0.49296875 0.51328125 0.1015625 0.078125
1 0.4953125 0.77890625 0.0953125 0.0671875
1 0.496875 0.71328125 0.1015625 0.075
1 0.49765625 0.84453125 0.1 0.0671875
1 0.584375 0.4476562499999999 0.0921875 0.0578125
1 0.59375 0.5109375 0.1015625 0.0625
1 0.596875 0.57578125 0.1078125 0.0703125
0 0.26484375 0.1859375 0.1046875 0.0671875
1 0.803125 0.2390625 0.1046875 0.0703125
0 0.80390625 0.16875 0.0984375 0.0703125
1 0.13515625 0.38828125 0.1015625 0.06875
1 0.128125 0.18828125 0.0953125 0.0734375
1 0.90625 0.2984375 0.1015625 0.0609375
1 0.90703125 0.371875 0.096875 0.0796875
0 0.49453125 0.58046875 0.1015625 0.0703125
1 0.14375 0.72109375 0.1015625 0.075
1 0.903125 0.2359375 0.1015625 0.071875
1 0.80859375 0.30625 0.0984375 0.0734375
1 0.134375 0.45234375 0.1015625 0.071875
0 0.8078125 0.3703125 0.10625 0.0671875
1 0.1375 0.65078125 0.1 0.06875
1 0.9125 0.5046875 0.109375 0.078125
0 0.91171875 0.43125 0.1078125 0.0703125
1 0.5921875 0.38203125 0.1078125 0.0734375
1 0.27265625 0.5859375 0.10625 0.0703125
1 0.5976562499999999 0.64296875 0.1078125 0.0703125
1 0.596875 0.7765625 0.1078125 0.0703125
1 0.8140625 0.5703125 0.1 0.0671875
1 0.27265625 0.6546875 0.115625 0.075
1 0.14140625 0.58828125 0.10625 0.071875
1 0.903125 0.1671875 0.1046875 0.0671875
0 0.6 0.70859375 0.1078125 0.0703125
1 0.81171875 0.4390625 0.096875 0.0703125
1 0.8140625 0.703125 0.1046875 0.0703125
1 0.81015625 0.503125 0.0953125 0.065625
1 0.8125 0.634375 0.1015625 0.0671875
1 0.80234375 0.1 0.0953125 0.0734375
1 0.2640625 0.253125 0.103125 0.0734375
1 0.9171875 0.56015625 0.1078125 0.0640625
1 0.921875 0.6390625 0.1078125 0.0609375
1 0.91796875 0.7 0.1015625 0.0734375
1 0.14140625 0.52265625 0.1046875 0.06875
1 0.12421875 0.12109375 0.0921875 0.0640625
1 0.26328125 0.1171875 0.1046875 0.0734375
1 0.81171875 0.7765625 0.1171875 0.0828125
0 0.27109375 0.51953125 0.1046875 0.075
1 0.2640625 0.38828125 0.1125 0.0765625
1 0.92421875 0.7734375 0.1078125 0.0796875
1 0.5859375 0.24453125 0.096875 0.0671875
1 0.5976562500000001 0.8453125 0.103125 0.0703125
1 0.903125 0.0953125 0.109375 0.075
1 0.58515625 0.1140625 0.1078125 0.0703125
0 0.58828125 0.17890625 0.109375 0.0703125
1 0.271875 0.7234375 0.1078125 0.0671875
1 0.27421875 0.79375 0.109375 0.0703125
0 0.48828125 0.38046875 0.0984375 0.0703125
0 0.1296875 0.31953125 0.103125 0.0703125
0 0.48671875 0.24609375 0.1015625 0.065625
0 0.26953125 0.4546875 0.10625 0.0734375
0 0.26640625 0.31953125 0.103125 0.0734375
0 0.12734375 0.253125 0.09375 0.0625
1 0.8203125 0.84296875 0.090625 0.0546875
1 0.921875 0.8359375 0.109375 0.0734375
1 0.2765625 0.8671875 0.1046875 0.071875
0 0.13984375 0.7828125 0.084375 0.0625
