1 0.48359375 0.4453125 0.1109375 0.090625
1 0.415625 0.19140625 0.1171875 0.103125
1 0.07421875 0.2765625 0.1046875 0.090625
1 0.7585937499999998 0.23671875 0.1078125 0.0890625
1 0.56171875 0.7624999999999998 0.10625 0.084375
1 0.55078125 0.69921875 0.109375 0.0890625
1 0.565625 0.3578125 0.121875 0.1015625
1 0.71015625 0.10859375 0.13125 0.0921875
1 0.57890625 0.825 0.109375 0.0890625
1 0.209375 0.7875 0.1109375 0.0921875
0 0.20625 0.24375 0.109375 0.0875
1 0.5328125 0.6375 0.1109375 0.090625
1 0.8515625 0.61953125 0.11875 0.0953125
1 0.734375 0.175 0.1203125 0.0953125
1 0.49921875 0.103125 0.121875 0.0921875
1 0.49921875 0.51171875 0.1125 0.1
0 0.515625 0.57265625 0.1140625 0.090625
1 0.128125 0.46484375 0.1140625 0.090625
1 0.77109375 0.29921875 0.1140625 0.090625
1 0.66015625 0.73828125 0.115625 0.0890625
1 0.9453125 0.58984375 0.109375 0.0984375
1 0.22109375 0.3078125 0.1078125 0.0890625
1 0.17578125 0.66171875 0.11875 0.0953125
1 0.575 0.41796875 0.1125 0.0859375
1 0.59765625 0.4828125 0.121875 0.1015625
1 0.61015625 0.55390625 0.109375 0.0703125
1 0.6296875 0.61015625 0.11875 0.0953125
0 0.5140625 0.1640625 0.1140625 0.090625
0 0.88671875 0.33515625 0.1203125 0.09375
0 0.646875 0.6734375 0.1171875 0.0890625
1 0.0578125 0.2140625 0.10625 0.08125
1 0.95546875 0.6609375 0.0890625 0.109375
1 0.8359375 0.55234375 0.1140625 0.0875
1 0.87109375 0.69296875 0.1296875 0.1078125
1 0.853125 0.209375 0.115625 0.090625
1 0.86953125 0.278125 0.1140625 0.0953125
1 0.903125 0.4015625 0.1296875 0.1
1 0.91953125 0.4632812499999999 0.115625 0.0890625
1 0.2890625 0.56640625 0.1140625 0.09375
1 0.52734375 0.2296875 0.109375 0.0890625
1 0.18984375 0.721875 0.1109375 0.084375
1 0.7890625 0.365625 0.109375 0.09375
1 0.821875 0.48984375 0.1109375 0.0890625
1 0.834375 0.146875 0.1171875 0.0953125
1 0.80234375 0.0296875 0.1234375 0.059375
1 0.67578125 0.8046875 0.115625 0.090625
1 0.1640625 0.5976562500000001 0.1125 0.0875
1 0.33515625 0.7578125 0.115625 0.090625
1 0.7039062499999998 0.04140625 0.1078125 0.0828125
1 0.14375 0.53359375 0.1109375 0.0921875
1 0.24765625 0.44140625 0.1296875 0.0984375
1 0.81875 0.08125 0.1171875 0.090625
1 0.93125 0.528125 0.109375 0.0890625
1 0.809375 0.42890625 0.096875 0.0796875
0 0.4671875 0.3804687500000001 0.1140625 0.090625
1 0.19296875 0.178125 0.1125 0.0875
1 0.3515625 0.83046875 0.1265625 0.1
1 0.30546875 0.63359375 0.1125 0.0859375
1 0.31875 0.69296875 0.1109375 0.090625
1 0.39921875 0.121875 0.1171875 0.0890625
0 0.27265625 0.5015625 0.1140625 0.090625
0 0.43515625 0.253125 0.1125 0.0875
0 0.23515625 0.3734374999999999 0.1203125 0.096875
0 0.10625 0.4015625 0.1109375 0.0921875
0 0.08984375 0.3390625 0.10625 0.0875
0 0.21796875 0.8484375 0.1046875 0.0828125
1 0.88984375 0.753125 0.1015625 0.0734375
1 0.9609375 0.7218750000000002 0.078125 0.103125
1 0.365625 0.890625 0.1140625 0.09375
