1 0.51171875 0.55703125 0.0953125 0.0671875
1 0.51484375 0.82109375 0.1 0.075
1 0.51171875 0.490625 0.1 0.075
1 0.51015625 0.35546875 0.0953125 0.0703125
1 0.51484375 0.22578125 0.09375 0.06875
1 0.19375 0.6945312500000002 0.0953125 0.0640625
0 0.51015625 0.42265625 0.0984375 0.06875
1 0.509375 0.29140625 0.1 0.0703125
1 0.87109375 0.81953125 0.09375 0.0703125
1 0.1953125 0.89765625 0.0953125 0.0734375
0 0.73203125 0.81796875 0.0984375 0.0671875
1 0.51328125 0.159375 0.09375 0.0640625
1 0.1984375 0.75703125 0.103125 0.0703125
1 0.41640625 0.48828125 0.0953125 0.075
1 0.409375 0.42734375 0.1046875 0.0734375
1 0.09765625 0.76015625 0.1 0.0671875
0 0.4078125 0.29296875 0.1015625 0.0703125
1 0.41171875 0.22578125 0.1046875 0.06875
1 0.09140625 0.7 0.10625 0.0734375
1 0.09375 0.628125 0.1046875 0.075
1 0.51484375 0.88671875 0.1 0.06875
0 0.09296875 0.56328125 0.109375 0.0703125
1 0.415625 0.75390625 0.09375 0.0703125
0 0.19921875 0.82578125 0.103125 0.065625
1 0.8625 0.28671875 0.1 0.0703125
1 0.19140625 0.29921875 0.0984375 0.06875
1 0.0984375 0.82578125 0.103125 0.0671875
1 0.09765625 0.89921875 0.1 0.065625
1 0.40859375 0.159375 0.0984375 0.06875
1 0.19453125 0.36171875 0.1015625 0.06875
1 0.41015625 0.62109375 0.1046875 0.0703125
1 0.871875 0.42109375 0.090625 0.0828125
1 0.86796875 0.3570312500000001 0.1046875 0.0671875
1 0.4078125 0.55859375 0.1109375 0.0703125
1 0.8671875 0.553125 0.1015625 0.065625
1 0.190625 0.15546875 0.0921875 0.0671875
1 0.86484375 0.61953125 0.096875 0.0671875
0 0.41015625 0.82265625 0.1046875 0.06875
1 0.4085937499999999 0.35859375 0.1046875 0.0671875
1 0.8625 0.48671875 0.096875 0.071875
1 0.19375 0.49296875 0.090625 0.0609375
1 0.1921875 0.43046875 0.0984375 0.0609375
0 0.51171875 0.62265625 0.0984375 0.065625
1 0.1921875 0.56015625 0.090625 0.0671875
1 0.734375 0.753125 0.1 0.0703125
1 0.19609375 0.22265625 0.1109375 0.0765625
1 0.09375 0.49140625 0.1171875 0.0625
1 0.09296875 0.43203125 0.1015625 0.0703125
1 0.86875 0.884375 0.0890625 0.0609375
1 0.0921875 0.29921875 0.0984375 0.0703125
1 0.73359375 0.28671875 0.10625 0.0703125
1 0.7328125 0.88984375 0.1015625 0.059375
1 0.41640625 0.88359375 0.10625 0.0640625
0 0.196875 0.62890625 0.103125 0.0671875
1 0.73359375 0.35390625 0.10625 0.0703125
1 0.73046875 0.42265625 0.103125 0.0703125
0 0.73359375 0.553125 0.0984375 0.0625
0 0.73046875 0.48671875 0.0984375 0.0765625
1 0.08671875 0.22890625 0.10625 0.078125
1 0.73671875 0.21171875 0.1125 0.0734375
0 0.51171875 0.75546875 0.0953125 0.0671875
1 0.0953125 0.36640625 0.096875 0.0671875
0 0.871875 0.690625 0.096875 0.0703125
1 0.73515625 0.61796875 0.10625 0.071875
1 0.08515625 0.1578125 0.1171875 0.0765625
0 0.87265625 0.75546875 0.0953125 0.0671875
0 0.73828125 0.68515625 0.109375 0.071875
1 0.73125 0.1421875 0.109375 0.065625
0 0.86953125 0.22734375 0.0953125 0.0703125
