1 0.51328125 0.55703125 0.0953125 0.0703125
1 0.515625 0.81953125 0.1046875 0.075
1 0.5125 0.35546875 0.09375 0.0703125
1 0.5125 0.48828125 0.0984375 0.071875
1 0.51484375 0.22421874999999997 0.09375 0.06875
0 0.5125 0.42265625 0.0984375 0.065625
1 0.1953125 0.69296875 0.1 0.0671875
1 0.19609375 0.896875 0.0953125 0.075
1 0.51015625 0.29140625 0.0984375 0.0671875
1 0.51484375 0.16015625 0.09375 0.065625
1 0.09765625 0.76015625 0.1015625 0.071875
1 0.19921875 0.759375 0.103125 0.071875
1 0.8734375 0.81953125 0.090625 0.0703125
1 0.41328125 0.49453125 0.1 0.059375
1 0.41171875 0.42734375 0.1046875 0.0734375
0 0.734375 0.81953125 0.0984375 0.0703125
1 0.09140625 0.69296875 0.1109375 0.071875
1 0.096875 0.62421875 0.103125 0.0765625
1 0.51796875 0.88828125 0.1015625 0.06875
0 0.4085937499999999 0.29140625 0.1046875 0.0703125
0 0.09375 0.56328125 0.1078125 0.0703125
0 0.20078125 0.82578125 0.103125 0.065625
1 0.4171875 0.75546875 0.0984375 0.0703125
1 0.4125 0.22421875 0.10625 0.071875
1 0.09609375 0.8992187499999998 0.10625 0.06875
1 0.096875 0.82578125 0.1078125 0.0671875
1 0.8671875 0.28906249999999994 0.0953125 0.065625
1 0.86484375 0.28828125 0.096875 0.0703125
0 0.4125 0.821875 0.103125 0.0671875
0 0.51328125 0.62109375 0.0984375 0.0671875
1 0.41015625 0.159375 0.1 0.06875
1 0.19453125 0.29765625 0.1 0.06875
1 0.409375 0.36015625 0.10625 0.06875
1 0.87734375 0.4265625 0.0953125 0.075
1 0.86953125 0.35546875 0.1015625 0.0671875
1 0.41328125 0.621875 0.109375 0.0546875
1 0.41171875 0.55859375 0.109375 0.0703125
1 0.09453125 0.43046875 0.1015625 0.0640625
1 0.196875 0.36171875 0.1 0.06875
1 0.19453125 0.49296875 0.09375 0.0609375
1 0.19453125 0.43046875 0.0984375 0.0640625
1 0.86953125 0.884375 0.084375 0.0609375
1 0.8671875 0.6203125 0.0984375 0.0734375
1 0.4171875 0.884375 0.1078125 0.06875
1 0.09296875 0.49296875 0.1109375 0.071875
1 0.86328125 0.484375 0.096875 0.071875
1 0.86875 0.55234375 0.103125 0.0671875
1 0.0921875 0.29921875 0.1 0.0703125
0 0.19765625 0.62734375 0.1046875 0.065625
1 0.734375 0.753125 0.1 0.0703125
1 0.19375 0.55703125 0.0953125 0.0671875
0 0.73203125 0.4867187499999999 0.0984375 0.0734375
1 0.19765625 0.22109375 0.1140625 0.078125
0 0.73359375 0.68515625 0.0984375 0.0671875
1 0.74375 0.61796875 0.1171875 0.078125
1 0.734375 0.88984375 0.1 0.059375
0 0.5125 0.75546875 0.09375 0.0671875
1 0.7359375 0.28671875 0.1078125 0.0734375
1 0.73359375 0.421875 0.1046875 0.071875
1 0.09609375 0.36640625 0.096875 0.0671875
1 0.73359375 0.35546875 0.10625 0.0703125
1 0.1921875 0.15390625 0.090625 0.0703125
1 0.08671875 0.22734375000000004 0.1078125 0.0765625
1 0.73671875 0.21171875 0.109375 0.071875
0 0.8734375 0.68828125 0.096875 0.0703125
1 0.08515625 0.15546875 0.1171875 0.08125
0 0.73359375 0.553125 0.1 0.0734375
0 0.8734375 0.75546875 0.09375 0.0703125
0 0.86953125 0.22265625 0.0875 0.0671875
1 0.7328125 0.14453125 0.103125 0.0671875
