1 0.44453125 0.5046875 0.0703125 0.103125
1 0.6453125 0.51640625 0.0734375 0.103125
1 0.10859375 0.4976562500000001 0.0671875 0.0984375
1 0.18203125 0.49375 0.0828125 0.1078125
1 0.77734375 0.525 0.0703125 0.096875
1 0.5125 0.509375 0.078125 0.1
1 0.7125 0.51796875 0.0765625 0.103125
0 0.1703125 0.7140625 0.0734375 0.1046875
0 0.5796875 0.51171875 0.0734375 0.103125
1 0.44921875 0.40390625 0.0625 0.096875
1 0.5125 0.40703125 0.0671875 0.1
1 0.58359375 0.409375 0.071875 0.109375
1 0.65078125 0.41171875 0.071875 0.109375
1 0.16328125 0.8515625 0.0765625 0.096875
0 0.46171875 0.08515625 0.0734375 0.109375
1 0.84375 0.528125 0.0703125 0.103125
1 0.328125 0.1828125 0.0765625 0.103125
1 0.3359375 0.08046875 0.08125 0.1
1 0.39921875 0.084375 0.0828125 0.1046875
1 0.2609375 0.18125 0.0734375 0.109375
1 0.53125 0.08828125 0.08125 0.1109375
1 0.38828125 0.4 0.0765625 0.109375
0 0.1921875 0.17734375 0.0703125 0.103125
0 0.3921875000000001 0.184375 0.0671875 0.1078125
1 0.5921875 0.19296875 0.0703125 0.0984375
1 0.52578125 0.190625 0.0671875 0.0984375
1 0.625 0.87265625 0.0703125 0.103125
1 0.7828125 0.42109375 0.0734375 0.10625
1 0.72578125 0.20234375 0.0734375 0.10625
1 0.26640625 0.0796875 0.0734375 0.1046875
1 0.12343750000000002 0.17265625 0.0734375 0.1
0 0.71640625 0.41328125 0.075 0.1109375
1 0.6953125 0.87109375 0.078125 0.103125
1 0.4609375 0.184375 0.06875 0.096875
1 0.36640625 0.85546875 0.0765625 0.103125
1 0.634375 0.73828125 0.0796875 0.109375
1 0.56953125 0.73359375 0.0734375 0.1078125
1 0.728125 0.09921875 0.0734375 0.103125
1 0.84921875 0.42578125 0.0703125 0.103125
1 0.65625 0.2 0.0703125 0.1046875
1 0.23515625000000004 0.71875 0.0765625 0.1046875
1 0.56328125 0.865625 0.0734375 0.1078125
1 0.79921875 0.0984375 0.08125 0.10625
1 0.86640625 0.20703125 0.0734375 0.096875
1 0.79765625 0.2078125 0.0875 0.1171875
1 0.49609375 0.859375 0.0734375 0.10625
1 0.09609375 0.8484375 0.0671875 0.096875
1 0.19765625000000003 0.0765625 0.0640625 0.10625
1 0.103125 0.71015625 0.0765625 0.1078125
0 0.50625 0.72890625 0.0765625 0.1046875
1 0.3734375 0.728125 0.0796875 0.1140625
1 0.25078125 0.3984375 0.0703125 0.0953125
1 0.12734375 0.07109375 0.0765625 0.10625
0 0.1875 0.3882812500000001 0.075 0.1140625
1 0.70703125 0.74296875 0.071875 0.109375
1 0.428125 0.86171875 0.071875 0.109375
1 0.596875 0.0953125 0.0671875 0.10625
1 0.77734375 0.7484375 0.075 0.1140625
1 0.1234375 0.3828125 0.071875 0.1203125
0 0.29453125 0.85703125 0.0734375 0.103125
0 0.38046875 0.503125 0.0734375 0.103125
1 0.8718749999999998 0.1 0.084375 0.1234375
1 0.659375 0.09921875 0.0734375 0.1
0 0.24765625 0.4953125 0.0703125 0.10625
0 0.3046875 0.7218750000000002 0.0765625 0.103125
0 0.22890625 0.8546875 0.0671875 0.096875
0 0.4390625 0.7265625 0.0734375 0.1078125
1 0.8453125 0.74765625 0.071875 0.1125
0 0.76484375 0.8828125 0.078125 0.1015625
