1 0.44921875 0.52578125 0.0859375 0.109375
1 0.771875 0.45234375 0.0875 0.10625
1 0.64375 0.47890625 0.0890625 0.1078125
1 0.1234375 0.61015625 0.09375 0.1171875
1 0.1921875 0.58671875 0.103125 0.11875
1 0.515625 0.509375 0.0921875 0.1109375
1 0.8359375 0.4375 0.0828125 0.10625
1 0.70859375 0.4625000000000001 0.0921875 0.1140625
1 0.81328125 0.33671875 0.0859375 0.109375
0 0.5796875 0.4945312499999999 0.0859375 0.1125
1 0.18203125 0.26484375 0.090625 0.1171875
0 0.68359375 0.3640625 0.0875 0.1171875
1 0.74921875 0.3515625 0.09375 0.1203125
1 0.0453125 0.29140625 0.090625 0.1078125
1 0.24296875000000004 0.24609375 0.084375 0.10625
1 0.42890625 0.43046875 0.0796875 0.1078125
1 0.49140625 0.41875 0.08125 0.1046875
1 0.55390625 0.3953125 0.0953125 0.11875
1 0.15625 0.1671875 0.0921875 0.1109375
1 0.27265625 0.93671875 0.0875 0.10625
1 0.2328125 0.4765625 0.0890625 0.109375
0 0.11484375 0.28046875 0.090625 0.115625
0 0.24140625 0.80078125 0.090625 0.115625
1 0.78984375 0.8078125 0.09375 0.115625
0 0.16640625 0.48828125 0.09375 0.1171875
0 0.309375 0.23359375 0.0875 0.1171875
1 0.6328125 0.153125 0.0890625 0.1125
1 0.5671875 0.17109375 0.0890625 0.1125
0 0.34609375 0.11796875 0.09375 0.1203125
1 0.3734375 0.21640624999999997 0.090625 0.1078125
1 0.2171875 0.1515625 0.0921875 0.1140625
1 0.2859375 0.13359375 0.09375 0.115625
1 0.02890625 0.19609375 0.0578125 0.1171875
1 0.36484375 0.4390625 0.09375 0.1203125
1 0.4703125 0.88515625 0.09375 0.109375
1 0.61875 0.3796875 0.090625 0.11875
1 0.66015625 0.8406249999999998 0.09375 0.1078125
1 0.72265625 0.828125 0.090625 0.115625
1 0.5015625 0.1828125 0.0859375 0.1078125
1 0.60625 0.05859375 0.0921875 0.1140625
1 0.08984375 0.1828125 0.0859375 0.115625
1 0.4171875 0.09921875 0.0984375 0.1234375
1 0.4375 0.19765625 0.084375 0.103125
1 0.6734375 0.0484375 0.103125 0.096875
1 0.53203125 0.8765625 0.0828125 0.10625
1 0.59765625 0.85234375 0.09375 0.1140625
1 0.30625 0.7875 0.0890625 0.1125
1 0.7046875 0.14140625 0.1 0.1265625
1 0.63125 0.71015625 0.09375 0.1203125
0 0.3851562499999999 0.53984375 0.0890625 0.1109375
0 0.5046875 0.73671875 0.0796875 0.10625
0 0.56796875 0.72421875 0.0953125 0.1140625
1 0.44140625 0.76328125 0.103125 0.134375
1 0.10625 0.50234375 0.09375 0.1203125
0 0.25390625 0.56953125 0.0859375 0.109375
1 0.175 0.8132812499999998 0.090625 0.115625
1 0.48046875 0.08828125 0.0765625 0.1125
1 0.5421875 0.0765625 0.0890625 0.109375
1 0.6984375 0.6953125 0.0921875 0.121875
1 0.7421875 0.04140625 0.103125 0.0828125
1 0.76328125 0.68203125 0.090625 0.11875
1 0.2078125 0.94765625 0.08125 0.103125
1 0.8375 0.665625 0.0984375 0.1234375
0 0.4015625 0.9054687500000002 0.0921875 0.1109375
0 0.33515625 0.92109375 0.084375 0.10625
0 0.3734375 0.771875 0.09375 0.1203125
1 0.8992187499999998 0.64921875 0.084375 0.115625
1 0.765625 0.125 0.075 0.1046875
0 0.8515625 0.8015625 0.0890625 0.1015625
