1 0.44375 0.49609375 0.0875 0.1078125
1 0.1140625 0.4242187499999999 0.0875 0.1125
1 0.1875 0.4375 0.1 0.1171875
1 0.765625 0.5796875 0.0859375 0.10625
1 0.63984375 0.54453125 0.090625 0.1140625
1 0.51015625 0.51328125 0.0953125 0.1140625
1 0.38984375 0.15390625 0.0890625 0.109375
0 0.45234375 0.178125 0.090625 0.125
1 0.7046875 0.5609375 0.0953125 0.1171875
1 0.8312500000000002 0.59453125 0.0875 0.1078125
0 0.13515625 0.6484375 0.0875 0.1125
1 0.1 0.7820312499999998 0.0890625 0.1078125
1 0.3421875 0.04921875 0.08125 0.0984375
1 0.4109375 0.0578125 0.103125 0.115625
0 0.25859375 0.128125 0.0890625 0.1171875
1 0.5375 0.4171875 0.0875 0.1140625
1 0.5953125 0.4296875 0.0953125 0.11875
0 0.57578125 0.53046875 0.0875 0.1125
1 0.190625 0.10703125 0.09375 0.109375
1 0.85625 0.4945312499999999 0.0875 0.1125
1 0.4781250000000001 0.07578125 0.0984375 0.115625
1 0.77734375 0.25 0.090625 0.1140625
1 0.7937499999999998 0.4796875 0.0921875 0.11875
0 0.7273437499999998 0.45859375 0.0921875 0.1203125
1 0.2734375 0.35390625 0.0875 0.109375
1 0.359375 0.84453125 0.0875 0.1125
1 0.2125 0.034375 0.096875 0.06875
1 0.32421875 0.14296875 0.0921875 0.1203125
1 0.19765625 0.66640625 0.090625 0.1125
0 0.5390625 0.0875 0.0953125 0.11875
1 0.2984375 0.82734375 0.0859375 0.109375
1 0.51953125 0.18671875 0.0875 0.1078125
1 0.6093749999999999 0.103125 0.1 0.121875
1 0.55078125 0.89296875 0.0890625 0.115625
1 0.86953125 0.1640625 0.1046875 0.1234375
1 0.40546875 0.38515625 0.06875 0.103125
1 0.46640625 0.3984375 0.0921875 0.1203125
0 0.21171875000000004 0.334375 0.0921875 0.1203125
1 0.0390625 0.76328125 0.078125 0.1015625
1 0.5875 0.76171875 0.0984375 0.11875
1 0.7101562500000002 0.23515625 0.0875 0.1125
1 0.7960937500000002 0.15078125 0.0953125 0.1140625
1 0.84765625 0.271875 0.10625 0.13125
1 0.646875 0.21796874999999996 0.090625 0.1109375
1 0.27890625 0.04296875 0.0890625 0.0859375
1 0.06484375 0.63125 0.084375 0.115625
1 0.6625 0.44453125 0.0921875 0.1203125
1 0.6210937500000001 0.90390625 0.0953125 0.115625
1 0.58359375 0.20546875 0.0875 0.1109375
1 0.428125 0.8546875 0.0875 0.109375
1 0.14921875 0.31875 0.0921875 0.121875
0 0.38125 0.4828124999999999 0.090625 0.1125
0 0.2296875 0.81328125 0.090625 0.1140625
1 0.49140625 0.87421875 0.0921875 0.1203125
1 0.33046875 0.7 0.0953125 0.1203125
0 0.2515625 0.4484375 0.0875 0.109375
1 0.52421875 0.74375 0.0921875 0.1171875
0 0.46171875 0.72890625 0.09375 0.115625
0 0.16484375 0.79921875 0.0828125 0.1078125
1 0.73203125 0.13984375 0.090625 0.1109375
1 0.6546875 0.7796875 0.0921875 0.1203125
1 0.6703125 0.1234375 0.0796875 0.1140625
0 0.3953125 0.71171875 0.0953125 0.1140625
0 0.26328125 0.68828125 0.0953125 0.121875
1 0.90859375 0.28125 0.06875 0.1015625
1 0.93203125 0.184375 0.078125 0.1140625
1 0.71328125 0.79609375 0.078125 0.1
1 0.7921875 0.8132812499999998 0.084375 0.1078125
0 0.68125 0.9296875 0.0828125 0.1015625
