1 0.51171875 0.55859375 0.0953125 0.0703125
1 0.51484375 0.821875 0.1 0.075
1 0.5125 0.22890625 0.0921875 0.0671875
1 0.51171875 0.48984375 0.0984375 0.071875
1 0.5125 0.36015625 0.0890625 0.0578125
1 0.50859375 0.29453125 0.0984375 0.0703125
0 0.51015625 0.42578125 0.0984375 0.06875
1 0.19375 0.696875 0.0953125 0.065625
1 0.1984375 0.76015625 0.103125 0.071875
1 0.19140625 0.3015625 0.1 0.071875
1 0.51171875 0.16171875 0.0953125 0.0671875
1 0.1953125 0.8976562500000002 0.0953125 0.071875
0 0.40546875 0.29609375 0.10625 0.0703125
1 0.09375 0.69609375 0.0953125 0.0703125
1 0.09453125 0.628125 0.1015625 0.075
1 0.0984375 0.76015625 0.1 0.0671875
0 0.7328125 0.82109375 0.1 0.0671875
1 0.86953125 0.821875 0.090625 0.0671875
1 0.409375 0.62421875 0.1046875 0.0703125
1 0.4046875 0.4921875 0.115625 0.0640625
1 0.4078125 0.42890625 0.1078125 0.0703125
1 0.8625 0.28984375 0.1 0.06875
1 0.515625 0.88828125 0.0984375 0.065625
1 0.86484375 0.62265625 0.0984375 0.0671875
0 0.09375 0.56484375 0.10625 0.071875
0 0.41171875 0.82421875 0.1015625 0.06875
1 0.86953125 0.425 0.0890625 0.06875
1 0.86484375 0.35859375 0.0984375 0.0671875
1 0.0984375 0.828125 0.103125 0.0671875
1 0.190625 0.496875 0.090625 0.0625
0 0.20078125 0.8265625 0.103125 0.0640625
1 0.4078125 0.16171875 0.1 0.071875
1 0.19453125 0.36640625 0.1046875 0.0640625
1 0.41484375 0.75546875 0.09375 0.0671875
1 0.40859375 0.22890625 0.10625 0.0703125
1 0.40546875 0.36015625 0.1078125 0.06875
1 0.0984375 0.89921875 0.1015625 0.065625
0 0.51015625 0.62421875 0.0984375 0.0671875
1 0.73203125 0.88828125 0.1015625 0.06875
1 0.7328125 0.28671875 0.10625 0.0734375
1 0.86171875 0.48671875 0.1 0.0671875
1 0.8671875 0.55546875 0.1015625 0.0671875
1 0.09375 0.4976562500000001 0.1046875 0.075
1 0.09140625 0.434375 0.103125 0.06875
1 0.09296875 0.303125 0.1015625 0.071875
1 0.734375 0.75546875 0.0984375 0.0703125
1 0.190625 0.15546875 0.09375 0.071875
1 0.19140625 0.43046875 0.0953125 0.0671875
1 0.415625 0.88515625 0.1078125 0.0625
1 0.7296875 0.42421875 0.1046875 0.071875
1 0.19375 0.56015625 0.09375 0.071875
1 0.08671875 0.22890625 0.1078125 0.08125
1 0.865625 0.88828125 0.0875 0.0578125
1 0.73125 0.3578124999999999 0.10625 0.0734375
0 0.7296875 0.4890625 0.0984375 0.075
0 0.86953125 0.69140625 0.103125 0.0703125
1 0.0953125 0.36796875 0.096875 0.0671875
1 0.734375 0.215625 0.1109375 0.0703125
0 0.51015625 0.75546875 0.0953125 0.0671875
1 0.4203124999999999 0.68984375 0.1125 0.071875
1 0.409375 0.55859375 0.10625 0.0703125
0 0.87109375 0.7578125 0.0953125 0.065625
0 0.19921875 0.62890625 0.1078125 0.0703125
0 0.73359375 0.68671875 0.0890625 0.059375
1 0.73359375 0.61953125 0.1046875 0.0703125
0 0.7296875 0.55546875 0.1015625 0.0703125
1 0.19453125 0.22421875 0.1109375 0.0734375
0 0.86875 0.2265625 0.0875 0.071875
1 0.0875 0.1625 0.1046875 0.0625
1 0.7312499999999998 0.14921875 0.1 0.0640625
