1 0.55625 0.50546875 0.0890625 0.109375
1 0.8828125 0.58984375 0.090625 0.1140625
1 0.809375 0.5734375 0.103125 0.11875
1 0.23671875 0.4109375 0.0890625 0.1078125
1 0.3625 0.45078125 0.09375 0.115625
1 0.4898437500000001 0.48671875 0.0984375 0.115625
1 0.5976562499999999 0.85 0.0921875 0.1109375
0 0.53671875 0.8234375000000002 0.09375 0.1265625
1 0.29765625 0.43203125 0.096875 0.11875
1 0.171875 0.39375 0.0890625 0.109375
0 0.86953125 0.36484375 0.090625 0.1140625
1 0.909375 0.23203125 0.0921875 0.109375
1 0.640625 0.953125 0.084375 0.09375
1 0.5734375 0.94296875 0.10625 0.1140625
0 0.728125 0.8796875 0.0921875 0.11875
1 0.459375 0.58125 0.090625 0.115625
1 0.40234375 0.5671875 0.0984375 0.1203125
0 0.42578125 0.4671875 0.090625 0.1140625
1 0.7953125 0.903125 0.096875 0.1125
1 0.14375 0.49296875 0.090625 0.1140625
1 0.5078125 0.925 0.1015625 0.1171875
1 0.2140625 0.73984375 0.09375 0.115625
1 0.20546875 0.51015625 0.0953125 0.1203125
0 0.271875 0.53359375 0.0953125 0.1203125
1 0.721875 0.65390625 0.0890625 0.1109375
1 0.65234375 0.1609375 0.090625 0.1140625
1 0.76953125 0.9695312499999998 0.0984375 0.0609375
1 0.66328125 0.86328125 0.0953125 0.1203125
1 0.8078125 0.34453125 0.09375 0.1140625
0 0.4468750000000001 0.91015625 0.0984375 0.1203125
1 0.71328125 0.1796875 0.0890625 0.1109375
1 0.46953125 0.8125 0.0890625 0.109375
1 0.3765625 0.89296875 0.103125 0.1234375
1 0.4625 0.10546875 0.0921875 0.1171875
1 0.11875 0.8234375 0.1078125 0.125
1 0.590625 0.61796875 0.071875 0.1046875
1 0.5296875 0.603125 0.0953125 0.1203125
0 0.78203125 0.675 0.0953125 0.1203125
1 0.9640625000000002 0.253125 0.071875 0.103125
1 0.421875 0.23515625 0.1 0.1203125
1 0.28046875 0.75703125 0.090625 0.1140625
1 0.19140625 0.83828125 0.0984375 0.1171875
1 0.14453125 0.715625 0.109375 0.1328125
1 0.34375 0.7765625 0.0921875 0.1125
1 0.70234375 0.9601562500000002 0.0921875 0.0796875
1 0.93984375 0.38359375 0.0875 0.115625
1 0.33515625 0.54921875 0.0953125 0.1203125
1 0.39375 0.0921875 0.0984375 0.1171875
1 0.40546875 0.79140625 0.090625 0.1125
1 0.58359375 0.14765625 0.0890625 0.1109375
1 0.84453125 0.69296875 0.0953125 0.121875
0 0.61796875 0.521875 0.09375 0.1140625
0 0.78125 0.19609375 0.09375 0.115625
1 0.521875 0.1265625 0.0953125 0.1203125
1 0.6765625 0.30625 0.0984375 0.121875
0 0.746875 0.56015625 0.0890625 0.1109375
1 0.484375 0.25546875 0.09375 0.11875
0 0.54609375 0.27265625 0.096875 0.1171875
0 0.8453125 0.21328125 0.084375 0.1078125
1 0.25546875 0.8515625 0.0921875 0.1125
1 0.3546875 0.215625 0.0953125 0.1203125
1 0.31640625000000006 0.8703125 0.0828125 0.1140625
0 0.6125 0.2921875 0.0984375 0.115625
0 0.74296875 0.3203125 0.0984375 0.1234375
1 0.08359375 0.70390625 0.0703125 0.103125
1 0.05703125 0.80078125 0.08125 0.115625
1 0.29687499999999994 0.19609375 0.08125 0.1
1 0.21875 0.1765625 0.0859375 0.109375
0 0.334375 0.0640625 0.084375 0.103125
