1 0.4453125 0.5171875 0.0921875 0.1109375
1 0.19296875 0.58984375 0.1046875 0.1171875
1 0.284375 0.9296875 0.090625 0.1046875
1 0.23203125 0.24609375 0.090625 0.1078125
1 0.76171875 0.434375 0.0859375 0.1078125
1 0.6984375 0.44609375 0.090625 0.109375
1 0.35703125 0.4375 0.103125 0.1234375
1 0.1046875 0.296875 0.09375 0.13125
1 0.8234375 0.415625 0.090625 0.1078125
1 0.7921875 0.7859375 0.0921875 0.1125
0 0.24921875 0.7984375 0.0890625 0.1109375
1 0.6367187499999999 0.46484375 0.0921875 0.1109375
1 0.61328125 0.14609375 0.096875 0.1203125
1 0.17109375 0.27109375 0.096875 0.121875
1 0.103125 0.5078125 0.09375 0.1203125
1 0.51171875 0.50078125 0.1015625 0.1125
0 0.57265625 0.4828125 0.0921875 0.1140625
1 0.47109375 0.87265625 0.0921875 0.1140625
1 0.29453125 0.23203125 0.0921875 0.1140625
1 0.73515625 0.3359375 0.090625 0.1171875
1 0.58203125 0.053125 0.0984375 0.10625
1 0.31250000000000006 0.7820312499999998 0.090625 0.1078125
1 0.6671875 0.821875 0.096875 0.11875
1 0.41640625 0.4265625 0.0875 0.1125
1 0.48125 0.40234375 0.103125 0.1234375
1 0.55234375 0.3890625 0.071875 0.1109375
1 0.6078125 0.36875 0.096875 0.1203125
0 0.16328125 0.49140625 0.0921875 0.1140625
0 0.328125 0.11640625 0.09375 0.1203125
0 0.67109375 0.35 0.090625 0.11875
1 0.22109375 0.946875 0.0828125 0.10625
1 0.65234375 0.04375 0.1109375 0.0875
1 0.54609375 0.16328125 0.0875 0.1140625
1 0.68671875 0.12578125 0.1078125 0.1296875
1 0.203125 0.1515625 0.0921875 0.1171875
1 0.271875 0.134375 0.096875 0.115625
1 0.39453125 0.0984375 0.103125 0.13125
1 0.45546875 0.08046875 0.090625 0.1171875
1 0.56953125 0.709375 0.0953125 0.115625
1 0.2296875 0.47734375 0.090625 0.109375
1 0.72734375 0.80625 0.0859375 0.1109375
1 0.3609375 0.21328125 0.0953125 0.109375
1 0.484375 0.178125 0.0890625 0.1109375
1 0.14140625 0.171875 0.096875 0.11875
1 0.02734375 0.2046875 0.0546875 0.125
1 0.8015624999999998 0.31875 0.0921875 0.1140625
1 0.603125 0.83359375 0.0890625 0.1140625
1 0.7609375 0.6609375 0.0921875 0.115625
1 0.040625 0.3046875 0.08125 0.109375
1 0.53984375 0.85546875 0.0921875 0.1109375
1 0.4453125 0.753125 0.1 0.1296875
1 0.07578125 0.1890625 0.090625 0.11875
1 0.52109375 0.06796875 0.090625 0.109375
1 0.4234375 0.1921875 0.08125 0.096875
0 0.38046875 0.53515625 0.0921875 0.1140625
1 0.18359375 0.8132812499999998 0.0890625 0.115625
1 0.8328125 0.6429687499999999 0.1015625 0.128125
1 0.6375 0.6921875 0.0875 0.1125
1 0.6960937499999998 0.678125 0.0921875 0.1109375
1 0.1234375 0.60703125 0.090625 0.1171875
0 0.50546875 0.72734375 0.0921875 0.1140625
0 0.25390625 0.56875 0.0890625 0.1140625
0 0.378125 0.7671875 0.0984375 0.121875
0 0.40859375 0.89609375 0.0921875 0.1125
0 0.34609375 0.91328125 0.0875 0.10625
0 0.853125 0.77578125 0.084375 0.103125
1 0.74609375 0.10546875 0.075 0.1015625
1 0.7140625000000002 0.0375 0.103125 0.075
1 0.89296875 0.62734375 0.0953125 0.115625
