1 0.5015625 0.55703125 0.0984375 0.0703125
1 0.50546875 0.821875 0.1015625 0.0765625
1 0.50078125 0.49140625 0.0984375 0.075
1 0.49921875 0.29296875 0.0953125 0.0703125
1 0.5015625 0.23046875 0.09375 0.0640625
1 0.18515625 0.69296875 0.0953125 0.0703125
1 0.4007812499999999 0.62421875 0.1046875 0.0765625
1 0.8578125 0.821875 0.09375 0.071875
1 0.50078125 0.359375 0.0953125 0.071875
1 0.1828125 0.29921875 0.1015625 0.0703125
1 0.50078125 0.16484375 0.09375 0.065625
0 0.3984375 0.29609375 0.10625 0.0671875
1 0.18828125 0.62890625 0.1 0.0703125
0 0.5015625 0.42578125 0.1 0.06875
1 0.08828125 0.76171875 0.103125 0.071875
1 0.40078125 0.4265625 0.1078125 0.0625
1 0.39921875 0.36171875 0.1046875 0.0703125
1 0.85078125 0.29140625 0.1 0.071875
1 0.403125 0.56328125 0.1046875 0.0578125
1 0.39921875 0.49296875 0.1078125 0.075
0 0.08671875 0.56484375 0.103125 0.071875
1 0.1828125 0.22265625 0.1125 0.084375
1 0.40625 0.75546875 0.096875 0.0703125
1 0.19140625 0.759375 0.10625 0.0671875
1 0.184375 0.43203125 0.0984375 0.0671875
1 0.8515625 0.62265625 0.0984375 0.0671875
1 0.0859375 0.36796875 0.10625 0.065625
1 0.0828125 0.303125 0.1046875 0.071875
1 0.1859375 0.36640625 0.1015625 0.0671875
1 0.07734375 0.23046875 0.1109375 0.084375
1 0.40234375 0.88359375 0.10625 0.0671875
1 0.0875 0.6953125 0.1046875 0.0796875
1 0.0875 0.62734375 0.0984375 0.0734375
0 0.72109375 0.8203125 0.0953125 0.065625
1 0.4015625 0.23046875 0.1046875 0.0671875
1 0.2078125 0.828125 0.13125 0.0671875
1 0.08359375 0.4328125 0.1015625 0.0625
1 0.184375 0.56015625 0.0921875 0.071875
1 0.72109375 0.75390625 0.09375 0.0703125
1 0.8578125 0.4234375 0.096875 0.0765625
1 0.8546875 0.36015625 0.1046875 0.06875
1 0.08359375 0.496875 0.10625 0.0765625
1 0.85546875 0.88515625 0.09375 0.0625
1 0.184375 0.496875 0.0921875 0.065625
1 0.72265625 0.28828125 0.10625 0.0703125
1 0.18984375 0.89765625 0.09375 0.06875
0 0.4046875 0.82265625 0.1015625 0.06875
1 0.08984375 0.89921875 0.1046875 0.0734375
1 0.0875 0.82890625 0.1046875 0.0671875
1 0.40234375 0.16171875 0.1015625 0.071875
0 0.50234375 0.62265625 0.0984375 0.0671875
1 0.72890625 0.61953125 0.1140625 0.0703125
1 0.8484375 0.48671875 0.1015625 0.0671875
1 0.7203125 0.88828125 0.1015625 0.0625
1 0.72421875 0.21796874999999996 0.1125 0.071875
1 0.85234375 0.55390625 0.0984375 0.0703125
0 0.71953125 0.55625 0.1015625 0.059375
1 0.7203125 0.4875 0.103125 0.0734375
1 0.7203125 0.42734375 0.0984375 0.065625
1 0.72109375 0.35703125 0.1046875 0.0703125
1 0.50625 0.88828125 0.10625 0.06875
0 0.50234375 0.75546875 0.096875 0.0671875
0 0.8578125 0.75546875 0.0921875 0.0671875
0 0.85703125 0.69140625 0.0984375 0.0671875
0 0.72421875 0.684375 0.1046875 0.071875
0 0.85546875 0.23125 0.096875 0.0640625
1 0.72109375 0.1453125 0.1046875 0.075
1 0.078125 0.1640625 0.10625 0.078125
1 0.18125 0.16328125 0.1015625 0.0515625
