1 0.50078125 0.44296875 0.1125 0.0921875
1 0.48125 0.50859375 0.1140625 0.096875
1 0.57109375 0.1875 0.1203125 0.1015625
1 0.44765625 0.63515625 0.109375 0.0921875
1 0.40859375 0.7609375 0.109375 0.0921875
1 0.8421875 0.39921875 0.1203125 0.0953125
1 0.43046875 0.7 0.115625 0.09375
1 0.9015625 0.203125 0.1125 0.0984375
1 0.228125 0.08984375 0.109375 0.09375
1 0.3921875 0.8234375 0.109375 0.0890625
0 0.825 0.46015625 0.11875 0.0921875
0 0.8765625 0.26875 0.11875 0.09375
1 0.85859375 0.33515625 0.1203125 0.0953125
1 0.64921875 0.27734375 0.1125 0.0921875
1 0.5781249999999999 0.5375 0.115625 0.096875
1 0.5640625 0.5953125 0.121875 0.1
1 0.94921875 0.36015625 0.1015625 0.0984375
0 0.465625 0.571875 0.1140625 0.090625
1 0.0875 0.603125 0.1109375 0.090625
1 0.08984375 0.60390625 0.1171875 0.1015625
0 0.5296875 0.7257812500000002 0.1203125 0.0953125
1 0.16953125 0.275 0.1125 0.0921875
1 0.159375 0.34765625 0.11875 0.096875
0 0.90859375 0.54921875 0.121875 0.0984375
1 0.9578124999999998 0.296875 0.084375 0.09375
0 0.36015625 0.12734375 0.115625 0.09375
1 0.615625 0.40390625 0.1109375 0.078125
1 0.603125 0.46796875 0.13125 0.1015625
1 0.94140625 0.421875 0.1171875 0.090625
1 0.925 0.49140625 0.121875 0.1
1 0.4890625 0.85390625 0.1125 0.090625
1 0.9671875 0.228125 0.065625 0.096875
0 0.325 0.253125 0.1109375 0.10625
1 0.296875 0.3203125 0.1359375 0.1078125
1 0.11953125 0.47734375 0.109375 0.0984375
1 0.103125 0.53671875 0.1203125 0.096875
1 0.7359375 0.78125 0.121875 0.0984375
1 0.809375 0.5265625 0.1125 0.0953125
1 0.8898437500000002 0.61953125 0.1265625 0.1046875
1 0.753125 0.71640625 0.115625 0.096875
1 0.5078125 0.7890625 0.1234375 0.0984375
1 0.77578125 0.6515625 0.109375 0.0921875
0 0.28984375 0.38515625 0.1140625 0.09375
0 0.2703125 0.45078125 0.1171875 0.1
1 0.25234375 0.51015625 0.121875 0.0984375
1 0.34140625 0.1921875 0.1140625 0.096875
1 0.790625 0.590625 0.1078125 0.0890625
0 0.67109375 0.21328125 0.11875 0.096875
1 0.83671875 0.8078125 0.1171875 0.1
1 0.14375 0.41484375 0.115625 0.096875
1 0.6875 0.15390625 0.121875 0.0984375
1 0.7125 0.85 0.1328125 0.10625
1 0.23359375 0.5765625 0.125 0.1
1 0.54609375 0.66171875 0.125 0.096875
1 0.21171875 0.64140625 0.1234375 0.096875
0 0.1921875 0.21796875 0.1140625 0.09375
1 0.2453125 0.03515625 0.109375 0.0703125
1 0.38203125 0.0625 0.11875 0.09375
0 0.55625 0.25 0.1109375 0.0890625
0 0.51875 0.3796875 0.115625 0.09375
1 0.86796875 0.67734375 0.109375 0.08125
1 0.84921875 0.73984375 0.1140625 0.0921875
1 0.81953125 0.87890625 0.128125 0.109375
1 0.1890625 0.71328125 0.128125 0.103125
1 0.5890625 0.1234375 0.115625 0.09375
0 0.2109375 0.1515625 0.109375 0.090625
0 0.06953125 0.66015625 0.1046875 0.0828125
1 0.1796875 0.77734375 0.1140625 0.0828125
1 0.69609375 0.91328125 0.0953125 0.065625
1 0.79921875 0.946875 0.1203125 0.0875
