1 0.88515625 0.5359375 0.0828125 0.1078125
1 0.81796875 0.53359375 0.090625 0.1109375
1 0.55703125 0.50546875 0.0796875 0.10625
1 0.2328125 0.46484375 0.075 0.1015625
1 0.29453125 0.47578125 0.0796875 0.103125
1 0.653125 0.8359375 0.0765625 0.1015625
1 0.3359375 0.12578125 0.0796875 0.1078125
1 0.36015625 0.48203125 0.0828125 0.1046875
1 0.8609375 0.1828125 0.0796875 0.1
1 0.609375 0.6132812499999999 0.090625 0.115625
1 0.2625 0.7890625 0.0859375 0.1140625
1 0.16796874999999997 0.4578125 0.0796875 0.103125
1 0.5898437500000001 0.825 0.0796875 0.1046875
1 0.8703125 0.64140625 0.078125 0.1140625
1 0.66484375 0.1640625 0.0796875 0.1078125
0 0.28671875 0.575 0.078125 0.1140625
1 0.18515625 0.7796875 0.0984375 0.121875
1 0.4945312499999999 0.49453125 0.0734375 0.109375
0 0.42890625 0.48984375 0.0765625 0.1078125
1 0.41875 0.5875 0.0734375 0.109375
1 0.35078125 0.5828125 0.084375 0.1140625
1 0.7421875 0.6234375 0.0796875 0.1046875
1 0.5468750000000001 0.60625 0.071875 0.1140625
1 0.4820312500000001 0.59921875 0.090625 0.1171875
1 0.7203125 0.83671875 0.084375 0.1125
1 0.4046875 0.13125 0.078125 0.1109375
1 0.64453125 0.9328125 0.0765625 0.1078125
1 0.5742187500000001 0.92578125 0.0875 0.1078125
1 0.465625 0.1390625 0.084375 0.1109375
1 0.24921875 0.88828125 0.08125 0.115625
1 0.1796875 0.88671875 0.096875 0.1203125
0 0.8421875 0.31953125 0.0765625 0.103125
1 0.38046875 0.9046875 0.0765625 0.1109375
1 0.2203125 0.56484375 0.08125 0.1125
1 0.32890625 0.79453125 0.078125 0.1109375
1 0.70859375 0.9390625 0.0828125 0.1078125
1 0.31875 0.253125 0.08125 0.1140625
0 0.80859375 0.63359375 0.0796875 0.1078125
0 0.5125 0.91796875 0.08125 0.1109375
1 0.44609375 0.9125 0.0890625 0.1140625
1 0.4609375 0.80859375 0.0828125 0.1046875
1 0.39453125 0.803125 0.0765625 0.1078125
1 0.77890625 0.31015625 0.0796875 0.1015625
1 0.92734375 0.1921875 0.0734375 0.1
1 0.51953125 0.81875 0.0828125 0.1
1 0.85625 0.85859375 0.0796875 0.096875
1 0.51328125 0.28203125 0.0828125 0.1078125
1 0.15234375 0.55390625 0.084375 0.109375
1 0.84609375 0.94921875 0.0859375 0.1015625
1 0.31875 0.89296875 0.0796875 0.10625
1 0.24609375 0.24296875 0.08125 0.1203125
0 0.7171875 0.30390625 0.065625 0.109375
1 0.646875 0.28671875 0.0828125 0.1234375
1 0.5976562500000001 0.15703125 0.0796875 0.1046875
1 0.775 0.9460937499999998 0.078125 0.1078125
1 0.53125 0.15234375 0.08125 0.1109375
1 0.45234375 0.2734375 0.0828125 0.1046875
1 0.38515625 0.26328125 0.0796875 0.1046875
0 0.621875 0.5125 0.0796875 0.1078125
1 0.9109375 0.328125 0.0796875 0.1078125
0 0.78828125 0.82578125 0.0859375 0.15
0 0.73359375 0.16875 0.0765625 0.1046875
0 0.75390625 0.52890625 0.0765625 0.10625
0 0.58046875 0.2890625 0.0796875 0.1078125
0 0.7976562499999998 0.175 0.0765625 0.1015625
0 0.2765625 0.1109375 0.0765625 0.1046875
1 0.1265625 0.7703125 0.0765625 0.1015625
1 0.1109375 0.8734375 0.084375 0.1171875
1 0.178125 0.2359375 0.075 0.1109375
