1 0.52578125 0.5515625 0.1046875 0.0859375
1 0.48515625 0.35546875 0.1046875 0.0859375
1 0.5125 0.48359375 0.109375 0.090625
1 0.57890625 0.8109375 0.115625 0.0953125
1 0.4625 0.2265625 0.1046875 0.0859375
1 0.24140624999999996 0.7453125000000002 0.11875 0.0875
1 0.47109375 0.29140625 0.1109375 0.0859375
1 0.45 0.16171875 0.1046875 0.08125
0 0.22890625 0.68125 0.1171875 0.084375
1 0.928125 0.7421875 0.1046875 0.0859375
0 0.2703125 0.8765625 0.1171875 0.0875
1 0.15546875 0.83203125 0.115625 0.090625
1 0.3484375 0.1796875 0.1078125 0.0828125
1 0.27890625 0.94765625 0.1078125 0.090625
0 0.49765625 0.4203125 0.1109375 0.0828125
1 0.46796875 0.76640625 0.1078125 0.0859375
0 0.37109375 0.3125 0.1171875 0.0875
1 0.25703125 0.809375 0.1203125 0.0890625
1 0.41015625 0.509375 0.115625 0.0890625
1 0.4 0.4421875 0.11875 0.090625
1 0.1421875 0.76953125 0.115625 0.08125
1 0.12578125 0.7015625 0.115625 0.09375
0 0.11171875 0.63984375 0.1203125 0.090625
1 0.81875 0.22109375000000003 0.1140625 0.0953125
1 0.3625 0.24609375 0.11875 0.090625
1 0.16875 0.8984375 0.115625 0.0828125
1 0.89453125 0.54765625 0.1046875 0.078125
1 0.8734375 0.48046875 0.115625 0.090625
1 0.18203125 0.9617187499999998 0.1140625 0.0765625
1 0.2125 0.61640625 0.10625 0.0890625
1 0.43984375 0.6421875 0.115625 0.08125
1 0.42421875 0.57265625 0.1234375 0.0890625
1 0.16328125 0.35625 0.1140625 0.0875
1 0.84765625 0.3484375 0.1 0.075
1 0.8367187499999998 0.2875 0.115625 0.0875
0 0.79375 0.76796875 0.1109375 0.0859375
1 0.08828125 0.50703125 0.1109375 0.08125
1 0.09765625 0.57109375 0.1203125 0.096875
1 0.175 0.421875 0.1125 0.0890625
1 0.18515625 0.490625 0.1046875 0.0828125
1 0.78125 0.70234375 0.1109375 0.0890625
1 0.715625 0.37578125 0.1171875 0.0875
1 0.1984375 0.5515625 0.1046875 0.08125
1 0.76171875 0.56796875 0.128125 0.0984375
0 0.478125 0.8328125 0.115625 0.090625
1 0.70546875 0.31015625 0.125 0.09375
0 0.72734375 0.4398437499999999 0.1125 0.0890625
1 0.384375 0.378125 0.1234375 0.0890625
1 0.0609375 0.378125 0.1125 0.0921875
1 0.85703125 0.4140625 0.115625 0.090625
1 0.49453125 0.89296875 0.1171875 0.0875
1 0.1515625 0.28203125 0.128125 0.0984375
1 0.940625 0.80703125 0.1046875 0.0828125
1 0.69296875 0.24375 0.1203125 0.0890625
1 0.80390625 0.8351562500000002 0.1125 0.0875
1 0.68046875 0.17109375 0.125 0.09375
0 0.5375 0.61640625 0.1109375 0.0859375
1 0.0515625 0.3078125 0.103125 0.1
1 0.59296875 0.87578125 0.1109375 0.0859375
0 0.90234375 0.61328125 0.109375 0.0859375
0 0.56328125 0.74765625 0.1078125 0.0828125
1 0.0796875 0.44375 0.1078125 0.0828125
0 0.73984375 0.5078125 0.1140625 0.090625
0 0.91640625 0.6796875 0.1046875 0.0828125
1 0.0453125 0.24609375 0.090625 0.0921875
1 0.13359375 0.221875 0.0953125 0.0671875
1 0.66328125 0.1078125 0.1078125 0.075
0 0.8140625 0.15859375 0.1 0.0796875
