1 0.44140625 0.4984375 0.0859375 0.1078125
1 0.18359375 0.4421875 0.0953125 0.1140625
1 0.50625 0.51328125 0.0953125 0.1140625
1 0.63828125 0.5421875 0.0890625 0.1078125
1 0.7640625 0.57578125 0.0875 0.10625
1 0.3796875 0.1578125 0.0828125 0.10625
0 0.5734375 0.52734375 0.0890625 0.1125
1 0.70078125 0.55625 0.0890625 0.1125
1 0.10546875 0.78984375 0.0875 0.10625
1 0.18125 0.11328125 0.0921875 0.1078125
0 0.13828125 0.6546875 0.0859375 0.1125
1 0.82890625 0.58984375 0.0828125 0.10625
1 0.3171875 0.1484375 0.090625 0.115625
1 0.53046875 0.42109375 0.09375 0.1078125
1 0.59140625 0.428125 0.0953125 0.11875
1 0.33671875 0.05234375 0.0890625 0.1046875
0 0.72265625 0.45703125 0.090625 0.115625
1 0.78671875 0.47578125 0.090625 0.1171875
1 0.39609375 0.05859375 0.0953125 0.1171875
1 0.46640625 0.075 0.096875 0.1171875
1 0.11953125 0.42734375 0.0890625 0.1125
0 0.5296875 0.0890625 0.0953125 0.1234375
1 0.271875 0.3609375 0.0875 0.10625
0 0.25 0.13359375 0.0875 0.115625
1 0.6265625 0.9015625 0.0921875 0.1140625
1 0.76484375 0.24453125 0.0890625 0.109375
1 0.271875 0.04609375 0.090625 0.0921875
1 0.20078125 0.03671875 0.0859375 0.0734375
1 0.85234375 0.4875 0.0890625 0.109375
1 0.703125 0.23359375 0.0890625 0.1140625
1 0.40234375 0.38515625 0.090625 0.1171875
1 0.49296875 0.88046875 0.1015625 0.10625
1 0.55625 0.890625 0.0875 0.1171875
1 0.46328125 0.396875 0.0921875 0.1234375
1 0.365625 0.84609375 0.0875 0.1140625
1 0.90546875 0.27578125 0.084375 0.1046875
1 0.3015625 0.82890625 0.0859375 0.109375
0 0.20546875 0.33984375 0.090625 0.1171875
1 0.65859375 0.44296875 0.0875 0.1171875
1 0.43125 0.85625 0.0921875 0.1109375
1 0.57578125 0.203125 0.0796875 0.1015625
1 0.63671875 0.21562500000000004 0.08125 0.1078125
0 0.378125 0.48359375 0.0859375 0.109375
1 0.5109375 0.18671875 0.0875 0.103125
1 0.20078125 0.67109375 0.0890625 0.1125
1 0.83828125 0.26640625 0.1 0.1265625
1 0.6 0.10625 0.0875 0.1265625
1 0.6578125 0.11875 0.0890625 0.1140625
1 0.0421875 0.77265625 0.0796875 0.0984375
1 0.7875 0.14765625 0.0921875 0.1140625
1 0.65546875 0.77578125 0.09375 0.1203125
1 0.06796875 0.6390625 0.08125 0.1125
1 0.1453125 0.33203125 0.0859375 0.1171875
0 0.44296875 0.17578125 0.0875 0.115625
1 0.58984375 0.76015625 0.090625 0.11875
1 0.5234375 0.7421875 0.09375 0.1171875
0 0.3953125 0.715625 0.0828125 0.109375
0 0.4609375 0.72734375 0.096875 0.1109375
1 0.85703125 0.15859375 0.1 0.121875
1 0.72734375 0.7953125 0.096875 0.1265625
0 0.2484375 0.45390625 0.0859375 0.1078125
1 0.72109375 0.1359375 0.0859375 0.109375
0 0.23046875 0.81953125 0.0890625 0.109375
1 0.33203125 0.70234375 0.09375 0.1203125
1 0.9265624999999998 0.17265625 0.1 0.1296875
0 0.1671875 0.8054687499999998 0.0859375 0.1078125
0 0.265625 0.690625 0.0953125 0.1234375
1 0.796875 0.80546875 0.0890625 0.121875
0 0.6828125 0.92109375 0.0875 0.10625
