1 0.47578125 0.44765625 0.1078125 0.084375
1 0.51171875 0.64453125 0.1078125 0.084375
1 0.5328125 0.7742187499999998 0.1046875 0.084375
1 0.4875 0.515625 0.109375 0.0890625
1 0.428125 0.1875 0.115625 0.09375
1 0.525 0.709375 0.1109375 0.084375
1 0.54375 0.8390625000000002 0.1046875 0.0796875
1 0.76328125 0.2578125 0.115625 0.0859375
0 0.50078125 0.5796875 0.109375 0.08125
1 0.6453125 0.82265625 0.1046875 0.0796875
1 0.72890625 0.05625 0.10625 0.0890625
1 0.07578125 0.24765625 0.1046875 0.0875
0 0.62578125 0.68984375 0.115625 0.0859375
1 0.85 0.17421875 0.1109375 0.0875
1 0.75 0.19453125 0.115625 0.0890625
1 0.590625 0.49296875 0.115625 0.0828125
1 0.59921875 0.5578125 0.1171875 0.090625
1 0.63359375 0.75625 0.1171875 0.0859375
1 0.53671875 0.234375 0.1078125 0.084375
0 0.7375 0.12734375 0.115625 0.0859375
1 0.17734375 0.7734375 0.1125 0.090625
0 0.8890625 0.36484375 0.1171875 0.0921875
0 0.21328125 0.22734375 0.109375 0.08125
1 0.86328125 0.2359375 0.10625 0.0671875
1 0.8757812499999998 0.3078125 0.115625 0.096875
0 0.775 0.3234375 0.1140625 0.0828125
1 0.8351562500000002 0.64921875 0.1109375 0.084375
1 0.82421875 0.58515625 0.109375 0.084375
1 0.1265625 0.5125 0.1140625 0.0890625
1 0.7898437499999998 0.3890625 0.1078125 0.084375
1 0.8453125 0.72421875 0.128125 0.096875
1 0.5624999999999999 0.3703125 0.115625 0.0765625
1 0.5781250000000001 0.42578125 0.1265625 0.090625
1 0.8265625 0.0390625 0.115625 0.078125
1 0.91171875 0.4984374999999999 0.1109375 0.08125
1 0.815625 0.51484375 0.1046875 0.084375
1 0.83828125 0.1078125 0.1140625 0.0828125
1 0.140625 0.65 0.1 0.0890625
1 0.159375 0.70703125 0.115625 0.0875
1 0.6140625 0.6234375 0.1203125 0.0859375
0 0.528125 0.1671875 0.1140625 0.0890625
1 0.903125 0.4359375 0.121875 0.0953125
1 0.80234375 0.45390625 0.1 0.0796875
1 0.5125 0.1078125 0.1171875 0.0859375
1 0.28203125 0.6203125 0.1171875 0.0859375
1 0.221875 0.29140625 0.109375 0.084375
1 0.240625 0.42734375 0.128125 0.096875
0 0.271875 0.55625 0.109375 0.0875
1 0.14296875 0.5796875 0.1140625 0.0890625
1 0.115625 0.44765625 0.10625 0.0859375
1 0.9359375 0.6296875 0.1109375 0.0875
1 0.20234375 0.16015625 0.1125 0.0890625
1 0.29140625 0.68828125 0.125 0.0875
1 0.303125 0.75390625 0.1203125 0.0859375
1 0.946875 0.7 0.10625 0.096875
1 0.315625 0.82734375 0.121875 0.09375
1 0.06484375 0.1859375 0.10625 0.084375
1 0.8640625 0.78828125 0.1015625 0.078125
1 0.41484375 0.12265625 0.1109375 0.084375
1 0.91953125 0.56328125 0.1046875 0.08125
0 0.4421875 0.25078125 0.10625 0.08125
0 0.1 0.38125 0.109375 0.0875
0 0.26015625 0.4890625 0.1109375 0.0875
0 0.4640625 0.38359375 0.1125 0.0859375
0 0.0859375 0.31328125 0.10625 0.0828125
0 0.234375 0.35859375 0.1109375 0.084375
0 0.1796875 0.83515625 0.096875 0.0703125
1 0.3390625 0.90078125 0.11875 0.0890625
1 0.9499999999999998 0.76484375 0.1 0.0765625
