1 0.5234375 0.55234375 0.1140625 0.096875
1 0.6125 0.80078125 0.1203125 0.10625
0 0.48125 0.4281249999999999 0.1171875 0.096875
1 0.4578125 0.36328125 0.1140625 0.096875
1 0.5015625 0.490625 0.1171875 0.1
1 0.946875 0.6859375 0.10625 0.09375
1 0.26796875 0.78359375 0.1109375 0.09375
1 0.39765625 0.18125 0.1171875 0.096875
1 0.4390625 0.30390625 0.1203125 0.0984375
1 0.41953125 0.23984375 0.1109375 0.09375
1 0.17578125 0.82265625 0.1234375 0.1
1 0.15546875 0.7515625 0.1203125 0.10625
1 0.25703125 0.71796875 0.1328125 0.10625
1 0.79609375 0.253125 0.1234375 0.103125
1 0.76640625 0.1875 0.1203125 0.0984375
1 0.44921875 0.64609375 0.1234375 0.103125
0 0.34140625 0.33984375 0.121875 0.096875
1 0.3625 0.40078125 0.1234375 0.103125
1 0.87734375 0.4984374999999999 0.121875 0.1046875
0 0.13203125 0.6960937499999998 0.1234375 0.1
1 0.203125 0.59609375 0.109375 0.090625
1 0.5359375 0.89296875 0.1234375 0.096875
1 0.796875 0.66640625 0.1109375 0.0953125
1 0.8109375 0.31015625 0.125 0.10625
0 0.515625 0.83515625 0.1203125 0.0984375
1 0.1828125 0.53828125 0.1109375 0.090625
1 0.2 0.878125 0.11875 0.1015625
1 0.29375 0.84296875 0.1234375 0.1
1 0.1375 0.4125 0.1171875 0.1
1 0.42890625 0.58359375 0.11875 0.096875
1 0.40703125 0.525 0.1234375 0.103125
1 0.496875 0.77109375 0.1171875 0.096875
0 0.81796875 0.728125 0.115625 0.0953125
1 0.10859375 0.63125 0.1265625 0.1078125
1 0.690625 0.35859375 0.1171875 0.0953125
1 0.64453125 0.2265625 0.1203125 0.1015625
1 0.321875 0.275 0.1234375 0.1
1 0.33671875 0.9640625000000002 0.1109375 0.071875
1 0.30078125 0.2109375 0.1203125 0.0984375
1 0.22578125 0.65703125 0.1140625 0.0984375
1 0.62421875 0.15703125 0.128125 0.1015625
1 0.840625 0.79375 0.1203125 0.0984375
1 0.95703125 0.74765625 0.0859375 0.0921875
1 0.85546875 0.434375 0.1203125 0.0984375
1 0.66953125 0.29296875 0.1234375 0.103125
1 0.16328125 0.47421875 0.115625 0.0921875
0 0.3171875 0.9078125 0.1203125 0.0984375
1 0.240625 0.9796875000000002 0.128125 0.040625
0 0.77421875 0.60859375 0.1140625 0.09375
1 0.76015625 0.5390625 0.1296875 0.10625
1 0.05078125 0.44765625 0.1015625 0.1015625
1 0.8296875 0.37421875 0.1234375 0.1
1 0.21953125 0.94140625 0.121875 0.0984375
1 0.1171875 0.3375 0.13125 0.1109375
1 0.3875 0.46171875 0.1234375 0.096875
1 0.03984375 0.3796875 0.0796875 0.109375
0 0.54609375 0.6140625 0.1171875 0.096875
0 0.7296875 0.4796875 0.115625 0.096875
0 0.71015625 0.41484375 0.1171875 0.1
0 0.903125 0.5640625 0.1171875 0.096875
1 0.0703125 0.50859375 0.1125 0.09375
1 0.634375 0.8625 0.1203125 0.096875
0 0.58828125 0.73984375 0.1140625 0.0921875
1 0.0890625 0.5664062500000001 0.115625 0.0875
0 0.92578125 0.6234375 0.109375 0.0921875
1 0.0296875 0.31875 0.059375 0.1
1 0.096875 0.28515625 0.1078125 0.078125
1 0.5953125 0.0953125 0.1171875 0.0921875
0 0.753125 0.125 0.1125 0.090625
