1 0.4867187499999999 0.4453125 0.1046875 0.0734375
1 0.50546875 0.64609375 0.10625 0.0765625
1 0.4484375 0.11015625 0.1078125 0.0859375
1 0.4625 0.184375 0.109375 0.090625
1 0.49453125 0.51484375 0.10625 0.0828125
1 0.51484375 0.77890625 0.0984375 0.0734375
1 0.5125 0.71328125 0.10625 0.0796875
0 0.775 0.15078125 0.1109375 0.075
1 0.5203125 0.84375 0.1046875 0.0734375
1 0.5890625 0.4328125 0.109375 0.06875
1 0.59375 0.49765625 0.10625 0.0765625
1 0.60078125 0.56875 0.109375 0.078125
1 0.7921875 0.2828125 0.10625 0.0765625
0 0.5 0.58046875 0.10625 0.0765625
0 0.90546875 0.40234375 0.1125 0.078125
1 0.1046875 0.215625 0.1015625 0.078125
1 0.14921875 0.67578125 0.1078125 0.0765625
0 0.2421875 0.203125 0.10625 0.075
1 0.7859375 0.21875 0.10625 0.0765625
1 0.12890625 0.4164062499999999 0.1046875 0.0734375
1 0.890625 0.27109375 0.1046875 0.065625
1 0.89765625 0.33828125 0.10625 0.0828125
1 0.1609375 0.746875 0.10625 0.0796875
1 0.91171875 0.47578125 0.1140625 0.0859375
1 0.88515625 0.20859375 0.10625 0.078125
1 0.278125 0.6015625 0.1125 0.078125
1 0.13359375 0.478125 0.10625 0.078125
1 0.28359375 0.6703125 0.1203125 0.08125
1 0.8171875 0.5484375 0.1015625 0.0734375
1 0.82734375 0.68046875 0.109375 0.078125
1 0.6078125 0.6375 0.1125 0.078125
1 0.61640625 0.76875 0.1109375 0.08125
1 0.146875 0.6132812499999999 0.1109375 0.0765625
1 0.8203125 0.6125 0.1046875 0.0734375
0 0.7984375 0.34921875 0.1078125 0.075
1 0.7734375 0.08125 0.1015625 0.0796875
0 0.6140625 0.70234375 0.1125 0.078125
1 0.58359375 0.3773437499999999 0.1125 0.08125
1 0.24765625 0.2703125 0.109375 0.08125
1 0.878125 0.13984375 0.1046875 0.0734375
1 0.83046875 0.75390625 0.121875 0.090625
1 0.1 0.15 0.09375 0.06875
0 0.2671875 0.4671874999999999 0.09375 0.0578125
0 0.27265625 0.5375 0.109375 0.0828125
1 0.93125 0.66875 0.10625 0.0765625
1 0.6210937499999999 0.8367187499999998 0.1078125 0.0765625
1 0.80703125 0.4171875 0.0984375 0.0734375
1 0.2375 0.1359375 0.109375 0.078125
1 0.81484375 0.48203125 0.0890625 0.0703125
1 0.9421875 0.740625 0.1125 0.0890625
0 0.5625 0.1734375 0.109375 0.078125
1 0.5671875 0.2375 0.0984375 0.0734375
1 0.2875 0.7390625 0.1078125 0.0734375
1 0.14296875 0.546875 0.1078125 0.075
1 0.559375 0.109375 0.1140625 0.078125
1 0.25859375 0.40546875 0.1140625 0.0828125
1 0.87265625 0.06796875 0.1109375 0.078125
1 0.29453125 0.81015625 0.1140625 0.0734375
0 0.11796875 0.34609375 0.10625 0.0765625
0 0.48046875 0.38203125 0.103125 0.0765625
1 0.9140625 0.534375 0.10625 0.08125
1 0.91875 0.60234375 0.103125 0.0765625
0 0.2546875 0.33671875 0.10625 0.0796875
0 0.1125 0.2796875 0.09375 0.071875
0 0.46796875 0.2484375 0.10625 0.0765625
1 0.3046875 0.87578125 0.1140625 0.075
0 0.1546875 0.8140625 0.090625 0.08125
1 0.8429687500000002 0.82265625 0.0953125 0.0734375
1 0.9421874999999998 0.803125 0.115625 0.078125
