1 0.51796875 0.55390625 0.1125 0.09375
1 0.59921875 0.80625 0.11875 0.103125
1 0.4984375 0.49140625 0.1140625 0.1
1 0.4390625 0.30234375 0.1109375 0.09375
1 0.42265625 0.24140625 0.1078125 0.0890625
1 0.25546875 0.7765625 0.109375 0.09375
1 0.44140625 0.64765625 0.121875 0.103125
1 0.9359375 0.703125 0.1109375 0.096875
1 0.4593749999999999 0.365625 0.1125 0.096875
1 0.13828125 0.40078125 0.1171875 0.0984375
1 0.403125 0.17890625 0.109375 0.090625
0 0.34296875 0.334375 0.1203125 0.09375
1 0.23984374999999997 0.7140625000000002 0.115625 0.0953125
0 0.4796875 0.42890625 0.115625 0.0953125
1 0.1828125 0.8703125 0.1203125 0.0984375
1 0.38359375 0.4585937500000001 0.1203125 0.090625
1 0.36328125 0.396875 0.121875 0.1
1 0.77421875 0.19765625 0.1171875 0.0984375
1 0.42578125 0.5890625 0.115625 0.0859375
1 0.4015625 0.52265625 0.125 0.103125
0 0.1234375 0.6828125 0.1203125 0.0984375
1 0.115625 0.32734375 0.1328125 0.1140625
1 0.48515625 0.771875 0.1125 0.09375
1 0.28046875 0.83828125 0.121875 0.096875
1 0.178125 0.52734375 0.1140625 0.0921875
1 0.871875 0.51484375 0.1125 0.09375
1 0.065625 0.49453125 0.1203125 0.09375
1 0.0515625 0.43359375 0.103125 0.0984375
1 0.1609375 0.4640625 0.1140625 0.0921875
1 0.040625 0.365625 0.08125 0.1125
1 0.51875 0.8953125 0.1203125 0.09375
1 0.1625 0.80703125 0.1234375 0.10625
1 0.14296875 0.7421875 0.1171875 0.1
0 0.80546875 0.74140625 0.1109375 0.090625
1 0.32734375 0.27109375 0.11875 0.09375
1 0.31640625 0.89921875 0.1453125 0.1015625
1 0.08203125 0.5578125 0.115625 0.0890625
1 0.215625 0.65 0.1109375 0.096875
1 0.7859375 0.678125 0.109375 0.09375
1 0.81953125 0.321875 0.115625 0.1015625
1 0.7984375 0.2625 0.11875 0.0953125
1 0.10078125 0.61875 0.1234375 0.1046875
1 0.94921875 0.7640625 0.1015625 0.0875
1 0.196875 0.5890625 0.109375 0.090625
1 0.65078125 0.2328125 0.121875 0.1
1 0.31875 0.9617187499999998 0.109375 0.0765625
0 0.503125 0.83671875 0.1171875 0.0953125
1 0.2234375 0.975 0.121875 0.05
1 0.2015625 0.93515625 0.11875 0.09375
1 0.3078125 0.2046875 0.1171875 0.0984375
0 0.53828125 0.61640625 0.115625 0.0953125
1 0.75390625 0.54765625 0.128125 0.0984375
1 0.8296875 0.38515625 0.115625 0.0953125
1 0.82421875 0.80703125 0.1140625 0.0890625
1 0.63203125 0.16484375 0.128125 0.1015625
1 0.85234375 0.4484375 0.1140625 0.09375
0 0.7265625 0.48984375 0.1125 0.0859375
1 0.70703125 0.4234375 0.1203125 0.1
1 0.6890625 0.36640625 0.1125 0.090625
1 0.66953125 0.2984375 0.1203125 0.096875
1 0.61953125 0.86953125 0.121875 0.096875
0 0.5765625 0.74375 0.1125 0.090625
0 0.9171875 0.63984375 0.1078125 0.0890625
0 0.89765625 0.57890625 0.1125 0.090625
0 0.76796875 0.6109375 0.1203125 0.0984375
0 0.76171875 0.1390625 0.1125 0.090625
1 0.6078125 0.09609375 0.1203125 0.1015625
1 0.03046875 0.3015625 0.0609375 0.10625
1 0.096875 0.27109375 0.1125 0.0796875
