1 0.51015625 0.22890625000000003 0.09375 0.0640625
1 0.51171875 0.81953125 0.1 0.075
1 0.509375 0.55703125 0.0953125 0.0703125
0 0.5078125 0.42421875 0.1 0.06875
1 0.50703125 0.3570312500000001 0.1 0.0671875
1 0.509375 0.16171875 0.0953125 0.0671875
1 0.50859375 0.48984375 0.1 0.0734375
1 0.50625 0.29296875 0.0984375 0.0703125
1 0.86640625 0.821875 0.09375 0.0671875
1 0.86328125 0.359375 0.0953125 0.0609375
1 0.19453125 0.69296875 0.1 0.0671875
1 0.859375 0.28984375 0.1 0.06875
1 0.1921875 0.8976562500000002 0.090625 0.071875
0 0.7296875 0.81953125 0.1015625 0.0703125
0 0.4039062500000001 0.29453125 0.10625 0.0671875
1 0.09296875 0.69375 0.1046875 0.065625
1 0.0953125 0.62421875 0.1015625 0.078125
1 0.859375 0.421875 0.1015625 0.071875
1 0.1953125 0.7570312500000002 0.1046875 0.071875
1 0.40625 0.62109375 0.10625 0.075
1 0.859375 0.62265625 0.1015625 0.0671875
1 0.4046875 0.36015625 0.10625 0.06875
1 0.203125 0.628125 0.11875 0.0703125
1 0.4125 0.5578125 0.0984375 0.0625
1 0.4046875 0.490625 0.109375 0.059375
1 0.4046875 0.43046875 0.10625 0.071875
1 0.7296875 0.88671875 0.1015625 0.071875
1 0.4125 0.75546875 0.0953125 0.0703125
0 0.1953125 0.82578125 0.1 0.0671875
1 0.18828125 0.29921875 0.0953125 0.06875
1 0.85625 0.48671875 0.10625 0.0671875
1 0.86171875 0.55546875 0.1015625 0.0703125
1 0.5125 0.88671875 0.1015625 0.06875
1 0.0953125 0.82421875 0.1046875 0.06875
1 0.40546875 0.22890625 0.1046875 0.0703125
0 0.09140625 0.56328125 0.1046875 0.0671875
1 0.86484375 0.88671875 0.0875 0.059375
1 0.18828125 0.43125 0.0953125 0.0625
1 0.72890625 0.4265625 0.1015625 0.0609375
1 0.18984375 0.15703125 0.09375 0.06875
1 0.7296875 0.28828125 0.1015625 0.06875
1 0.41171875 0.88359375 0.1015625 0.0671875
1 0.7296875 0.75234375 0.0984375 0.071875
0 0.4085937499999999 0.821875 0.1046875 0.0671875
0 0.7296875 0.48671875 0.0984375 0.071875
1 0.4078125 0.16015625000000003 0.1 0.06875
1 0.09453125 0.89765625 0.1015625 0.0734375
1 0.7375 0.621875 0.1171875 0.0734375
1 0.09609375 0.76015625 0.0984375 0.071875
1 0.7312499999999998 0.35546875 0.1 0.0671875
1 0.190625 0.56015625 0.090625 0.071875
1 0.08984375 0.29921875 0.103125 0.0703125
1 0.19453125 0.221875 0.1125 0.078125
1 0.09375 0.5 0.1078125 0.0703125
1 0.0921875 0.434375 0.1 0.06875
1 0.73125 0.21640625 0.10625 0.0671875
1 0.19140625 0.365625 0.1015625 0.0640625
1 0.08515625 0.22734375 0.10625 0.0796875
1 0.18984375 0.4953125 0.090625 0.0625
0 0.509375 0.62421875 0.1 0.0671875
0 0.728125 0.55390625 0.1 0.0703125
0 0.50625 0.75546875 0.096875 0.0671875
1 0.09453125 0.36796875 0.0953125 0.0640625
0 0.8671875 0.69140625 0.1015625 0.0671875
0 0.8671875 0.75546875 0.090625 0.0671875
0 0.47734375 0.97734375 0.1453125 0.04375
0 0.74765625 0.68671875 0.1359375 0.0734375
1 0.7265625 0.15078125 0.103125 0.0796875
1 0.0859375 0.1640625 0.1046875 0.0703125
0 0.86796875 0.23281250000000003 0.0859375 0.0640625
