1 0.51640625 0.55703125 0.1015625 0.0765625
1 0.54296875 0.81953125 0.10625 0.0828125
1 0.4890625 0.22890625 0.096875 0.0734375
1 0.5109375 0.4890625 0.1046875 0.0796875
1 0.5 0.359375 0.09375 0.0640625
1 0.490625 0.29453125 0.103125 0.0765625
0 0.50390625 0.425 0.10625 0.0765625
1 0.21171875 0.72265625 0.0984375 0.0734375
1 0.221875 0.78515625 0.109375 0.08125
1 0.175 0.32890625 0.10625 0.0796875
1 0.48203125 0.16171875 0.1015625 0.0765625
1 0.23125000000000004 0.92265625 0.1 0.0796875
0 0.38828125 0.30546875 0.1125 0.078125
1 0.1125 0.73046875 0.1015625 0.0765625
1 0.10703125 0.66328125 0.1078125 0.0828125
1 0.12265625 0.79453125 0.10625 0.0765625
0 0.76015625 0.79921875 0.1046875 0.0734375
1 0.89609375 0.78828125 0.096875 0.0765625
1 0.4203125 0.63203125 0.1109375 0.08125
1 0.4046874999999999 0.50078125 0.1203125 0.071875
1 0.40234375 0.4375 0.1140625 0.078125
1 0.84296875 0.259375 0.10625 0.0765625
1 0.54921875 0.88515625 0.103125 0.0734375
1 0.87421875 0.590625 0.1046875 0.0765625
0 0.10078125 0.6 0.1125 0.08125
0 0.440625 0.83046875 0.10625 0.0765625
1 0.86171875 0.39296875 0.0953125 0.0765625
1 0.8507812500000002 0.32734375 0.103125 0.0734375
1 0.12890625 0.86171875 0.1078125 0.075
1 0.19140625 0.52421875 0.0953125 0.0703125
0 0.23046875 0.8515625 0.1078125 0.0734375
1 0.37890625 0.17109374999999996 0.10625 0.0796875
1 0.184375 0.39375 0.1078125 0.0734375
1 0.4375 0.76171875 0.0984375 0.0734375
1 0.3851562499999999 0.23828125 0.1125 0.078125
1 0.39375 0.36875 0.1125 0.078125
1 0.134375 0.9328125 0.1046875 0.0734375
0 0.52109375 0.62265625 0.103125 0.0765625
1 0.76484375 0.86640625 0.10625 0.0765625
1 0.71328125 0.2671875 0.1125 0.0828125
1 0.859375 0.45546875 0.10625 0.0765625
1 0.8703125 0.5234375 0.1046875 0.0734375
1 0.0953125 0.5328125 0.1109375 0.084375
1 0.0875 0.4703125 0.109375 0.078125
1 0.07734375 0.33906249999999993 0.1078125 0.0796875
1 0.75546875 0.734375 0.1046875 0.0765625
1 0.16171875 0.18359374999999997 0.1 0.0796875
1 0.18671875 0.4578125 0.1 0.0734375
1 0.44921875 0.89140625 0.1109375 0.071875
1 0.7218750000000002 0.4046874999999999 0.1109375 0.08125
1 0.2 0.58671875 0.1 0.0796875
1 0.06484375 0.265625 0.1140625 0.090625
1 0.8984375 0.8546875000000002 0.0921875 0.0640625
1 0.71796875 0.33828125 0.1125 0.0828125
0 0.728125 0.46875 0.103125 0.0828125
0 0.88515625 0.65859375 0.109375 0.078125
1 0.08515625 0.40390625 0.1015625 0.0734375
1 0.70859375 0.19609375 0.1171875 0.078125
0 0.53203125 0.75390625 0.1 0.0734375
1 0.4375 0.69609375 0.11875 0.08125
1 0.41484375 0.56640625 0.1125 0.078125
0 0.8921875 0.72421875 0.1 0.0734375
0 0.21171875 0.6546875 0.1140625 0.078125
0 0.74921875 0.665625 0.09375 0.0671875
1 0.74296875 0.5984375 0.109375 0.078125
0 0.73359375 0.53515625 0.10625 0.0765625
1 0.171875 0.2515625 0.1171875 0.0828125
0 0.84375 0.19531249999999997 0.09375 0.0796875
1 0.059375 0.2 0.109375 0.071875
1 0.7 0.13046875 0.1046875 0.0703125
