1 0.4828125 0.44375 0.0984375 0.075
1 0.4625 0.18203125 0.1078125 0.08125
1 0.4976562500000001 0.6453125 0.0984375 0.075
1 0.48828125 0.5125 0.1015625 0.078125
1 0.5046875 0.77578125 0.0984375 0.075
0 0.49296875 0.5781250000000001 0.103125 0.071875
1 0.790625 0.2859375 0.1046875 0.071875
1 0.77578125 0.0828125 0.1 0.08125
1 0.5046875 0.70859375 0.1046875 0.071875
1 0.50859375 0.83984375 0.1 0.071875
1 0.88359375 0.2125 0.10625 0.078125
1 0.7820312499999998 0.2203125 0.1078125 0.078125
1 0.10546875 0.20703125 0.0953125 0.0765625
1 0.58671875 0.49921875 0.103125 0.065625
1 0.59296875 0.56640625 0.109375 0.08125
0 0.24375 0.19765625 0.103125 0.075
1 0.89375 0.27890625 0.1140625 0.0796875
1 0.89375 0.34765625 0.1078125 0.0828125
1 0.4546875000000001 0.1140625 0.10625 0.075
0 0.60546875 0.7015625 0.109375 0.0765625
0 0.90078125 0.40859375 0.1109375 0.0796875
0 0.77578125 0.15390625 0.1078125 0.0734375
1 0.56484375 0.2390625 0.1015625 0.075
1 0.60625 0.7687500000000002 0.1109375 0.0796875
1 0.875 0.0734375 0.1109375 0.0765625
1 0.8796875 0.146875 0.1125 0.0765625
1 0.1484375 0.7359375 0.1 0.071875
1 0.15078125 0.73671875 0.1015625 0.078125
0 0.56484375 0.17265625 0.1078125 0.075
0 0.478125 0.38046875 0.103125 0.071875
1 0.61328125 0.83359375 0.1046875 0.075
1 0.81875 0.68046875 0.1046875 0.075
1 0.6 0.6328124999999999 0.1109375 0.0765625
1 0.12890625 0.59921875 0.1 0.08125
1 0.14140625 0.6703125 0.1046875 0.0734375
1 0.578125 0.37265625 0.1125 0.0640625
1 0.58359375 0.43515625 0.1140625 0.0765625
1 0.909375 0.54140625 0.10625 0.0703125
1 0.81171875 0.6171875 0.1046875 0.075
1 0.80546875 0.4859375000000001 0.0984375 0.0671875
1 0.809375 0.5484375 0.103125 0.0703125
1 0.1046875 0.1421875 0.0890625 0.0671875
1 0.125 0.40546875 0.103125 0.0796875
1 0.55546875 0.1109375 0.1125 0.0765625
1 0.90625 0.47890625 0.115625 0.0796875
1 0.1390625 0.540625 0.1015625 0.078125
1 0.128125 0.4734375 0.1078125 0.075
1 0.92109375 0.671875 0.1046875 0.078125
0 0.79296875 0.3515625 0.109375 0.0734375
1 0.2484375 0.2640625 0.1046875 0.075
1 0.8015625 0.421875 0.0984375 0.071875
0 0.26953125 0.5296875 0.1046875 0.0796875
1 0.82109375 0.75703125 0.1171875 0.0859375
0 0.25390625 0.33125 0.103125 0.075
1 0.2484375 0.39921875 0.121875 0.0859375
1 0.2390625 0.12734375 0.103125 0.065625
0 0.46953125 0.24609375 0.0984375 0.071875
1 0.2796875 0.72890625 0.1125 0.08125
1 0.27265625 0.59453125 0.1078125 0.078125
1 0.9125 0.60546875 0.1015625 0.0734375
1 0.27734375 0.66015625 0.1109375 0.0765625
1 0.8312500000000002 0.8234375 0.0953125 0.075
1 0.93125 0.7429687499999998 0.1109375 0.084375
1 0.28359375 0.8039062500000002 0.1140625 0.0796875
0 0.1140625 0.33828125 0.1015625 0.078125
1 0.9375 0.81484375 0.1203125 0.0890625
0 0.26328125 0.46328125 0.1046875 0.0796875
0 0.109375 0.27109375 0.0984375 0.0765625
0 0.15078125 0.80234375 0.0921875 0.071875
1 0.2921875 0.87109375 0.1078125 0.0734375
