1 0.50390625 0.55703125 0.096875 0.071875
1 0.5078125 0.82265625 0.1015625 0.0765625
1 0.5078125 0.3609375000000001 0.1 0.059375
1 0.50078125 0.29765625 0.0953125 0.0703125
1 0.5046875 0.23046875 0.09375 0.0671875
1 0.18515625 0.69296875 0.0953125 0.0703125
1 0.8546875 0.62421875 0.1 0.0734375
1 0.4039062500000001 0.62265625 0.10625 0.0796875
1 0.85703125 0.35859375 0.0953125 0.0703125
1 0.85390625 0.29296875 0.1046875 0.071875
1 0.86015625 0.821875 0.090625 0.0671875
0 0.4007812499999999 0.29765625 0.1046875 0.065625
1 0.5046875 0.165625 0.096875 0.0703125
1 0.5046875 0.490625 0.0984375 0.0671875
0 0.503125 0.428125 0.1 0.0703125
1 0.40234375 0.4265625 0.1 0.0625
1 0.40234375 0.36171875 0.10625 0.0703125
1 0.40546875 0.88515625 0.1046875 0.06875
1 0.4 0.56015625 0.1078125 0.059375
1 0.40078125 0.49609375 0.1078125 0.078125
1 0.19296875 0.63046875 0.109375 0.0703125
1 0.19375 0.759375 0.10625 0.0671875
1 0.85859375 0.49375 0.0984375 0.0609375
1 0.8546875 0.42421875 0.1046875 0.0765625
1 0.7234375 0.428125 0.1015625 0.0703125
0 0.7234375 0.821875 0.0984375 0.0671875
1 0.084375 0.303125 0.103125 0.0609375
1 0.07890625 0.23046875 0.1125 0.0859375
1 0.18828125 0.29921875 0.10625 0.0703125
0 0.40546875 0.82265625 0.1015625 0.06875
1 0.08984375 0.76171875 0.103125 0.0734375
1 0.0859375 0.69375 0.10625 0.065625
1 0.08671875 0.62734375 0.1046875 0.0765625
1 0.40390625 0.23046875 0.103125 0.0703125
1 0.86015625 0.88671875 0.090625 0.0625
1 0.18671875 0.56015625 0.09375 0.0734375
0 0.0875 0.56640625 0.10625 0.0703125
1 0.72578125 0.28984375 0.10625 0.0703125
1 0.18828125 0.22421874999999997 0.115625 0.084375
1 0.1875 0.496875 0.09375 0.065625
1 0.7234375 0.75546875 0.09375 0.0703125
1 0.7296875 0.61953125 0.1140625 0.0703125
1 0.18828125 0.36796875 0.1015625 0.0640625
1 0.1875 0.43203125 0.0984375 0.0640625
1 0.7265625 0.21796875 0.1125 0.0703125
1 0.85390625 0.55546875 0.10625 0.075
0 0.71953125 0.55546875 0.1015625 0.071875
1 0.08671875 0.496875 0.10625 0.0765625
1 0.18828125 0.89921875 0.0875 0.071875
1 0.40703125 0.75546875 0.0984375 0.0671875
1 0.40390625 0.16328125 0.1 0.06875
1 0.08984375 0.9 0.1078125 0.075
1 0.08984375 0.36796875 0.0953125 0.0703125
1 0.7234375 0.88828125 0.1046875 0.06875
1 0.72421875 0.35859375 0.1046875 0.0703125
0 0.1953125 0.82578125 0.1078125 0.071875
1 0.5078125 0.890625 0.103125 0.0671875
1 0.0875 0.82890625 0.109375 0.0671875
0 0.72421875 0.68671875 0.1015625 0.0734375
1 0.715625 0.48984375 0.1171875 0.071875
0 0.5046875 0.62421875 0.1 0.0671875
0 0.8585937500000002 0.69296875 0.0953125 0.0671875
0 0.859375 0.75546875 0.0921875 0.0671875
1 0.0875 0.42890625 0.1015625 0.05625
0 0.5046875 0.75546875 0.0984375 0.0703125
0 0.8601562499999998 0.2296875 0.0921875 0.0703125
1 0.0859375 0.1625 0.109375 0.075
1 0.184375 0.16718749999999996 0.090625 0.0640625
1 0.71953125 0.15390625 0.1046875 0.0578125
