1 0.50546875 0.55703125 0.096875 0.0703125
1 0.50859375 0.82109375 0.1015625 0.078125
0 0.50546875 0.42578125 0.1 0.06875
1 0.5046875 0.35703125 0.096875 0.0703125
1 0.5046875 0.49140625 0.0984375 0.071875
1 0.8625 0.821875 0.090625 0.0671875
1 0.18828125 0.69296875 0.0953125 0.0671875
1 0.50703125 0.165625 0.1 0.0703125
1 0.50625 0.29453125 0.103125 0.06875
1 0.50859375 0.228125 0.0953125 0.065625
1 0.08828125 0.69921875 0.10625 0.06875
1 0.0921875 0.62578125 0.0984375 0.078125
1 0.19921875 0.62734375 0.115625 0.071875
1 0.8601562499999998 0.36328125 0.1078125 0.071875
1 0.85390625 0.29140625 0.1046875 0.0703125
1 0.4046875 0.621875 0.10625 0.071875
0 0.40234375 0.29687499999999994 0.10625 0.065625
1 0.40234375 0.36171875 0.10625 0.0703125
1 0.85703125 0.62109375 0.103125 0.075
0 0.08828125 0.565625 0.10625 0.0703125
1 0.18828125 0.49453125 0.09375 0.0640625
1 0.40625 0.88359375 0.1078125 0.0671875
1 0.7265625 0.75390625 0.0953125 0.0703125
1 0.85546875 0.421875 0.10625 0.075
0 0.40546875 0.821875 0.1046875 0.0671875
1 0.1875 0.4328125 0.0953125 0.0625
1 0.09296875 0.76015625 0.1015625 0.071875
1 0.19375 0.75703125 0.10625 0.0703125
1 0.1859375 0.29921875 0.0984375 0.0703125
1 0.40546875 0.55546875 0.103125 0.0671875
1 0.4039062500000001 0.49296875 0.10625 0.071875
1 0.40859375 0.75546875 0.1 0.0703125
0 0.7265625 0.81953125 0.1015625 0.0671875
1 0.08671875 0.496875 0.1078125 0.0765625
1 0.7265625 0.428125 0.1015625 0.0671875
1 0.72578125 0.28828125 0.1046875 0.0703125
1 0.4046875 0.22890625 0.10625 0.0703125
1 0.19140625 0.89765625 0.09375 0.06875
1 0.40546875 0.16171875 0.1046875 0.0671875
1 0.18984375 0.559375 0.0953125 0.071875
1 0.72890625 0.21640625 0.1125 0.0703125
1 0.7265625 0.88828125 0.103125 0.06875
1 0.8625000000000002 0.88671875 0.0953125 0.065625
1 0.85703125 0.55390625 0.103125 0.0703125
1 0.72734375 0.359375 0.10625 0.071875
1 0.18984375 0.365625 0.0984375 0.0625
0 0.19453125 0.82578125 0.1046875 0.0671875
1 0.08828125 0.89921875 0.1109375 0.071875
0 0.7234375 0.6921875 0.0984375 0.0671875
1 0.7328125 0.621875 0.1125 0.0734375
1 0.084375 0.3015625 0.1015625 0.071875
1 0.85234375 0.48828125 0.10625 0.06875
1 0.09140625 0.82578125 0.1046875 0.0671875
1 0.190625 0.221875 0.1125 0.078125
1 0.40625 0.42734375 0.1078125 0.065625
1 0.08125 0.22890625 0.1078125 0.078125
0 0.50625 0.62265625 0.0984375 0.0671875
0 0.72421875 0.55546875 0.0984375 0.0703125
0 0.7265625 0.48828125 0.0984375 0.071875
0 0.8601562499999998 0.69140625 0.1 0.0703125
1 0.090625 0.36796875 0.0984375 0.0671875
1 0.50859375 0.88671875 0.1046875 0.065625
0 0.50546875 0.75546875 0.0984375 0.0640625
1 0.08984375 0.42890625 0.103125 0.05625
0 0.8625 0.75546875 0.09375 0.0671875
1 0.08046875 0.1640625 0.1171875 0.065625
1 0.1890625 0.165625 0.0984375 0.0484375
1 0.721875 0.1484375 0.1015625 0.0625
0 0.86171875 0.228125 0.096875 0.0625
