1 0.55703125 0.5015625 0.078125 0.103125
1 0.8203125 0.52578125 0.084375 0.1078125
1 0.4921875 0.49453125 0.08125 0.103125
0 0.42890625 0.48671875 0.075 0.10625
1 0.3609375 0.48125 0.08125 0.1
1 0.29609375 0.46953125 0.0765625 0.1
1 0.2328125 0.4640625 0.075 0.1015625
1 0.8578125 0.1734375 0.078125 0.0984375
1 0.659375 0.83125 0.075 0.1015625
1 0.61171875 0.6078125 0.084375 0.1140625
1 0.165625 0.45703125 0.078125 0.1015625
1 0.6578125 0.1578125 0.084375 0.1078125
1 0.596875 0.8140625 0.0796875 0.121875
1 0.33125 0.128125 0.078125 0.10625
1 0.65546875 0.92890625 0.0703125 0.109375
1 0.58203125 0.91953125 0.0859375 0.1046875
1 0.7257812500000002 0.83203125 0.0796875 0.1109375
1 0.41640625 0.58515625 0.075 0.10625
1 0.35234375 0.5828125 0.0828125 0.1125
1 0.77734375 0.30234375 0.075 0.1
0 0.2875 0.57421875 0.0765625 0.109375
1 0.8718749999999998 0.634375 0.0765625 0.1125
1 0.86328125 0.84921875 0.078125 0.0984375
1 0.4 0.80390625 0.0734375 0.1015625
1 0.46171875 0.1390625 0.084375 0.1109375
1 0.71484375 0.9328125 0.08125 0.10625
1 0.2671875 0.79296875 0.08125 0.1046875
0 0.8109375 0.62734375 0.0796875 0.1078125
1 0.465625 0.80859375 0.075 0.0984375
1 0.45 0.26796875 0.0765625 0.109375
0 0.52109375 0.91640625 0.0828125 0.1125
1 0.5468749999999999 0.60390625 0.0609375 0.115625
1 0.4828125 0.59375 0.0828125 0.1125
0 0.84375 0.30859375000000006 0.078125 0.10625
1 0.31484375 0.25234375 0.0796875 0.1125
1 0.2203125 0.56640625 0.0796875 0.109375
0 0.79453125 0.83984375 0.078125 0.10625
1 0.24296875 0.24453125 0.0796875 0.1171875
1 0.5265625 0.81640625 0.08125 0.1
1 0.15390625 0.5578125 0.0796875 0.1078125
1 0.590625 0.1515625 0.0796875 0.1078125
1 0.74453125 0.61875 0.075 0.10625
1 0.90859375 0.31484375 0.0828125 0.109375
1 0.92265625 0.17890625 0.071875 0.1
1 0.853125 0.9453125 0.084375 0.109375
1 0.3828125 0.259375 0.0796875 0.1125
1 0.38984375 0.90078125 0.075 0.109375
1 0.45390625 0.909375 0.084375 0.1171875
1 0.33359375 0.79453125 0.071875 0.10625
1 0.64453125 0.28125 0.0828125 0.121875
1 0.3968749999999999 0.1296875 0.0734375 0.10625
0 0.62265625 0.50625 0.078125 0.10625
1 0.259375 0.8937500000000002 0.0828125 0.1109375
1 0.525 0.14921875 0.0765625 0.1109375
1 0.19140625 0.77890625 0.0890625 0.121875
1 0.18515625 0.8890625 0.0890625 0.1171875
0 0.57890625 0.2828125 0.0796875 0.1078125
1 0.78125 0.940625 0.0765625 0.109375
0 0.5140625 0.27109375 0.08125 0.1
0 0.728125 0.16171875 0.075 0.103125
1 0.32578125 0.89140625 0.075 0.103125
1 0.88515625 0.53203125 0.0765625 0.1109375
0 0.7546875 0.52109375 0.0734375 0.1046875
0 0.7921875 0.16640625 0.075 0.1
0 0.71015625 0.2890625 0.0828125 0.1171875
1 0.11953125 0.88125 0.0796875 0.1140625
1 0.128125 0.77578125 0.065625 0.096875
1 0.17265625 0.240625 0.0703125 0.1125
0 0.26484375 0.115625 0.071875 0.0953125
