1 0.4421875 0.50234375 0.0765625 0.103125
1 0.178125 0.4828125 0.084375 0.1078125
0 0.5734375 0.51328125 0.0765625 0.10625
1 0.83515625 0.53671875 0.0765625 0.1046875
1 0.6421875 0.51796875 0.0765625 0.1046875
1 0.14765625 0.83515625 0.0796875 0.1
1 0.5078125 0.50703125 0.0796875 0.1046875
1 0.678125 0.8734375 0.0796875 0.1078125
1 0.334375 0.178125 0.075 0.10625
1 0.3984375 0.190625 0.078125 0.121875
1 0.70234375 0.5265625 0.0671875 0.1015625
1 0.7703125 0.5328125 0.0734375 0.0984375
1 0.3375000000000001 0.07578125 0.0765625 0.1078125
1 0.41171875 0.08515625 0.0890625 0.1078125
1 0.3859375 0.3953125 0.0828125 0.1125
0 0.7109375 0.421875 0.075 0.1078125
1 0.2703125 0.1734375 0.078125 0.1125
0 0.20078125 0.1671875 0.075 0.10625
1 0.13046875 0.1578125 0.0796875 0.0984375
1 0.609375 0.87265625 0.0734375 0.1015625
1 0.64765625 0.4171875 0.08125 0.109375
1 0.253125 0.3875 0.0765625 0.103125
1 0.6921875 0.746875 0.08125 0.1109375
1 0.7273437499999998 0.20625 0.0765625 0.1015625
1 0.76328125 0.75390625 0.08125 0.1125
1 0.54765625 0.8640625 0.078125 0.1109375
1 0.12421875000000002 0.37578125 0.075 0.109375
1 0.1421875 0.05703125 0.084375 0.1140625
1 0.4484375 0.4015625 0.071875 0.1046875
1 0.515625 0.40625 0.078125 0.1125
1 0.34687499999999993 0.84765625 0.0796875 0.10625
1 0.2765625 0.07265625 0.0796875 0.10625
1 0.57890625 0.4109375 0.078125 0.1125
1 0.0828125 0.8296875 0.0734375 0.0984375
1 0.59609375 0.1953125 0.071875 0.1015625
0 0.47265625 0.08671875 0.078125 0.1109375
1 0.62265625 0.7390625 0.078125 0.109375
1 0.41328125 0.85390625 0.0796875 0.10625
1 0.09296875 0.69453125 0.08125 0.1109375
0 0.16171875 0.69921875 0.075 0.10625
1 0.48046875 0.85703125 0.0796875 0.10625
0 0.18671875 0.37734375 0.078125 0.115625
1 0.22734375000000004 0.70703125 0.0765625 0.10625
1 0.2125 0.0671875 0.08125 0.1125
1 0.4671874999999999 0.1859375 0.08125 0.096875
1 0.7796875 0.42890625 0.078125 0.1125
1 0.66015625 0.203125 0.071875 0.1046875
1 0.53984375 0.0890625 0.084375 0.115625
1 0.55234375 0.73203125 0.0734375 0.103125
1 0.8078125000000002 0.10859375 0.0875 0.1125
1 0.846875 0.43671875 0.0765625 0.10625
1 0.8039062500000002 0.21953125 0.0875 0.11875
1 0.5328125 0.1890625 0.071875 0.09375
1 0.7359375 0.10703125 0.0796875 0.10625
1 0.60234375 0.096875 0.071875 0.109375
0 0.24453125 0.484375 0.0734375 0.103125
1 0.6671875 0.10703125 0.0734375 0.1015625
0 0.2984375 0.71015625 0.0671875 0.1015625
1 0.36015625 0.7234375 0.078125 0.121875
1 0.1125 0.4765625 0.078125 0.1109375
0 0.37734375 0.4953125 0.0765625 0.1046875
0 0.278125 0.8453125 0.0765625 0.10625
0 0.4265625 0.72109375 0.0765625 0.10625
0 0.49375 0.7265625 0.08125 0.103125
0 0.21328125 0.8421875 0.0734375 0.1
0 0.81484375 0.8781250000000002 0.0984375 0.11875
1 0.8734375 0.1125 0.090625 0.115625
1 0.86171875 0.21953125 0.0640625 0.0984375
1 0.82421875 0.7515625 0.075 0.115625
0 0.734375 0.88515625 0.0796875 0.0953125
