1 0.51484375 0.55546875 0.096875 0.0703125
1 0.51328125 0.35546875 0.096875 0.0703125
1 0.515625 0.22421874999999997 0.0953125 0.06875
1 0.51484375 0.4867187499999999 0.0984375 0.0734375
1 0.51640625 0.8203125 0.1046875 0.0765625
1 0.51171875 0.28984375 0.1 0.06875
1 0.515625 0.15859375 0.0953125 0.0640625
1 0.1984375 0.69296875 0.1046875 0.0703125
0 0.51328125 0.42109375 0.1 0.0671875
1 0.41328125 0.15703125 0.0953125 0.0640625
1 0.19765625 0.89765625 0.0953125 0.0734375
1 0.87421875 0.821875 0.09375 0.071875
0 0.409375 0.29140625 0.1046875 0.0703125
1 0.0984375 0.76015625 0.1 0.071875
1 0.20078125 0.7570312500000002 0.1046875 0.071875
1 0.409375 0.49140625 0.10625 0.065625
1 0.4125 0.42578125 0.10625 0.0734375
1 0.41328125 0.22421874999999997 0.10625 0.06875
1 0.41796875 0.75546875 0.0984375 0.0703125
0 0.2015625 0.82578125 0.1046875 0.0671875
1 0.865625 0.28671875 0.1015625 0.0734375
0 0.09375 0.565625 0.1078125 0.075
0 0.7351562499999998 0.81796875 0.1 0.0671875
1 0.09609375 0.696875 0.0984375 0.0515625
1 0.096875 0.62421875 0.103125 0.078125
0 0.1984375 0.62578125 0.1046875 0.065625
1 0.19609375 0.29453125 0.1 0.0703125
1 0.1953125 0.36015625 0.0984375 0.06875
1 0.8703125000000002 0.55234375 0.103125 0.071875
1 0.1953125 0.55859375 0.096875 0.0703125
1 0.1984375 0.21953125 0.115625 0.078125
1 0.4156250000000001 0.6171875 0.10625 0.059375
1 0.41015625 0.559375 0.115625 0.0703125
1 0.09765625 0.90078125 0.1046875 0.06875
1 0.09453125 0.43046875 0.1015625 0.0640625
1 0.19140625 0.43046875 0.09375 0.0703125
1 0.0984375 0.82734375 0.1046875 0.065625
1 0.8796875 0.41484375 0.0890625 0.075
1 0.87109375 0.35546875 0.1046875 0.0703125
1 0.409375 0.35859375 0.1109375 0.0703125
0 0.41484375 0.82265625 0.1046875 0.071875
1 0.0921875 0.49296875 0.109375 0.078125
1 0.19453125 0.49296875 0.090625 0.0671875
1 0.4195312500000001 0.884375 0.10625 0.06875
1 0.73515625 0.41953125 0.10625 0.0703125
1 0.7375 0.75390625 0.0984375 0.0703125
1 0.7429687499999998 0.61640625 0.115625 0.078125
0 0.734375 0.484375 0.0984375 0.071875
1 0.865625 0.48359375 0.1046875 0.071875
1 0.86953125 0.61796875 0.0953125 0.0703125
1 0.09296875 0.296875 0.1 0.071875
1 0.734375 0.88671875 0.1015625 0.071875
1 0.73828125 0.35078125 0.1140625 0.06875
1 0.73828125 0.284375 0.109375 0.06875
1 0.08828125 0.22421875 0.10625 0.0796875
1 0.73828125 0.209375 0.1109375 0.075
1 0.8742187500000002 0.88515625 0.0953125 0.06875
1 0.19140625 0.153125 0.0921875 0.0625
1 0.51796875 0.88671875 0.1 0.06875
1 0.09765625 0.36484375 0.0953125 0.065625
0 0.51328125 0.75546875 0.096875 0.0671875
0 0.8734375 0.68671875 0.0984375 0.0703125
0 0.734375 0.55234375 0.1 0.071875
0 0.51484375 0.62109375 0.1015625 0.0703125
0 0.87578125 0.75546875 0.0953125 0.0671875
0 0.73671875 0.68515625 0.1 0.0671875
0 0.8734375 0.22578125 0.0890625 0.0578125
1 0.728125 0.13359375 0.1078125 0.071875
1 0.096875 0.159375 0.1015625 0.059375
