1 0.509375 0.55546875 0.0984375 0.0671875
1 0.51328125 0.815625 0.1015625 0.0765625
1 0.51171875 0.221875 0.0921875 0.065625
1 0.50859375 0.35234375000000007 0.1 0.06875
1 0.190625 0.68828125 0.0984375 0.0703125
1 0.8703125000000002 0.81953125 0.0953125 0.0703125
1 0.50859375 0.4867187499999999 0.0984375 0.0734375
1 0.5109375 0.15546875 0.0984375 0.0640625
1 0.50859375 0.28671875 0.1 0.0703125
1 0.51328125 0.884375 0.1015625 0.06875
1 0.4117187500000001 0.54453125 0.0984375 0.059375
1 0.40390625 0.4796875 0.1109375 0.0734375
1 0.40703125 0.42265625 0.1015625 0.0703125
0 0.19765625 0.82421875 0.1078125 0.065625
0 0.5078125 0.41953125 0.1 0.0703125
1 0.0890625 0.76015625 0.1125 0.0671875
1 0.08671875 0.69296875 0.109375 0.075
1 0.40546875 0.35234375000000007 0.1046875 0.06875
1 0.19296875 0.89296875 0.0953125 0.071875
1 0.090625 0.62421875 0.103125 0.0703125
0 0.08828125 0.56171875 0.10625 0.0671875
0 0.19453125 0.62421875 0.1078125 0.0625
1 0.86640625 0.35390625 0.1 0.0640625
1 0.409375 0.221875 0.1015625 0.06875
1 0.19375 0.75703125 0.1 0.0703125
1 0.8664062500000002 0.884375 0.0875 0.059375
0 0.73203125 0.81640625 0.1015625 0.0671875
1 0.8625 0.41640625 0.1 0.0671875
1 0.18828125 0.4242187499999999 0.0953125 0.065625
1 0.190625 0.29140625 0.1 0.0671875
0 0.4039062500000001 0.28828125 0.10625 0.06875
1 0.0875 0.490625 0.109375 0.075
1 0.0875 0.29296875 0.1 0.071875
1 0.09375 0.82578125 0.1046875 0.0671875
1 0.4125 0.75390625 0.09375 0.0671875
1 0.09375 0.89296875 0.1015625 0.075
0 0.4109375 0.81796875 0.1015625 0.0703125
1 0.4078125 0.61484375 0.1046875 0.0671875
1 0.865625 0.61640625 0.1 0.0609375
1 0.865625 0.54921875 0.1015625 0.0625
1 0.18828125 0.55546875 0.09375 0.0640625
1 0.73203125 0.88671875 0.1046875 0.065625
1 0.18828125 0.49140625 0.090625 0.0609375
1 0.19375 0.21796875 0.1140625 0.08125
1 0.86015625 0.48046875 0.103125 0.059375
0 0.86875 0.68671875 0.1015625 0.065625
1 0.40703125 0.153125 0.0984375 0.0625
1 0.86171875 0.28359375 0.0984375 0.071875
1 0.19140625 0.35859375 0.1015625 0.0640625
1 0.73359375 0.34765625 0.1125 0.06875
1 0.084375 0.21953125 0.1046875 0.078125
1 0.7328125 0.75078125 0.1015625 0.0671875
1 0.7296875 0.41796875 0.1046875 0.0671875
1 0.40859375 0.884375 0.10625 0.06875
0 0.7296875 0.6859375 0.10625 0.0609375
1 0.73359375 0.615625 0.10625 0.071875
0 0.7296875 0.4828124999999999 0.0984375 0.0734375
0 0.5109375 0.61796875 0.0984375 0.0703125
1 0.0921875 0.36015625 0.1 0.0703125
0 0.86953125 0.75078125 0.09375 0.0625
1 0.0921875 0.4242187499999999 0.1015625 0.0578125
1 0.73359375 0.27890625 0.1015625 0.0609375
1 0.0796875 0.14921875 0.121875 0.0796875
0 0.5109375 0.75234375 0.0984375 0.065625
1 0.73359375 0.21015625 0.10625 0.06875
0 0.7296875 0.54921875 0.1015625 0.0671875
0 0.875 0.2203125 0.1 0.059375
1 0.72890625 0.1421875 0.0984375 0.0484375
1 0.18828125 0.1640625 0.084375 0.053125
