1 0.5109375 0.4453125 0.115625 0.0953125
1 0.44453125 0.63515625 0.1171875 0.096875
1 0.61015625 0.125 0.1109375 0.090625
1 0.5937499999999999 0.19609375 0.1234375 0.1078125
1 0.4 0.759375 0.109375 0.0921875
1 0.4875 0.509375 0.115625 0.1015625
1 0.42421875 0.69921875 0.1171875 0.1
0 0.38515625 0.12421875 0.11875 0.0984375
0 0.46640625 0.5734375 0.1171875 0.096875
1 0.60625 0.478125 0.1078125 0.0859375
1 0.5859375 0.53828125 0.1125 0.090625
1 0.5640625 0.60546875 0.121875 0.096875
1 0.54296875 0.66953125 0.121875 0.096875
1 0.2546875 0.0796875 0.1125 0.0984375
0 0.909375 0.57734375 0.1234375 0.1
1 0.378125 0.82265625 0.115625 0.0953125
1 0.85234375 0.421875 0.1171875 0.1
1 0.9445312500000002 0.45703125 0.1109375 0.1046875
1 0.928125 0.5171875 0.1203125 0.1078125
1 0.8718749999999998 0.3578125 0.1234375 0.1
1 0.88671875 0.64296875 0.1265625 0.10625
1 0.6265625 0.4203125 0.1234375 0.103125
0 0.8953124999999998 0.29296875 0.115625 0.0953125
0 0.8328125 0.48359375 0.11875 0.09375
1 0.7703125 0.6734375 0.1109375 0.09375
1 0.78984375 0.61015625 0.1109375 0.090625
1 0.10703125 0.51796875 0.1171875 0.0953125
1 0.4984374999999999 0.79375 0.1203125 0.0984375
1 0.72421875 0.79921875 0.1203125 0.0984375
1 0.9546875 0.390625 0.090625 0.1
1 0.91796875 0.228125 0.1140625 0.096875
0 0.5234375 0.73203125 0.125 0.1
1 0.08984375 0.5859375 0.11875 0.1015625
1 0.8140625 0.54921875 0.109375 0.090625
1 0.1953125 0.2734375 0.11875 0.1015625
1 0.23359375 0.56328125 0.125 0.10625
1 0.25625 0.503125 0.121875 0.0984375
1 0.82265625 0.8296875 0.1171875 0.096875
1 0.475 0.85546875 0.1171875 0.0953125
1 0.7453125 0.7328125 0.1171875 0.0953125
1 0.36328125 0.18515625 0.11875 0.1015625
1 0.13125 0.46015625 0.121875 0.1
1 0.803125 0.8984375 0.121875 0.10625
1 0.68046875 0.9328125000000002 0.1109375 0.0953125
1 0.6984375 0.86640625 0.1328125 0.1140625
1 0.15546875 0.396875 0.1203125 0.0984375
1 0.2765625 0.0296875 0.109375 0.059375
1 0.9656249999999998 0.32578125 0.06875 0.0890625
1 0.4078125000000001 0.0609375 0.121875 0.1015625
0 0.278125 0.44296875 0.11875 0.1015625
1 0.31562500000000004 0.31484375 0.128125 0.10625
1 0.66640625 0.28828125 0.1078125 0.0921875
1 0.9773437499999998 0.26015625 0.0453125 0.1015625
0 0.69375 0.23046875 0.1265625 0.1015625
1 0.209375 0.63203125 0.121875 0.096875
1 0.17265625 0.33125 0.121875 0.0984375
1 0.8625 0.7046875 0.1171875 0.0921875
1 0.18515625 0.69765625 0.1265625 0.1015625
1 0.71640625 0.1703125 0.1328125 0.1
0 0.21328125 0.20390625 0.1171875 0.096875
0 0.5296875 0.38359375 0.1171875 0.096875
1 0.78125 0.95546875 0.1375 0.0890625
1 0.84140625 0.7640625 0.1140625 0.096875
0 0.5742187500000001 0.25859375 0.11875 0.0953125
0 0.340625 0.25078125 0.1171875 0.1
0 0.23359375 0.14140625 0.109375 0.0890625
0 0.29921875 0.37890625 0.121875 0.0984375
1 0.1671875 0.7640625 0.125 0.0984375
0 0.05859375 0.64921875 0.1171875 0.1015625
