1 0.44453125 0.50390625 0.0703125 0.103125
1 0.6453125 0.515625 0.0734375 0.103125
1 0.11015625 0.4976562500000001 0.071875 0.10625
1 0.18203125 0.49453125 0.0828125 0.10625
1 0.51328125 0.5078125 0.08125 0.103125
1 0.778125 0.52421875 0.0703125 0.096875
1 0.7125 0.51796875 0.078125 0.103125
1 0.84375 0.5265625 0.0703125 0.1
1 0.45390625 0.4125 0.0609375 0.09375
1 0.5171875 0.40703125 0.065625 0.103125
1 0.58203125 0.40859375 0.0734375 0.109375
0 0.1703125 0.7125 0.0703125 0.10625
1 0.2609375 0.17890625 0.0734375 0.10625
0 0.190625 0.17421875 0.0734375 0.1
1 0.36328125 0.85546875 0.0703125 0.103125
1 0.16328125 0.84921875 0.0765625 0.096875
1 0.32734374999999993 0.08125 0.0640625 0.103125
1 0.40078125 0.08515625 0.0828125 0.1
0 0.5796875 0.5109375 0.0734375 0.103125
1 0.6953125 0.87109375 0.078125 0.103125
1 0.26484375 0.07890625 0.0734375 0.103125
1 0.328125 0.17890625 0.0765625 0.1
1 0.42734375 0.86171875 0.0734375 0.103125
0 0.3921875 0.18359375 0.0703125 0.1078125
1 0.625 0.871875 0.0703125 0.1015625
1 0.53359375 0.0890625 0.0828125 0.1109375
0 0.46015625 0.08515625 0.0734375 0.109375
1 0.3890625 0.39921875 0.0765625 0.109375
1 0.5703125 0.7328125 0.0734375 0.1078125
1 0.64921875 0.4125 0.0734375 0.109375
1 0.7828125 0.42265625 0.0734375 0.109375
1 0.5921875 0.1921875 0.0703125 0.1015625
1 0.63828125 0.7375 0.0796875 0.115625
1 0.56328125 0.8640624999999998 0.0734375 0.1078125
1 0.19609375 0.075 0.0703125 0.10625
0 0.71484375 0.41484375 0.0734375 0.109375
1 0.4609375 0.18515625 0.0734375 0.0984375
1 0.72421875 0.2015625 0.0734375 0.10625
1 0.525 0.190625 0.06875 0.096875
1 0.65625 0.19765625 0.0703125 0.103125
1 0.121875 0.1703125 0.0765625 0.096875
1 0.2375 0.71796875 0.0765625 0.1046875
1 0.5890625 0.0875 0.06875 0.109375
1 0.66796875 0.0890625 0.065625 0.109375
1 0.728125 0.09765625 0.0765625 0.103125
1 0.49765625 0.85859375 0.0703125 0.10625
1 0.09609375 0.8484375 0.0671875 0.09375
1 0.1015625 0.709375 0.0765625 0.10625
1 0.79765625 0.2078125 0.0875 0.1203125
0 0.50390625 0.7296875 0.078125 0.10625
1 0.37265625 0.72734375 0.08125 0.1140625
1 0.80234375 0.09609375 0.0828125 0.1109375
1 0.2515625 0.3960937500000001 0.0703125 0.0984375
1 0.8515625 0.4265625 0.0734375 0.103125
1 0.12421875 0.06953125 0.0796875 0.1109375
1 0.12109375 0.3875 0.0734375 0.109375
0 0.1859375 0.38984375 0.075 0.1109375
1 0.70703125 0.74296875 0.071875 0.109375
1 0.77734375 0.74609375 0.075 0.1109375
0 0.38046875 0.503125 0.0734375 0.1
0 0.29453125 0.85703125 0.0734375 0.1046875
0 0.24609375 0.4953125 0.06875 0.103125
0 0.4390625 0.7265625 0.0765625 0.1078125
0 0.30390625 0.7203125 0.0765625 0.103125
0 0.228125 0.85390625 0.065625 0.0953125
1 0.8640625 0.2046875 0.0578125 0.0921875
1 0.8640625 0.103125 0.078125 0.1109375
1 0.85078125 0.7484375 0.075 0.10625
0 0.75703125 0.87890625 0.065625 0.0859375
