1 0.50390625 0.559375 0.0953125 0.0703125
1 0.50859375 0.82265625 0.1015625 0.0765625
1 0.5078125 0.35703125 0.1 0.0703125
1 0.50234375 0.29765625 0.0953125 0.0703125
1 0.50625 0.23046875 0.0953125 0.0671875
1 0.18515625 0.69296875 0.0953125 0.0671875
1 0.5046875 0.4906249999999999 0.0984375 0.0734375
1 0.4039062500000001 0.62265625 0.10625 0.0734375
1 0.8578125 0.36328125 0.09375 0.075
1 0.85234375 0.29296875 0.1015625 0.071875
0 0.50625 0.428125 0.0984375 0.0703125
1 0.85703125 0.621875 0.1015625 0.075
1 0.86171875 0.821875 0.090625 0.0671875
1 0.50546875 0.165625 0.0953125 0.0703125
1 0.08984375 0.69609375 0.0984375 0.0625
1 0.08984375 0.62578125 0.0984375 0.0765625
1 0.4015625 0.425 0.109375 0.0796875
1 0.40234375 0.36171875 0.10625 0.0703125
0 0.40234375 0.29765625 0.10625 0.065625
1 0.403125 0.56328125 0.10625 0.0515625
1 0.4015625 0.496875 0.1078125 0.0765625
1 0.19375 0.759375 0.10625 0.0671875
1 0.19375 0.62890625 0.109375 0.0703125
1 0.7234375 0.42734375 0.1015625 0.065625
1 0.18984375 0.89921875 0.0921875 0.071875
1 0.090625 0.76015625 0.1015625 0.0734375
1 0.8578125 0.49140625 0.0984375 0.075
1 0.8546875 0.42265625 0.1046875 0.0765625
1 0.72578125 0.75546875 0.09375 0.0703125
1 0.40546875 0.88515625 0.10625 0.06875
1 0.0875 0.9 0.1125 0.075
1 0.18828125 0.49453125 0.0953125 0.0640625
1 0.1875 0.43203125 0.0984375 0.0640625
1 0.18671875 0.3015625 0.1015625 0.071875
1 0.7265625 0.21953125 0.1125 0.0703125
0 0.0875 0.56640625 0.10625 0.0703125
1 0.85546875 0.553125 0.1046875 0.0734375
0 0.40546875 0.82265625 0.1015625 0.06875
1 0.7265625 0.28984375 0.10625 0.06875
0 0.72421875 0.821875 0.1 0.0671875
1 0.40859375 0.75546875 0.1015625 0.0703125
1 0.18828125 0.559375 0.09375 0.071875
1 0.7273437499999998 0.35859375 0.1078125 0.0703125
1 0.0796875 0.22890625 0.1125 0.08125
1 0.0875 0.49609375 0.109375 0.075
1 0.4039062500000001 0.23046875 0.10625 0.071875
1 0.7328125 0.621875 0.1140625 0.075
1 0.19140625 0.23203125 0.0953125 0.0703125
1 0.1875 0.15703125 0.0953125 0.078125
1 0.86328125 0.88671875 0.09375 0.0625
0 0.190625 0.82734375 0.1 0.065625
1 0.40390625 0.16328125 0.103125 0.06875
1 0.18984375 0.36796875 0.1015625 0.0640625
1 0.084375 0.303125 0.1046875 0.071875
1 0.72578125 0.88828125 0.10625 0.06875
1 0.08984375 0.8265625 0.10625 0.0640625
1 0.090625 0.36796875 0.0984375 0.0703125
0 0.5046875 0.62265625 0.1015625 0.0671875
0 0.86328125 0.7578125 0.0875 0.0671875
0 0.859375 0.69296875 0.0953125 0.0671875
0 0.72109375 0.55546875 0.1015625 0.0703125
1 0.08828125 0.42890625 0.103125 0.05625
1 0.5078125 0.88828125 0.103125 0.065625
0 0.50546875 0.75546875 0.096875 0.0671875
0 0.71796875 0.490625 0.109375 0.071875
0 0.72734375 0.68671875 0.1046875 0.0703125
0 0.8601562499999998 0.234375 0.0921875 0.0625
1 0.72109375 0.153125 0.1046875 0.06875
1 0.0828125 0.16484375 0.115625 0.0671875
