1 0.44765625 0.76640625 0.103125 0.078125
1 0.53828125 0.1828125 0.1109375 0.0890625
1 0.5 0.4421875 0.1046875 0.0828125
0 0.48046875 0.5734375 0.109375 0.0828125
1 0.4703125 0.63984375 0.109375 0.0796875
1 0.4375 0.8328125 0.1046875 0.0828125
1 0.48984375 0.50859375 0.1109375 0.0875
1 0.46171875 0.703125 0.1078125 0.0828125
1 0.18828125 0.125 0.103125 0.0828125
1 0.11953125 0.58203125 0.103125 0.075
1 0.83203125 0.35703125 0.109375 0.0796875
1 0.1125 0.6515625 0.109375 0.0828125
1 0.86640625 0.15546875 0.1 0.0859375
0 0.3234375 0.1484375 0.1125 0.084375
0 0.5624999999999999 0.71796875 0.115625 0.08125
1 0.93203125 0.37265625 0.1140625 0.08125
1 0.91875 0.440625 0.1125 0.0953125
1 0.1328125 0.52109375 0.1109375 0.0875
1 0.84140625 0.29375 0.1125 0.0875
1 0.61171875 0.3953125 0.1171875 0.090625
1 0.1640625 0.32265625 0.1109375 0.084375
1 0.571875 0.653125 0.115625 0.084375
1 0.81328125 0.41953125 0.128125 0.0859375
1 0.5953125 0.45625 0.1046875 0.0765625
1 0.59296875 0.52421875 0.1171875 0.075
1 0.58359375 0.58359375 0.115625 0.0875
1 0.33359375 0.08203125 0.1125 0.0875
1 0.6265625 0.26171875 0.103125 0.0828125
0 0.8515625 0.22578125 0.109375 0.0828125
1 0.7765625 0.746875 0.1046875 0.0828125
1 0.14609375 0.45703125 0.115625 0.084375
1 0.1515625 0.38828125 0.109375 0.084375
1 0.5484375 0.11640625 0.1109375 0.084375
1 0.946875 0.2421875 0.10625 0.084375
1 0.55078125 0.7828125 0.1125 0.084375
0 0.91328125 0.5015625 0.1140625 0.084375
1 0.2 0.0609375 0.0953125 0.071875
1 0.796875 0.61640625 0.1046875 0.0765625
1 0.2625 0.53671875 0.1078125 0.0765625
1 0.75234375 0.8875 0.103125 0.0828125
1 0.23984375 0.6734375 0.1125 0.084375
1 0.646875 0.13515625 0.1109375 0.08125
1 0.3125 0.21484375 0.109375 0.0859375
0 0.640625 0.19609375 0.1140625 0.084375
0 0.27109375 0.47734375 0.10625 0.0859375
1 0.5375 0.85 0.109375 0.0828125
1 0.953125 0.16953125 0.09375 0.0890625
1 0.284375 0.3421875 0.128125 0.090625
1 0.93984375 0.30625 0.109375 0.0859375
1 0.24921875 0.60625 0.109375 0.0796875
1 0.81484375 0.4890625 0.1 0.0859375
1 0.8734375 0.7625 0.1125 0.0875
1 0.7578125 0.82265625 0.1234375 0.0953125
1 0.9015625 0.56328125 0.115625 0.0859375
1 0.8921875 0.62890625 0.109375 0.0828125
1 0.22734375000000004 0.74375 0.115625 0.08125
1 0.78359375 0.68125 0.109375 0.0796875
1 0.8671875 0.834375 0.1171875 0.0953125
1 0.8054687499999998 0.553125 0.1 0.0765625
0 0.51015625 0.37578125 0.109375 0.0828125
0 0.2828125 0.4109375 0.109375 0.0828125
0 0.53359375 0.246875 0.10625 0.0796875
1 0.8796875 0.69375 0.103125 0.078125
0 0.1671875 0.253125 0.109375 0.08125
0 0.17734375 0.190625 0.1 0.08125
0 0.284375 0.2765625 0.1453125 0.09375
1 0.221875 0.809375 0.1140625 0.09375
1 0.85625 0.896875 0.1125 0.084375
0 0.09453125 0.70625 0.0953125 0.0765625
