1 0.81796875 0.4953125 0.078125 0.1015625
1 0.55703125 0.4984374999999999 0.06875 0.096875
1 0.828125 0.7984375 0.0640625 0.1234375
1 0.69296875 0.815625 0.065625 0.09375
1 0.29296874999999994 0.5015625 0.065625 0.0953125
1 0.23046875 0.4984375 0.0609375 0.09375
1 0.49140625 0.50078125 0.06875 0.0953125
1 0.81796875 0.14140625 0.06875 0.09375
1 0.62265625 0.59921875 0.078125 0.10625
1 0.35703125 0.50078125 0.06875 0.0953125
0 0.42578125 0.4984375 0.06875 0.0984375
1 0.16484375 0.50078125 0.065625 0.09375
1 0.29921875 0.815625 0.071875 0.1046875
0 0.29609375 0.6015625 0.0640625 0.1046875
1 0.28984375 0.15078125 0.06875 0.0953125
1 0.6289062499999999 0.8125 0.06875 0.1
1 0.76015625 0.9171875 0.071875 0.109375
1 0.75390625 0.27890625 0.06875 0.0953125
1 0.42265625 0.14765625 0.071875 0.1
0 0.8203125 0.2796875 0.065625 0.0953125
1 0.23046875 0.5984375 0.065625 0.1046875
1 0.35859375 0.14609375 0.0609375 0.096875
1 0.62265625 0.1484375 0.071875 0.0984375
1 0.303125 0.9171875 0.071875 0.1046875
1 0.75546875 0.59453125 0.06875 0.096875
1 0.759375 0.80703125 0.06875 0.10625
0 0.565625 0.915625 0.06875 0.103125
1 0.36171875 0.6015625 0.071875 0.1046875
1 0.36640625 0.8140625 0.065625 0.1
1 0.88359375 0.59765625 0.065625 0.10625
1 0.4328125 0.91640625 0.065625 0.1
1 0.22812499999999997 0.92265625 0.084375 0.109375
1 0.6960937499999998 0.9140625 0.06875 0.10625
1 0.62578125 0.91328125 0.071875 0.09375
1 0.22265625 0.8156250000000002 0.08125 0.1109375
1 0.5585937499999999 0.60234375 0.06875 0.109375
1 0.49296875 0.59921875 0.071875 0.1046875
1 0.89765625 0.81015625 0.06875 0.09375
1 0.88515625 0.14453125 0.065625 0.1015625
1 0.89921875 0.9125 0.071875 0.10625
1 0.434375 0.815625 0.065625 0.0984375
0 0.82265625 0.596875 0.06875 0.1
1 0.5585937500000001 0.815625 0.071875 0.09375
1 0.49765625 0.91640625 0.0765625 0.10625
0 0.6875 0.27734375 0.06875 0.103125
1 0.61953125 0.2703125 0.06875 0.115625
1 0.36796875 0.91328125 0.065625 0.096875
1 0.28828125 0.278125 0.06875 0.103125
1 0.49453125 0.81640625 0.0640625 0.09375
1 0.82890625 0.9125 0.065625 0.10625
1 0.16171875 0.5984375 0.071875 0.1015625
1 0.48671875 0.1515625 0.06875 0.1
1 0.55390625 0.14765625 0.06875 0.0984375
1 0.484375 0.28125 0.071875 0.096875
1 0.41875 0.2828125 0.075 0.10625
1 0.35703125 0.27890625 0.06875 0.096875
1 0.88828125 0.28046875 0.0625 0.1
1 0.21640625 0.27578125 0.065625 0.115625
1 0.88828125 0.49453125 0.06875 0.103125
0 0.62421875 0.4976562500000001 0.06875 0.0984375
0 0.69140625 0.14296875 0.065625 0.096875
1 0.42890625 0.59921875 0.0640625 0.10625
0 0.55390625 0.28046875 0.06875 0.096875
0 0.75546875 0.14140625 0.065625 0.0953125
0 0.75546875 0.4976562500000001 0.065625 0.0984375
0 0.23046875 0.14609375 0.065625 0.096875
1 0.15078125 0.27890625 0.065625 0.103125
1 0.16328125 0.81171875 0.059375 0.096875
1 0.15859375 0.9203125 0.075 0.115625
