1 0.55390625 0.48125 0.090625 0.1109375
1 0.8093749999999998 0.4140625 0.1 0.115625
0 0.4265625 0.5125 0.090625 0.1140625
1 0.36015625 0.5296875 0.090625 0.1109375
1 0.490625 0.49765625 0.09375 0.1125
1 0.725 0.0703125 0.0890625 0.1046875
1 0.7625 0.75546875 0.0875 0.1078125
1 0.17421875 0.57421875 0.090625 0.1140625
1 0.29921875 0.54375 0.0921875 0.1171875
1 0.234375 0.5578125 0.0875 0.1078125
1 0.79296875 0.8515625 0.0921875 0.1203125
1 0.72109375 0.865625 0.1 0.115625
1 0.69609375 0.7609375 0.0984375 0.1296875
1 0.28046875 0.18359375 0.0953125 0.1203125
1 0.21171875000000004 0.20703125 0.0921875 0.1171875
1 0.64140625 0.56328125 0.0953125 0.1203125
0 0.3265625 0.64375 0.0890625 0.11875
1 0.3890625 0.628125 0.0953125 0.1203125
1 0.53125 0.12421875 0.0984375 0.11875
0 0.66328125 0.88359375 0.0921875 0.1203125
1 0.5703124999999999 0.80390625 0.084375 0.10625
1 0.89453125 0.4984374999999999 0.0890625 0.1203125
1 0.69140625 0.21875 0.0890625 0.1078125
1 0.33828125 0.17421875 0.0984375 0.121875
0 0.83515625 0.5140625 0.0921875 0.1171875
1 0.51015625 0.81953125 0.084375 0.1078125
1 0.85078125 0.83203125 0.09375 0.115625
1 0.8234375 0.73515625 0.0921875 0.11875
1 0.38125 0.853125 0.09375 0.1140625
1 0.5765625 0.5781249999999999 0.090625 0.115625
1 0.51640625 0.5953125 0.0953125 0.1203125
1 0.7703125 0.5265625 0.090625 0.1140625
0 0.75546875 0.203125 0.0875 0.1125
1 0.596875 0.9015625 0.1 0.1234375
1 0.37578125 0.29765625 0.0875 0.1140625
1 0.23984375 0.33203125 0.0953125 0.1171875
1 0.26015625 0.6578125 0.0921875 0.1203125
1 0.9578124999999998 0.70234375 0.084375 0.1078125
1 0.19453125 0.6734375 0.0921875 0.11875
1 0.6328124999999999 0.78671875 0.0921875 0.109375
1 0.16953125 0.346875 0.09375 0.1265625
1 0.821875 0.1859375 0.0921875 0.1171875
1 0.7875 0.0546875 0.0859375 0.10625
1 0.465625 0.140625 0.0921875 0.1171875
1 0.30859375 0.31328125 0.0953125 0.1203125
1 0.44453125 0.83359375 0.084375 0.1125
0 0.88984375 0.71796875 0.0921875 0.1171875
1 0.96875 0.803125 0.0625 0.125
0 0.6328125000000001 0.23671875000000003 0.0875 0.1109375
1 0.56171875 0.24453125000000003 0.0984375 0.1265625
1 0.4078125 0.946875 0.09375 0.10625
1 0.403125 0.1609375 0.0921875 0.1203125
1 0.9148437499999998 0.81796875 0.0921875 0.11875
1 0.3046875 0.8671875 0.103125 0.128125
1 0.45234375 0.60859375 0.0890625 0.1203125
1 0.33828125 0.9546875 0.1015625 0.090625
0 0.6171875 0.4640625 0.090625 0.1140625
0 0.49921875 0.26875 0.090625 0.1125
0 0.43359375 0.2828125 0.09375 0.1125
0 0.5984375 0.10390625 0.090625 0.1140625
1 0.47109375 0.9289062500000002 0.0875 0.1109375
1 0.8734375 0.3984375 0.0890625 0.1171875
0 0.746875 0.4328125 0.0859375 0.1109375
1 0.53046875 0.91484375 0.0796875 0.1140625
0 0.9562500000000002 0.40625 0.0875 0.15625
0 0.66015625 0.08671875 0.0859375 0.10625
1 0.27578125 0.9617187499999998 0.0921875 0.0765625
1 0.25078125 0.8828125 0.071875 0.1078125
1 0.10546875 0.36953125 0.0859375 0.115625
0 0.1484375 0.21484375 0.084375 0.109375
