1 0.47734375 0.4453125 0.1125 0.0984375
1 0.38671875 0.19765625 0.11875 0.1046875
1 0.5390625 0.6375 0.1171875 0.0984375
1 0.56328125 0.6921875 0.1125 0.0984375
1 0.58203125 0.75703125 0.109375 0.0921875
1 0.73515625 0.21484375 0.109375 0.0921875
1 0.4984375 0.51015625 0.1171875 0.1015625
1 0.55078125 0.353125 0.125 0.1046875
1 0.20625 0.74609375 0.1125 0.1015625
1 0.234375 0.81015625 0.1171875 0.1
0 0.5171875 0.5703125 0.1171875 0.096875
1 0.12265625 0.50078125 0.1203125 0.1046875
1 0.053125 0.3125 0.10625 0.09375
1 0.60390625 0.81796875 0.1125 0.0953125
1 0.82421875 0.18125 0.1140625 0.090625
1 0.846875 0.24765625 0.1171875 0.1046875
1 0.6171875 0.5390625 0.1296875 0.1109375
1 0.6375 0.59921875 0.1234375 0.103125
0 0.65859375 0.659375 0.121875 0.096875
1 0.57109375 0.4085937499999999 0.1171875 0.08125
1 0.5937500000000001 0.47109375 0.1265625 0.1078125
1 0.70546875 0.1546875 0.1234375 0.1
1 0.74765625 0.278125 0.1265625 0.1
1 0.3125 0.64140625 0.115625 0.0953125
1 0.66328125 0.03515625 0.1109375 0.0703125
1 0.80234375 0.12109375 0.11875 0.1015625
1 0.16484375 0.6250000000000001 0.115625 0.103125
1 0.18984375 0.68828125 0.1234375 0.10625
1 0.203125 0.33203125 0.1109375 0.0953125
1 0.4640625 0.1046875 0.1234375 0.1
1 0.759375 0.0203125 0.13125 0.040625
1 0.796875 0.40390625 0.1109375 0.0921875
1 0.81796875 0.4625 0.1125 0.0921875
1 0.8609375 0.5859375 0.11875 0.1015625
1 0.3773437499999999 0.8390625 0.128125 0.1015625
0 0.86875 0.303125 0.1234375 0.1015625
1 0.146875 0.565625 0.121875 0.103125
0 0.484375 0.1640625 0.11875 0.0984375
1 0.35390625 0.77265625 0.1234375 0.1
0 0.18359375 0.26875 0.1171875 0.096875
1 0.503125 0.22890625 0.1171875 0.096875
1 0.77578125 0.3421875 0.1125 0.0984375
1 0.33125 0.7078124999999998 0.125 0.1
1 0.959375 0.61953125 0.08125 0.1140625
1 0.89140625 0.36953125 0.128125 0.10625
1 0.67890625 0.7234375 0.1234375 0.103125
1 0.23984375 0.4609375 0.134375 0.1078125
1 0.87890625 0.653125 0.1109375 0.096875
1 0.9070312499999998 0.72265625 0.115625 0.1046875
1 0.0421875 0.25234375 0.084375 0.0890625
0 0.6859375 0.08984375 0.115625 0.0953125
1 0.70078125 0.78671875 0.121875 0.0984375
1 0.8359375 0.52421875 0.115625 0.09375
1 0.9484375000000002 0.55078125 0.103125 0.1015625
1 0.16015625 0.20625 0.1234375 0.1
1 0.78125 0.0578125 0.121875 0.0953125
1 0.9296875 0.49140625 0.115625 0.0984375
0 0.45546875 0.3859375 0.11875 0.0984375
0 0.07265625 0.37421875 0.1046875 0.0921875
0 0.09765625 0.434375 0.1125 0.0953125
0 0.27265625 0.51953125 0.1171875 0.096875
1 0.9125 0.4328125 0.115625 0.0875
1 0.36640625 0.13515625 0.11875 0.0953125
0 0.41171875 0.26015625 0.1125 0.09375
0 0.296875 0.5796875 0.1265625 0.103125
0 0.22421875 0.39765625 0.121875 0.1015625
0 0.24609375 0.86875 0.1078125 0.0890625
1 0.40390625 0.9 0.1203125 0.0984375
1 0.96875 0.68046875 0.0625 0.1015625
