1 0.196875 0.61171875 0.1 0.1171875
1 0.4484375 0.5265625 0.0953125 0.1140625
1 0.7624999999999998 0.42734375 0.0921875 0.1109375
1 0.5109375 0.50546875 0.1 0.1171875
1 0.69609375 0.44296875 0.0953125 0.115625
1 0.82421875 0.40703125 0.0953125 0.115625
0 0.57265625 0.484375 0.096875 0.115625
1 0.22265625 0.27109375 0.0921875 0.1171875
1 0.4953125 0.88203125 0.0953125 0.1140625
0 0.096875 0.3140625 0.0953125 0.1203125
0 0.66484375 0.34609375 0.0984375 0.121875
1 0.809375 0.77734375 0.096875 0.115625
1 0.559375 0.86171875 0.0921875 0.1125
1 0.30625 0.94765625 0.09375 0.1046875
1 0.60234375 0.36640625 0.1015625 0.1234375
1 0.18828125 0.16953125 0.1015625 0.1234375
1 0.253125 0.15234375 0.1 0.1171875
1 0.16015625 0.29296875 0.096875 0.11875
0 0.26484375 0.81875 0.096875 0.115625
1 0.13515625 0.6328124999999999 0.096875 0.115625
1 0.7453125 0.80234375 0.0921875 0.1125
1 0.35546875 0.4507812500000001 0.1 0.121875
0 0.31171875 0.13125 0.1 0.121875
1 0.28515625 0.25703125 0.0984375 0.13125
1 0.45625 0.7609375000000002 0.1015625 0.1265625
1 0.41875 0.4296875 0.1125 0.1296875
1 0.471875 0.40625 0.09375 0.125
1 0.53828125 0.3875 0.0984375 0.121875
1 0.72890625 0.3265625 0.0984375 0.121875
1 0.5953125 0.14375 0.1 0.1171875
1 0.0359375 0.32890625 0.071875 0.1046875
1 0.128125 0.19609375 0.1 0.1171875
1 0.621875 0.83671875 0.0984375 0.1203125
1 0.2296875 0.4953125 0.09375 0.1109375
1 0.70703125 0.67421875 0.0984375 0.121875
1 0.64140625 0.69453125 0.0953125 0.1203125
1 0.2015625 0.83828125 0.096875 0.11875
1 0.77265625 0.653125 0.1015625 0.1234375
1 0.79296875 0.3078125 0.096875 0.115625
1 0.46875 0.184375 0.090625 0.1109375
0 0.5820312499999999 0.71484375 0.1 0.1171875
1 0.328125 0.7984375 0.096875 0.115625
1 0.40703125 0.20234375 0.0875 0.1046875
1 0.68671875 0.81796875 0.096875 0.11875
1 0.5328125 0.165625 0.090625 0.1171875
1 0.3765625 0.109375 0.1046875 0.128125
1 0.24609375 0.95859375 0.0890625 0.0828125
0 0.1640625 0.51015625 0.1 0.1265625
1 0.73203125 0.09921875 0.09375 0.1109375
0 0.384375 0.54765625 0.09375 0.115625
1 0.3453125 0.22265625 0.0953125 0.1046875
1 0.8421875 0.63203125 0.1015625 0.1265625
0 0.51796875 0.7359375 0.096875 0.115625
1 0.10546875 0.5328125 0.0953125 0.1234375
1 0.5609375 0.05390625 0.1 0.1078125
1 0.06484375 0.215625 0.09375 0.1171875
1 0.66953125 0.12421875 0.1078125 0.134375
1 0.63125 0.0421875 0.10625 0.084375
0 0.259375 0.5875 0.0921875 0.1125
1 0.43828125 0.0921875 0.090625 0.1171875
1 0.02265625 0.23828125 0.0453125 0.1171875
0 0.43203125 0.909375 0.09375 0.115625
1 0.5 0.07265625 0.090625 0.1125
0 0.3703125 0.9296875 0.0875 0.1046875
1 0.6375 0.46484375 0.096875 0.115625
0 0.39375 0.778125 0.1 0.1171875
1 0.8984375 0.6093749999999999 0.0875 0.115625
1 0.69296875 0.034375 0.0984375 0.06875
0 0.875 0.7640625 0.0875 0.103125
