1 0.52265625 0.553125 0.10625 0.08125
1 0.51328125 0.484375 0.10625 0.0859375
1 0.5625 0.81484375 0.1125 0.090625
1 0.49296875 0.3546875 0.103125 0.08125
1 0.47734375 0.225 0.103125 0.08125
1 0.22890625 0.73125 0.1140625 0.0828125
1 0.48203125 0.2890625 0.109375 0.08125
1 0.25390625 0.934375 0.103125 0.0875
1 0.91484375 0.7640625 0.103125 0.08125
1 0.4671875 0.1609375 0.1015625 0.078125
0 0.21953125 0.66875 0.1125 0.0796875
0 0.25 0.8640625 0.1109375 0.0828125
1 0.23984375 0.79609375 0.1140625 0.0828125
1 0.4546875000000001 0.7640625 0.10625 0.08125
1 0.41328125 0.496875 0.109375 0.084375
1 0.40234375 0.4390625 0.115625 0.0875
1 0.1375 0.81328125 0.1140625 0.0859375
0 0.50234375 0.4203125 0.1078125 0.078125
1 0.83515625 0.23828125 0.1046875 0.078125
1 0.83203125 0.23828125 0.109375 0.0890625
0 0.3812499999999999 0.30625 0.1125 0.0828125
1 0.89375 0.57109375 0.10625 0.0796875
1 0.8734375 0.50078125 0.1125 0.0859375
0 0.10703125 0.621875 0.115625 0.0859375
1 0.1484375 0.878125 0.1109375 0.0828125
0 0.77890625 0.78359375 0.109375 0.08125
1 0.43359375 0.634375 0.10625 0.0671875
1 0.41875 0.57109375 0.125 0.0875
1 0.125 0.75234375 0.1203125 0.078125
1 0.11484375 0.68125 0.115625 0.0875
1 0.36640625 0.17265625 0.10625 0.078125
1 0.15859375 0.94921875 0.1125 0.0859375
0 0.76015625 0.6546875 0.1015625 0.096875
1 0.75859375 0.58125 0.128125 0.09375
1 0.85703125 0.36640625 0.1015625 0.0890625
1 0.84765625 0.30546875 0.1125 0.0828125
1 0.16953125 0.3390625 0.115625 0.0859375
1 0.20625 0.6015624999999999 0.10625 0.084375
1 0.0953125 0.55 0.11875 0.0921875
1 0.18046875 0.40546875 0.109375 0.084375
1 0.375 0.2390625 0.1171875 0.0859375
1 0.1859375 0.47421875 0.103125 0.08125
0 0.73828125 0.51953125 0.1078125 0.08125
0 0.7296875 0.4515625 0.109375 0.0875
1 0.721875 0.38984375 0.115625 0.0859375
1 0.7703124999999998 0.7171875 0.1078125 0.084375
1 0.19765625 0.53515625 0.1015625 0.078125
0 0.4609375 0.83125 0.1125 0.0859375
1 0.0671875 0.35546875 0.109375 0.0875
1 0.86015625 0.4328125 0.109375 0.084375
1 0.46953125 0.8921875 0.115625 0.0859375
1 0.16328125 0.26640625 0.125 0.09375
1 0.7125 0.321875 0.11875 0.0875
1 0.3921875 0.37109375 0.11875 0.0828125
1 0.70625 0.253125 0.1171875 0.0828125
0 0.89609375 0.6328125 0.1078125 0.08125
1 0.92421875 0.8296875 0.1015625 0.078125
1 0.7859375 0.8515625 0.1109375 0.0828125
0 0.55 0.75078125 0.1046875 0.078125
0 0.53125 0.61796875 0.109375 0.08125
1 0.0921875 0.48828125 0.103125 0.06875
1 0.08359375 0.42265625 0.1078125 0.078125
1 0.05703125 0.28359375 0.1140625 0.0953125
1 0.696875 0.17890625 0.121875 0.090625
1 0.571875 0.88046875 0.109375 0.08125
0 0.90625 0.70078125 0.1015625 0.078125
0 0.828125 0.17890624999999996 0.1 0.071875
1 0.6796875 0.11640625 0.109375 0.0703125
1 0.153125 0.20234375 0.090625 0.0546875
1 0.05078125 0.21328125 0.1015625 0.0734375
