1 0.509375 0.82265625 0.1015625 0.0765625
1 0.50546875 0.3578125 0.1046875 0.071875
1 0.50546875 0.29765625 0.096875 0.06875
1 0.5078125 0.49296875 0.1 0.0703125
1 0.50859375 0.56015625 0.0984375 0.071875
1 0.20390625 0.82890625 0.115625 0.0703125
1 0.509375 0.23046875 0.0921875 0.0671875
1 0.19296875 0.69296875 0.0984375 0.0703125
1 0.5078125 0.16328125 0.0953125 0.06875
1 0.86484375 0.821875 0.090625 0.0671875
1 0.19296875 0.6328125000000001 0.096875 0.071875
1 0.18828125 0.56171875 0.090625 0.0671875
1 0.40625 0.621875 0.10625 0.071875
1 0.09140625 0.62734375 0.1046875 0.0765625
1 0.85859375 0.6210937500000001 0.1015625 0.071875
0 0.090625 0.56796875 0.1046875 0.0703125
1 0.85546875 0.29140625 0.1 0.0703125
1 0.4039062500000001 0.36171875 0.10625 0.0703125
1 0.859375 0.35859375 0.0984375 0.0703125
1 0.19765625 0.76015625 0.109375 0.071875
1 0.40546875 0.559375 0.103125 0.0671875
1 0.403125 0.4953125 0.1078125 0.0734375
1 0.8562499999999998 0.42265625 0.1 0.0703125
0 0.5078125 0.428125 0.1 0.0703125
1 0.090625 0.76171875 0.1109375 0.0546875
1 0.08828125 0.69921875 0.1109375 0.0796875
1 0.41171875 0.75546875 0.0953125 0.0703125
0 0.4039062500000001 0.29765625 0.10625 0.065625
1 0.40546875 0.16328125 0.1015625 0.06875
1 0.72578125 0.28984375 0.1015625 0.06875
1 0.19375 0.36796875 0.1046875 0.0640625
1 0.85859375 0.55390625 0.0984375 0.0703125
1 0.0828125 0.22890625 0.1078125 0.08125
0 0.728125 0.82109375 0.1015625 0.0671875
1 0.190625 0.29921875 0.103125 0.06875
1 0.19375 0.8992187499999998 0.09375 0.06875
1 0.090625 0.50234375 0.109375 0.05625
1 0.08984375 0.43515625 0.103125 0.06875
1 0.4046875 0.23046875 0.1078125 0.0703125
0 0.4085937499999999 0.82421875 0.1046875 0.071875
1 0.41171875 0.88515625 0.1015625 0.06875
1 0.85390625 0.48671875 0.10625 0.0671875
1 0.73359375 0.621875 0.1140625 0.0734375
1 0.18984375 0.434375 0.103125 0.065625
1 0.72734375 0.89140625 0.10625 0.071875
1 0.19453125 0.22421875 0.115625 0.0796875
1 0.86484375 0.88671875 0.090625 0.059375
1 0.72734375 0.4890625 0.0984375 0.0734375
1 0.72578125 0.42734375 0.096875 0.065625
1 0.0953125 0.90546875 0.0984375 0.059375
1 0.0921875 0.36953125 0.0984375 0.0671875
1 0.72578125 0.359375 0.1015625 0.0734375
1 0.728125 0.21484375 0.1109375 0.0734375
1 0.09453125 0.82890625 0.10625 0.0671875
1 0.0875 0.30078124999999994 0.1046875 0.0734375
1 0.7296875 0.75390625 0.0984375 0.0703125
1 0.40546875 0.42890625 0.1125 0.0671875
1 0.51015625 0.88828125 0.1046875 0.06875
1 0.18828125 0.496875 0.090625 0.0625
0 0.5078125 0.75546875 0.1 0.0671875
0 0.5078125 0.62421875 0.1 0.0671875
0 0.72578125 0.55390625 0.0984375 0.0703125
0 0.86171875 0.69140625 0.1 0.0671875
0 0.865625 0.75546875 0.0953125 0.0671875
0 0.7296875 0.68671875 0.1015625 0.0703125
1 0.72265625 0.1421875 0.0984375 0.0578125
1 0.1875 0.16171875 0.0921875 0.05625
1 0.08125 0.1609375 0.1140625 0.0875
0 0.86171875 0.22578125 0.0953125 0.0625
