1 0.48515625 0.44296875 0.09375 0.06875
1 0.484375 0.77578125 0.09375 0.06875
1 0.48515625 0.51328125 0.096875 0.0734375
1 0.4875 0.64453125 0.09375 0.06875
1 0.48203125 0.17968750000000003 0.103125 0.0765625
1 0.80625 0.30703125 0.096875 0.06875
1 0.48828125 0.71015625 0.0984375 0.06875
1 0.48515625 0.84140625 0.0953125 0.065625
1 0.8039062500000002 0.10234375 0.0953125 0.0734375
1 0.80078125 0.24296875000000004 0.1046875 0.06875
0 0.7984375 0.17421875 0.1046875 0.06875
1 0.9015625000000002 0.240625 0.103125 0.06875
0 0.48671875 0.57890625 0.1 0.065625
1 0.5890625 0.50703125 0.10625 0.065625
1 0.58828125 0.57421875 0.10625 0.0734375
0 0.8015625 0.371875 0.1046875 0.0640625
1 0.58203125 0.24453125 0.096875 0.06875
0 0.590625 0.70859375 0.1046875 0.06875
1 0.134375 0.71328125 0.1 0.0734375
1 0.12578125 0.18046875 0.090625 0.0703125
1 0.58671875 0.77578125 0.10625 0.06875
0 0.90703125 0.43515625 0.109375 0.0734375
0 0.26328125 0.18046875000000004 0.1 0.06875
1 0.58671875 0.8406249999999998 0.1046875 0.06875
1 0.90078125 0.3078125 0.096875 0.0578125
1 0.9046875 0.3734375 0.10625 0.075
1 0.90234375 0.17265625 0.1046875 0.065625
1 0.90234375 0.10078125 0.1046875 0.06875
1 0.58671875 0.38203125 0.10625 0.05625
1 0.590625 0.440625 0.115625 0.071875
1 0.8046875 0.7023437500000002 0.1 0.071875
1 0.2625 0.24765625 0.1 0.071875
1 0.80625 0.56953125 0.09375 0.06875
1 0.25390625 0.38515625 0.121875 0.078125
1 0.13203125 0.58046875 0.0859375 0.0734375
1 0.1296875 0.64296875 0.1046875 0.0703125
1 0.803125 0.63828125 0.1 0.06875
1 0.12578125 0.38359375 0.0984375 0.0625
1 0.1296875 0.44609375 0.103125 0.071875
1 0.8046875 0.44140625 0.09375 0.06875
1 0.9078125 0.50703125 0.109375 0.078125
1 0.80546875 0.50703125 0.09375 0.065625
0 0.58515625 0.178125 0.103125 0.06875
0 0.265625 0.515625 0.1 0.075
1 0.590625 0.64140625 0.1125 0.06875
1 0.134375 0.51484375 0.1 0.0734375
1 0.265625 0.58046875 0.10625 0.071875
1 0.90859375 0.703125 0.1 0.075
1 0.8015625 0.77890625 0.1125 0.078125
1 0.58515625 0.115625 0.10625 0.071875
1 0.26640625 0.11328125 0.103125 0.06875
0 0.4867187499999999 0.24453125 0.096875 0.065625
1 0.26171875 0.71484375 0.1078125 0.06875
1 0.2625 0.646875 0.1109375 0.065625
0 0.48515625 0.38046875 0.0984375 0.06875
1 0.80703125 0.846875 0.090625 0.06875
1 0.26171875 0.78828125 0.109375 0.0734375
1 0.9031249999999998 0.5734375 0.1 0.04375
1 0.90234375 0.63359375 0.1 0.0671875
0 0.12734375 0.31171875 0.096875 0.071875
1 0.12734375 0.11640625 0.0890625 0.0609375
1 0.48203125 0.11328125 0.1 0.06875
1 0.91171875 0.77578125 0.10625 0.0796875
0 0.265625 0.44609375 0.1 0.071875
1 0.9171875 0.846875 0.121875 0.0765625
0 0.12578125 0.24453125000000003 0.0953125 0.0640625
0 0.26171875 0.31484375 0.1 0.071875
1 0.26640625 0.85390625 0.1078125 0.0609375
0 0.12734375 0.778125 0.0796875 0.0625
