1 0.48515625 0.44453125 0.096875 0.06875
1 0.4867187499999999 0.64453125 0.096875 0.06875
1 0.484375 0.77578125 0.09375 0.06875
1 0.48515625 0.51328125 0.0984375 0.0734375
1 0.48359375 0.17968750000000003 0.103125 0.0765625
1 0.48828125 0.71015625 0.1 0.06875
1 0.484375 0.84140625 0.0953125 0.0640625
1 0.8015625 0.30703125 0.1046875 0.06875
0 0.48671875 0.57890625 0.1 0.065625
1 0.58671875 0.8429687500000002 0.0953125 0.0640625
1 0.80234375 0.10234375 0.0953125 0.0734375
1 0.12578125 0.178125 0.09375 0.071875
0 0.590625 0.70859375 0.1046875 0.06875
1 0.9015625 0.23984375 0.1 0.071875
1 0.79921875 0.24296875 0.1046875 0.071875
1 0.590625 0.50859375 0.10625 0.065625
1 0.5875 0.57421875 0.10625 0.0734375
1 0.58671875 0.77578125 0.10625 0.06875
1 0.58203125 0.24453125 0.096875 0.06875
0 0.7984375 0.17421875 0.1046875 0.06875
1 0.134375 0.71328125 0.1015625 0.0734375
0 0.90625 0.434375 0.10625 0.075
0 0.26484375 0.18203125 0.1 0.065625
1 0.90390625 0.303125 0.0984375 0.0515625
1 0.903125 0.37578125 0.103125 0.0796875
0 0.8015625 0.37421875 0.1046875 0.065625
1 0.80390625 0.70546875 0.1 0.06875
1 0.8046875 0.63984375 0.0984375 0.06875
1 0.1296875 0.44765625 0.103125 0.071875
1 0.8046875 0.44140625 0.096875 0.06875
1 0.8015624999999998 0.78046875 0.115625 0.078125
1 0.584375 0.3828125 0.10625 0.059375
1 0.5898437499999999 0.440625 0.115625 0.071875
1 0.90234375 0.09921875 0.1046875 0.06875
1 0.90546875 0.56953125 0.1015625 0.0640625
1 0.80859375 0.56953125 0.09375 0.06875
1 0.9015625 0.17265625 0.1046875 0.065625
1 0.1203125 0.58515625 0.0890625 0.075
1 0.12890625 0.64453125 0.1046875 0.0703125
1 0.590625 0.64140625 0.109375 0.06875
0 0.58515625 0.17734375 0.103125 0.071875
1 0.9078125 0.50703125 0.109375 0.078125
1 0.80546875 0.50703125 0.090625 0.065625
1 0.58046875 0.115625 0.10625 0.06875
1 0.26484375 0.58046875 0.10625 0.06875
1 0.2625 0.24609375 0.0984375 0.06875
1 0.25703125 0.38359375 0.115625 0.078125
0 0.265625 0.515625 0.0984375 0.071875
1 0.134375 0.51640625 0.103125 0.071875
1 0.13046875 0.38203125 0.0953125 0.0703125
1 0.9070312499999998 0.703125 0.1 0.071875
1 0.265625 0.11328125 0.1015625 0.071875
1 0.26171875 0.64921875 0.1140625 0.06875
1 0.26171875 0.7156249999999998 0.109375 0.06875
1 0.91171875 0.77578125 0.10625 0.0796875
1 0.26171875 0.790625 0.1109375 0.075
1 0.12578125 0.11484375 0.0953125 0.06875
1 0.80859375 0.846875 0.0921875 0.0625
1 0.48203125 0.11328125 0.1 0.06875
1 0.90234375 0.63515625 0.0953125 0.065625
0 0.4867187499999999 0.24453125 0.096875 0.065625
0 0.1265625 0.31328125 0.0984375 0.071875
0 0.265625 0.44765625 0.1 0.071875
0 0.48515625 0.37890625 0.1015625 0.06875
0 0.12421875 0.24453125 0.0953125 0.0671875
0 0.26328125 0.31484375 0.1 0.06875
0 0.1265625 0.77421875 0.0890625 0.05625
1 0.271875 0.8664062500000002 0.1078125 0.071875
1 0.903125 0.840625 0.1015625 0.059375
