1 0.515625 0.55546875 0.0953125 0.0703125
1 0.51328125 0.35546875 0.0953125 0.0703125
1 0.515625 0.4867187499999999 0.096875 0.0734375
1 0.51796875 0.8203125 0.103125 0.0765625
1 0.515625 0.22421874999999997 0.0953125 0.06875
1 0.19921875 0.69140625 0.1078125 0.0703125
1 0.51171875 0.28984375 0.1 0.06875
1 0.515625 0.15859375 0.0953125 0.0640625
0 0.19921875 0.62578125 0.10625 0.065625
1 0.87421875 0.81953125 0.09375 0.0703125
0 0.20234375 0.82578125 0.10625 0.0671875
1 0.0984375 0.76015625 0.103125 0.071875
1 0.4125 0.15703125 0.0984375 0.0671875
1 0.19765625 0.89765625 0.0953125 0.0734375
0 0.51328125 0.42109375 0.1 0.0671875
1 0.41796875 0.75546875 0.0984375 0.0703125
0 0.409375 0.29140625 0.10625 0.0703125
1 0.20234375 0.75703125 0.109375 0.0703125
1 0.41015625 0.4921875 0.1046875 0.0703125
1 0.4125 0.42421875 0.10625 0.071875
1 0.09765625 0.69609375 0.10625 0.0625
1 0.09453125 0.6265625 0.1046875 0.075
0 0.0921875 0.56328125 0.1078125 0.0703125
1 0.86640625 0.28671875 0.1015625 0.0765625
1 0.41328125 0.22421875 0.1078125 0.071875
1 0.0984375 0.828125 0.1046875 0.0640625
1 0.8781250000000002 0.621875 0.0953125 0.0609375
1 0.8703125000000002 0.55234375 0.103125 0.071875
1 0.0984375 0.89765625 0.103125 0.06875
1 0.1953125 0.559375 0.0953125 0.0703125
1 0.4140625 0.628125 0.10625 0.0625
1 0.41171875 0.55703125 0.1109375 0.0703125
1 0.196875 0.29453125 0.103125 0.0703125
1 0.8703125 0.4171875 0.0921875 0.0609375
1 0.87109375 0.35546875 0.1046875 0.0703125
0 0.7375 0.81953125 0.1015625 0.0703125
1 0.09453125 0.428125 0.1015625 0.0625
1 0.09140625 0.49296875 0.1078125 0.078125
1 0.19609375 0.36171875 0.1 0.0703125
1 0.19296875 0.43046875 0.0953125 0.0671875
1 0.7375 0.75234375 0.0984375 0.071875
1 0.73515625 0.41953125 0.10625 0.0703125
1 0.19453125 0.49296875 0.09375 0.0640625
1 0.74375 0.61640625 0.1140625 0.078125
0 0.41484375 0.82265625 0.1046875 0.071875
1 0.7375 0.353125 0.1125 0.0734375
0 0.734375 0.484375 0.1 0.071875
1 0.409375 0.35859375 0.1125 0.0703125
1 0.0921875 0.29687500000000006 0.1015625 0.075
1 0.8671875 0.48359375 0.103125 0.071875
1 0.4195312500000001 0.884375 0.10625 0.06875
1 0.19921875 0.21953125 0.115625 0.078125
1 0.8742187500000002 0.88515625 0.0953125 0.065625
1 0.73828125 0.28515625 0.109375 0.06875
1 0.734375 0.88671875 0.1015625 0.06875
1 0.73984375 0.21171875 0.1125 0.0734375
0 0.51484375 0.62109375 0.1 0.0703125
1 0.08828125 0.22421875 0.10625 0.0828125
1 0.51953125 0.88671875 0.1015625 0.06875
0 0.8734375 0.68828125 0.0984375 0.0671875
0 0.51484375 0.75546875 0.096875 0.0671875
1 0.0984375 0.36484375 0.0984375 0.065625
0 0.734375 0.553125 0.1015625 0.071875
0 0.8742187500000002 0.75546875 0.0953125 0.0671875
1 0.08828125 0.16171875 0.10625 0.0734375
1 0.19375 0.15703125 0.0890625 0.0515625
1 0.73515625 0.14609375 0.0984375 0.0578125
0 0.8734375 0.22500000000000003 0.0890625 0.0640625
