1 0.51484375 0.55703125 0.09375 0.0703125
1 0.515625 0.22421874999999997 0.0953125 0.06875
1 0.51484375 0.4867187499999999 0.096875 0.0734375
1 0.5125 0.35546875 0.09375 0.0703125
1 0.51796875 0.8203125 0.103125 0.0765625
1 0.19375 0.69296875 0.096875 0.0703125
1 0.51171875 0.28984375 0.0984375 0.06875
1 0.51484375 0.15859375 0.09375 0.0671875
1 0.19609375 0.89765625 0.0953125 0.0734375
1 0.19921875 0.75703125 0.1046875 0.0703125
0 0.2015625 0.82578125 0.1046875 0.0671875
1 0.0984375 0.759375 0.103125 0.0671875
0 0.51328125 0.42109375 0.1 0.0671875
1 0.4109375 0.49296875 0.1078125 0.065625
1 0.41171875 0.42578125 0.1078125 0.0734375
0 0.1984375 0.628125 0.1046875 0.0640625
1 0.41796875 0.75546875 0.0984375 0.0703125
0 0.409375 0.29140625 0.1046875 0.0703125
1 0.865625 0.28671875 0.1015625 0.0734375
1 0.87421875 0.81953125 0.090625 0.0703125
1 0.41328125 0.22421874999999997 0.1078125 0.06875
0 0.09296875 0.56484375 0.109375 0.0734375
0 0.73671875 0.81953125 0.1015625 0.0703125
1 0.41328125 0.159375 0.1046875 0.06875
1 0.09921875 0.6921875 0.096875 0.0578125
1 0.0953125 0.6265625 0.10625 0.075
1 0.09765625 0.82734375 0.1046875 0.065625
1 0.09765625 0.8992187499999998 0.1046875 0.06875
1 0.41328125 0.61796875 0.10625 0.05625
1 0.409375 0.559375 0.115625 0.0703125
1 0.1953125 0.29765625 0.1 0.0703125
1 0.7375 0.75234375 0.0984375 0.071875
1 0.19375 0.43046875 0.0953125 0.0703125
1 0.74609375 0.61484375 0.121875 0.0796875
1 0.86796875 0.41953125 0.0859375 0.071875
1 0.8703125 0.35703125 0.1046875 0.0703125
1 0.196875 0.36171875 0.1 0.06875
1 0.87421875 0.61640625 0.0984375 0.0625
1 0.8703125000000002 0.55390625 0.103125 0.071875
1 0.1953125 0.55859375 0.0953125 0.0703125
1 0.0921875 0.49296875 0.109375 0.078125
1 0.19453125 0.49296875 0.09375 0.0671875
0 0.41484375 0.821875 0.1046875 0.0671875
0 0.734375 0.484375 0.1 0.075
1 0.409375 0.35859375 0.1125 0.0703125
1 0.865625 0.48515625 0.1015625 0.0734375
1 0.734375 0.41953125 0.10625 0.071875
1 0.09140625 0.29687500000000006 0.1015625 0.075
1 0.1984375 0.22109375 0.1140625 0.078125
1 0.41484375 0.884375 0.10625 0.071875
1 0.73359375 0.88671875 0.1046875 0.06875
0 0.51328125 0.75546875 0.096875 0.0671875
1 0.73828125 0.28515625 0.1078125 0.06875
1 0.7375000000000002 0.353125 0.1109375 0.0671875
0 0.51484375 0.61953125 0.0984375 0.0703125
1 0.19296875 0.153125 0.090625 0.06875
1 0.73828125 0.21171875 0.1109375 0.0734375
1 0.096875 0.4265625 0.1015625 0.04375
1 0.09765625 0.36640625 0.1 0.0671875
0 0.87265625 0.68828125 0.096875 0.0703125
1 0.87265625 0.8835937499999998 0.0890625 0.0609375
1 0.51796875 0.88671875 0.1 0.06875
1 0.08828125 0.22421875 0.10625 0.0796875
0 0.734375 0.55390625 0.1 0.071875
1 0.0828125 0.153125 0.121875 0.0765625
0 0.8742187500000002 0.75546875 0.0953125 0.0640625
0 0.73828125 0.68515625 0.1 0.071875
1 0.73359375 0.14609375 0.1078125 0.0609375
0 0.87265625 0.221875 0.0796875 0.0625
