1 0.51171875 0.55703125 0.09375 0.0703125
1 0.51171875 0.35546875 0.0953125 0.0703125
1 0.51484375 0.82109375 0.1015625 0.075
1 0.5125 0.48828125 0.0984375 0.0734375
1 0.51484375 0.22578125 0.09375 0.06875
0 0.51171875 0.42265625 0.1 0.065625
1 0.19453125 0.69296875 0.096875 0.0671875
1 0.5109375 0.29140625 0.0984375 0.0671875
1 0.51328125 0.159375 0.0953125 0.0640625
1 0.19609375 0.89765625 0.0953125 0.0734375
1 0.87265625 0.821875 0.0890625 0.0671875
1 0.4140625 0.4921875 0.103125 0.0640625
1 0.409375 0.42734375 0.1046875 0.0734375
1 0.19921875 0.759375 0.103125 0.0671875
1 0.86875 0.553125 0.1015625 0.065625
1 0.09765625 0.76015625 0.1015625 0.0671875
0 0.40703125 0.29140625 0.1015625 0.0703125
1 0.09375 0.69140625 0.1015625 0.06875
1 0.09453125 0.6265625 0.1046875 0.075
1 0.8671875 0.62265625 0.0984375 0.0625
1 0.515625 0.88671875 0.1 0.06875
1 0.86484375 0.28828125 0.0984375 0.06875
0 0.09140625 0.56328125 0.1109375 0.0671875
1 0.41171875 0.22421874999999997 0.1046875 0.06875
1 0.415625 0.75546875 0.0953125 0.0703125
1 0.86875 0.3570312500000001 0.103125 0.0671875
1 0.409375 0.35546875 0.1046875 0.0640625
1 0.19609375 0.36171875 0.1 0.06875
0 0.20078125 0.82578125 0.1046875 0.065625
1 0.09765625 0.828125 0.1046875 0.0671875
1 0.1921875 0.29765625 0.1 0.06875
1 0.09609375 0.89921875 0.1046875 0.065625
0 0.73203125 0.8203125 0.0984375 0.065625
1 0.86484375 0.48671875 0.0984375 0.0671875
1 0.41015625 0.159375 0.1 0.06875
1 0.41171875 0.621875 0.103125 0.0703125
1 0.409375 0.55703125 0.1109375 0.0671875
0 0.41171875 0.82265625 0.103125 0.06875
1 0.19453125 0.5585937500000001 0.0953125 0.071875
1 0.19140625 0.49296875 0.0890625 0.0609375
0 0.51171875 0.62265625 0.0984375 0.065625
1 0.090625 0.5 0.1109375 0.0671875
1 0.09296875 0.43203125 0.1015625 0.0703125
1 0.86875 0.88671875 0.084375 0.059375
1 0.1921875 0.43125 0.1 0.0625
1 0.865625 0.41953125 0.1015625 0.071875
1 0.73359375 0.28515625 0.10625 0.071875
1 0.4171875 0.88359375 0.1046875 0.0640625
1 0.7328125 0.753125 0.0984375 0.0703125
1 0.09296875 0.29921875 0.1 0.0734375
0 0.73046875 0.4867187499999999 0.0984375 0.0734375
1 0.19140625 0.15546875 0.0953125 0.0671875
1 0.1953125 0.22109375 0.1125 0.078125
0 0.87109375 0.690625 0.0953125 0.0671875
1 0.44843749999999993 0.68828125 0.1609375 0.0703125
1 0.73203125 0.42109375 0.1046875 0.0671875
1 0.73359375 0.35546875 0.1046875 0.0703125
0 0.19609375 0.62734375 0.1 0.065625
0 0.51171875 0.75546875 0.0953125 0.0671875
1 0.08515625 0.22734375 0.1078125 0.0796875
1 0.73671875 0.21171875 0.1125 0.071875
1 0.0953125 0.36640625 0.0984375 0.0671875
1 0.7328125 0.89140625 0.1015625 0.059375
1 0.73828125 0.61796875 0.109375 0.071875
0 0.87265625 0.75546875 0.0953125 0.0671875
1 0.084375 0.1578125 0.11875 0.0765625
0 0.73203125 0.55390625 0.0984375 0.0703125
0 0.87109375 0.228125 0.1 0.0671875
0 0.7375 0.68359375 0.10625 0.0703125
1 0.7296875 0.14375 0.1015625 0.06875
