1 0.50703125 0.55546875 0.1 0.0671875
1 0.5078125 0.35390625 0.1 0.0703125
1 0.51796875 0.8890625 0.103125 0.0671875
1 0.5109375 0.81796875 0.1015625 0.078125
1 0.50703125 0.48671875 0.1 0.0765625
1 0.509375 0.22109375 0.09375 0.0671875
1 0.50703125 0.28671875 0.1015625 0.0734375
1 0.50859375 0.15546875 0.0984375 0.0671875
1 0.41484375 0.55078125 0.0921875 0.0578125
1 0.40625 0.4875 0.1015625 0.0609375
1 0.4046875 0.42265625 0.10625 0.06875
0 0.7296875 0.81796875 0.1015625 0.0671875
1 0.1921875 0.75546875 0.103125 0.0703125
0 0.190625 0.82578125 0.0984375 0.0671875
1 0.8625 0.61796875 0.1 0.0671875
1 0.86640625 0.81796875 0.09375 0.071875
1 0.090625 0.69453125 0.1 0.059375
1 0.090625 0.62109375 0.0953125 0.078125
0 0.50703125 0.41953125 0.1 0.0703125
1 0.8601562499999998 0.28515625 0.1 0.0734375
1 0.0921875 0.75703125 0.1015625 0.0703125
1 0.18828125 0.68828125 0.0984375 0.0703125
1 0.86484375 0.55390625 0.1 0.0703125
0 0.18984375 0.62421875 0.1046875 0.065625
1 0.86484375 0.35546875 0.0984375 0.0671875
1 0.0875 0.48828125 0.1078125 0.0765625
0 0.0875 0.56171875 0.10625 0.0671875
1 0.40546875 0.61640625 0.10625 0.071875
1 0.72890625 0.41796875 0.1046875 0.0703125
1 0.4046875 0.35546875 0.10625 0.0703125
1 0.4078125000000001 0.221875 0.10625 0.06875
1 0.1875 0.4242187499999999 0.0984375 0.065625
1 0.7296875 0.34921875 0.1140625 0.0734375
1 0.86015625 0.41796875 0.1046875 0.0703125
1 0.09140625 0.82578125 0.103125 0.065625
0 0.4039062500000001 0.28984375 0.10625 0.06875
1 0.1875 0.55546875 0.0953125 0.0703125
1 0.18984375 0.29140625 0.103125 0.0703125
1 0.18984375 0.49140625 0.09375 0.0640625
1 0.18984375 0.36015625 0.1015625 0.065625
1 0.190625 0.89453125 0.09375 0.071875
1 0.73125 0.75078125 0.1015625 0.0703125
1 0.08359375 0.4328125 0.10625 0.0625
1 0.08046875 0.35390625 0.10625 0.0609375
1 0.0859375 0.29296875 0.1 0.071875
1 0.8585937500000002 0.48359375 0.103125 0.0671875
1 0.86875 0.88515625 0.090625 0.0625
1 0.7296875 0.88671875 0.1015625 0.071875
1 0.19296875 0.21796875 0.115625 0.08125
0 0.72890625 0.484375 0.103125 0.0734375
1 0.7335937500000002 0.615625 0.1109375 0.075
1 0.08046875 0.21953125 0.10625 0.078125
1 0.409375 0.75390625 0.0953125 0.0671875
1 0.40859375 0.153125 0.1015625 0.06875
1 0.08984375 0.89765625 0.1078125 0.0734375
1 0.4078125000000001 0.884375 0.10625 0.06875
0 0.40625 0.81953125 0.1078125 0.0703125
1 0.73203125 0.28046875 0.10625 0.0671875
1 0.7312499999999998 0.21015625 0.1078125 0.06875
0 0.509375 0.61953125 0.0984375 0.0703125
0 0.8671875 0.68671875 0.1015625 0.0671875
0 0.50859375 0.75390625 0.1015625 0.0640625
0 0.7296875 0.54921875 0.1046875 0.071875
0 0.73046875 0.684375 0.1015625 0.0703125
0 0.8679687499999998 0.753125 0.0921875 0.0609375
1 0.1859375 0.1515625 0.0890625 0.053125
1 0.084375 0.15703125 0.1078125 0.071875
1 0.7296875000000002 0.13671875 0.103125 0.0703125
0 0.86484375 0.22343750000000004 0.0828125 0.0609375
