1 0.44609375 0.52109375 0.084375 0.1046875
1 0.64453125 0.48671875 0.084375 0.10625
1 0.18671875 0.5703125 0.0921875 0.1125
1 0.5140625 0.51015625 0.0890625 0.1078125
1 0.77265625 0.4671874999999999 0.084375 0.1046875
0 0.578125 0.4984375 0.08125 0.109375
1 0.25703125 0.2328125 0.08125 0.10625
1 0.70703125 0.47421875 0.08125 0.1078125
1 0.8375 0.45390625 0.0796875 0.103125
1 0.05546875 0.26953125 0.0890625 0.1046875
1 0.24765625 0.9226562499999998 0.0828125 0.1
1 0.49296875 0.4140625 0.08125 0.1125
1 0.55546875 0.3984375 0.090625 0.115625
1 0.1921875 0.24921875 0.0859375 0.1140625
1 0.51171875 0.87265625 0.08125 0.109375
1 0.17421875 0.14921875 0.084375 0.1109375
0 0.6890625 0.371875 0.0859375 0.1125
1 0.240625 0.1328125 0.0859375 0.1125
1 0.3046875 0.12265625 0.0921875 0.1140625
1 0.44296875 0.8828125 0.078125 0.10625
1 0.121875 0.5828125 0.084375 0.1109375
1 0.771875 0.82265625 0.084375 0.109375
0 0.36640625 0.10859375 0.0859375 0.1203125
1 0.75625 0.36484375 0.0859375 0.115625
1 0.23359375 0.4609375 0.084375 0.1078125
1 0.7046875 0.83828125 0.0828125 0.1125
1 0.6265625 0.3859375 0.08125 0.1140625
1 0.58359375 0.1765625 0.084375 0.1109375
0 0.12734375 0.26171875 0.0828125 0.1140625
1 0.10703125 0.1609375 0.0828125 0.1140625
1 0.64609375 0.16171875 0.084375 0.1109375
1 0.0390625 0.171875 0.078125 0.1125
0 0.225 0.784375 0.08125 0.109375
1 0.5765625 0.85703125 0.084375 0.109375
1 0.81953125 0.35234375 0.084375 0.1109375
1 0.36484375 0.434375 0.0890625 0.1140625
1 0.428125 0.4203125 0.084375 0.11875
0 0.1671875 0.46875 0.0859375 0.1140625
1 0.3890625 0.209375 0.0875 0.1046875
1 0.453125 0.19453125 0.075 0.096875
0 0.3812499999999999 0.5328125 0.08125 0.10625
1 0.42890625 0.096875 0.0859375 0.11875
1 0.49609375 0.0875 0.0859375 0.1125
1 0.1828125 0.93046875 0.0734375 0.09375
1 0.5140625 0.18515625 0.0796875 0.109375
1 0.64296875 0.84609375 0.0890625 0.1125
1 0.75234375 0.69296875 0.0890625 0.1171875
1 0.1078125 0.48515625 0.08125 0.1125
1 0.29140625 0.7734375 0.084375 0.1109375
1 0.62734375 0.0640625 0.0890625 0.1109375
0 0.553125 0.725 0.0890625 0.1078125
1 0.7859375 0.1359375 0.08125 0.1046875
1 0.721875 0.1515625 0.096875 0.125
0 0.3765625 0.8984375 0.08125 0.1046875
1 0.30546875 0.4820312500000001 0.0984375 0.16875
1 0.61796875 0.71484375 0.0828125 0.1125
1 0.6828125 0.7046875 0.0859375 0.1140625
0 0.321875 0.22265625 0.08125 0.109375
0 0.25078125 0.55625 0.08125 0.1046875
1 0.69609375 0.0515625 0.0953125 0.103125
1 0.825 0.6828125 0.090625 0.1234375
1 0.5609375 0.078125 0.08125 0.1078125
1 0.1546875 0.796875 0.0765625 0.1109375
1 0.425 0.75546875 0.0890625 0.1203125
0 0.31328125 0.91171875 0.08125 0.1046875
1 0.7648437500000002 0.04765625 0.0953125 0.0953125
0 0.4875 0.7375 0.084375 0.1078125
0 0.83203125 0.81796875 0.08125 0.109375
0 0.36015625 0.765625 0.0859375 0.1171875
1 0.890625 0.6640625 0.0859375 0.1125
