1 0.18046875 0.44453125 0.090625 0.1125
1 0.440625 0.496875 0.0875 0.1078125
1 0.7624999999999998 0.56796875 0.084375 0.10625
0 0.5703125000000001 0.52421875 0.0875 0.109375
1 0.634375 0.53984375 0.0875 0.109375
1 0.69921875 0.55 0.0875 0.1125
1 0.50625 0.5109375 0.0875 0.109375
1 0.82890625 0.58046875 0.0875 0.1078125
1 0.1078125 0.79296875 0.0859375 0.1015625
1 0.37265625 0.16015625 0.084375 0.1046875
0 0.17109375 0.8078125 0.084375 0.1046875
0 0.71953125 0.44921875 0.0890625 0.11875
1 0.4609375 0.07734375 0.0953125 0.115625
1 0.7609375 0.23828125 0.090625 0.1125
1 0.6289062500000001 0.8953125 0.0875 0.1125
1 0.39921875 0.38515625 0.0890625 0.1171875
1 0.115625 0.43359375 0.084375 0.109375
0 0.5203125 0.0875 0.0890625 0.11875
1 0.17578125 0.1171875 0.08125 0.103125
1 0.30859375 0.15 0.0875 0.1125
1 0.303125 0.82890625 0.090625 0.109375
1 0.52578125 0.4125 0.090625 0.109375
1 0.525 0.73984375 0.0890625 0.1171875
1 0.5671875 0.1984375 0.0796875 0.103125
1 0.65625 0.4375 0.0890625 0.11875
1 0.49375 0.87421875 0.0890625 0.1078125
1 0.5609375 0.8859375 0.0875 0.1125
1 0.3296875 0.05390625 0.0875 0.1078125
1 0.6953125 0.228125 0.0828125 0.1140625
1 0.58984375 0.425 0.0890625 0.1171875
1 0.5921875 0.75546875 0.0921875 0.1203125
1 0.26640625 0.3609375 0.0859375 0.1046875
0 0.2015625 0.34453125 0.0890625 0.115625
1 0.784375 0.46640625 0.0890625 0.1171875
1 0.6609375 0.76953125 0.0921875 0.11875
1 0.1921875 0.03828125 0.0875 0.0765625
0 0.13671875 0.66015625 0.0875 0.1125
1 0.628125 0.2109375 0.08125 0.1078125
1 0.58515625 0.1046875 0.096875 0.1125
1 0.64921875 0.115625 0.0859375 0.1125
1 0.26328125 0.046875 0.0859375 0.09375
1 0.85 0.48125 0.0875 0.1125
1 0.14140625 0.334375 0.0890625 0.115625
1 0.36953125 0.8453125 0.0875 0.1125
1 0.43671875 0.853125 0.0890625 0.11875
1 0.071875 0.6453125 0.0890625 0.1140625
1 0.78046875 0.13984375 0.0921875 0.115625
0 0.24296875000000004 0.1390625 0.084375 0.1171875
1 0.50390625 0.18515625 0.0859375 0.1046875
0 0.3765625 0.48359375 0.084375 0.1078125
0 0.3953125 0.71171875 0.0796875 0.1109375
0 0.4640625 0.7273437499999998 0.0921875 0.115625
1 0.85078125 0.15234375 0.1015625 0.1203125
0 0.234375 0.81953125 0.084375 0.109375
1 0.7296875 0.7859375 0.09375 0.121875
1 0.04296875 0.77734375 0.08125 0.0984375
1 0.9 0.26796875 0.0859375 0.1046875
0 0.2484375 0.45625 0.084375 0.1078125
1 0.83359375 0.25859375 0.0984375 0.125
1 0.71328125 0.13046875 0.0828125 0.1046875
0 0.2703125 0.6875 0.08125 0.1171875
1 0.33359375 0.70859375 0.0890625 0.1171875
1 0.2015625 0.67421875 0.0875 0.1125
1 0.38984375 0.06640625 0.0859375 0.103125
1 0.43515625 0.18671875 0.09375 0.1390625
1 0.46171875 0.39765625 0.0859375 0.115625
0 0.6890625 0.91796875 0.09375 0.1109375
1 0.7921875 0.796875 0.0890625 0.1078125
1 0.91640625 0.16875 0.0953125 0.121875
