1 0.44296875 0.5046875 0.084375 0.1078125
1 0.63984375 0.5375 0.084375 0.1046875
1 0.36328125 0.1640625 0.084375 0.1078125
1 0.76875 0.5625 0.084375 0.1046875
1 0.5109375 0.515625 0.0890625 0.1078125
1 0.10703125 0.4515624999999999 0.071875 0.1046875
1 0.18203125 0.4625 0.0984375 0.1171875
1 0.1625 0.13203125 0.090625 0.1046875
1 0.7046875 0.54765625 0.084375 0.109375
0 0.57578125 0.52578125 0.08125 0.109375
1 0.29921875 0.159375 0.0859375 0.1171875
1 0.83359375 0.5742187500000001 0.08125 0.103125
0 0.23125 0.14921875 0.0859375 0.115625
1 0.31484375 0.0578125 0.0890625 0.115625
1 0.528125 0.41875 0.0828125 0.1125
1 0.58828125 0.42578125 0.090625 0.115625
1 0.17734375 0.04609375 0.0859375 0.0921875
1 0.2625 0.375 0.084375 0.1078125
0 0.14453125 0.675 0.0859375 0.1125
1 0.121875 0.81328125 0.0859375 0.1015625
0 0.72109375 0.4453125 0.0859375 0.115625
0 0.50859375 0.08828125 0.090625 0.1203125
1 0.3921875 0.39453125 0.0734375 0.1125
1 0.45703125 0.40078125 0.090625 0.1234375
1 0.24921875 0.0515625 0.0859375 0.103125
1 0.646875 0.896875 0.0953125 0.115625
1 0.38203125 0.06640625 0.0859375 0.115625
1 0.4484375 0.07890625 0.0953125 0.11875
0 0.4265625 0.178125 0.0828125 0.1109375
1 0.78828125 0.4609375 0.0890625 0.1171875
1 0.34296875 0.7203125 0.1015625 0.134375
1 0.49453125 0.18984375 0.0875 0.1046875
1 0.56015625 0.20078125 0.08125 0.103125
0 0.1984375 0.36015625 0.0890625 0.1140625
1 0.853125 0.4734375 0.0859375 0.1140625
1 0.58203125 0.1015625 0.0859375 0.115625
1 0.6390625 0.11171875 0.0828125 0.1125
1 0.384375 0.8546875 0.0859375 0.1140625
1 0.6234375 0.21015625 0.08125 0.103125
1 0.6890625 0.2234375 0.084375 0.109375
1 0.209375 0.6890625 0.084375 0.1109375
1 0.51328125 0.87890625 0.084375 0.1140625
1 0.5765625 0.8890625 0.0859375 0.1140625
1 0.65703125 0.434375 0.0875 0.121875
1 0.7531250000000002 0.234375 0.0875 0.1109375
0 0.47421875 0.7328125 0.0890625 0.1109375
0 0.378125 0.4921875 0.084375 0.1109375
1 0.4515624999999999 0.8625000000000002 0.0890625 0.1109375
1 0.53828125 0.74453125 0.0890625 0.1171875
1 0.77109375 0.1328125 0.090625 0.1109375
1 0.13828125 0.35 0.0890625 0.1171875
0 0.24609375 0.46875 0.08125 0.10625
1 0.828125 0.25234375 0.1 0.1296875
1 0.3203125 0.84140625 0.084375 0.109375
1 0.8429687500000002 0.1421875 0.0953125 0.11875
0 0.2515625 0.834375 0.084375 0.1078125
1 0.60625 0.7578125 0.090625 0.121875
1 0.07890625 0.66328125 0.0859375 0.1125
1 0.05625 0.80078125 0.0796875 0.103125
1 0.6703125 0.7703125 0.0890625 0.1203125
0 0.40703125 0.7218750000000002 0.0875 0.1109375
1 0.70234375 0.12578125 0.084375 0.109375
1 0.74453125 0.78671875 0.09375 0.1234375
0 0.18515625 0.8234375 0.08125 0.1046875
0 0.27734375 0.7046875 0.0890625 0.115625
0 0.70703125 0.9109375 0.075 0.096875
1 0.81484375 0.7875 0.09375 0.115625
1 0.90625 0.15390625 0.0765625 0.1203125
1 0.8874999999999998 0.25859375 0.06875 0.1015625
