1 0.44609375 0.5171875 0.078125 0.1046875
1 0.1890625 0.55703125 0.090625 0.1109375
1 0.77734375 0.47265625 0.078125 0.1
1 0.64765625 0.48828125 0.08125 0.109375
1 0.2703125 0.21953125 0.084375 0.10625
1 0.23515625 0.9109375 0.08125 0.1046875
1 0.5140625 0.50703125 0.0859375 0.10625
1 0.84296875 0.4625000000000001 0.0765625 0.10625
1 0.7125 0.47890625 0.084375 0.109375
1 0.12109375 0.56640625 0.08125 0.109375
1 0.44375 0.41875 0.071875 0.10625
1 0.50703125 0.40234375 0.0890625 0.121875
1 0.56328125 0.3968749999999999 0.0859375 0.1125
0 0.13671875 0.24609375 0.0796875 0.115625
0 0.58046875 0.496875 0.08125 0.109375
1 0.18515625 0.12890625 0.0828125 0.1203125
1 0.2515625 0.11796875 0.0890625 0.11875
1 0.6328125 0.3859375 0.0828125 0.1109375
1 0.06796875 0.25078125 0.084375 0.103125
1 0.3203125 0.11171875 0.0859375 0.1125
0 0.38125 0.10078125 0.0828125 0.1140625
0 0.334375 0.21484375 0.0765625 0.1140625
1 0.6953125 0.8421875 0.078125 0.1078125
1 0.7625 0.371875 0.08125 0.109375
1 0.203125 0.2328125 0.08125 0.109375
1 0.1703125 0.91640625 0.0703125 0.0953125
0 0.21875 0.7734375 0.0796875 0.109375
1 0.63359375 0.84765625 0.078125 0.1078125
1 0.53203125 0.18046875 0.078125 0.103125
1 0.66328125 0.16484375 0.078125 0.1078125
0 0.69609375 0.375 0.0828125 0.1140625
1 0.4515624999999999 0.08984375 0.0890625 0.11875
1 0.64765625 0.0625 0.084375 0.109375
1 0.12109375 0.14296875 0.0828125 0.1109375
1 0.23671875 0.4484375 0.078125 0.1015625
1 0.0546875 0.15234375 0.0890625 0.1109375
0 0.17265625 0.45625 0.0828125 0.109375
1 0.3734375 0.425 0.0828125 0.1125
1 0.4359375 0.878125 0.075 0.1078125
1 0.50234375 0.86875 0.0765625 0.109375
1 0.4015625 0.19921875 0.0765625 0.1015625
1 0.14921875 0.78359375 0.0796875 0.1125
1 0.46484375 0.18984375 0.0734375 0.0984375
1 0.73671875 0.1578125 0.096875 0.1265625
1 0.56953125 0.85390625 0.0734375 0.1109375
0 0.36640625 0.8914062499999998 0.078125 0.1078125
1 0.83046875 0.359375 0.075 0.10625
1 0.76484375 0.828125 0.084375 0.1078125
1 0.596875 0.175 0.078125 0.1078125
1 0.68359375 0.71015625 0.084375 0.1203125
1 0.7195312499999998 0.05234375 0.0921875 0.1046875
1 0.284375 0.765625 0.08125 0.109375
1 0.6132812500000001 0.71640625 0.0796875 0.1125
1 0.10703125 0.46328125 0.0828125 0.1140625
0 0.34765625 0.753125 0.075 0.1140625
1 0.41796875 0.74765625 0.0859375 0.115625
0 0.54921875 0.725 0.0859375 0.10625
0 0.384375 0.52734375 0.08125 0.1078125
1 0.5820312499999999 0.0765625 0.084375 0.109375
0 0.303125 0.90078125 0.075 0.1015625
1 0.51796875 0.0859375 0.0703125 0.1078125
1 0.7515625 0.70078125 0.075 0.109375
1 0.7890625 0.05 0.09375 0.1
0 0.2515625 0.54609375 0.078125 0.10625
1 0.81953125 0.690625 0.0828125 0.1140625
0 0.48359375 0.734375 0.0828125 0.1109375
0 0.82890625 0.8328124999999998 0.0734375 0.1078125
1 0.8859375 0.6765625 0.0625 0.1046875
1 0.7890625 0.14453125 0.0640625 0.090625
