1 0.55859375 0.4890625 0.0828125 0.1015625
1 0.8195312500000002 0.45234375 0.0875 0.1078125
1 0.35703125 0.509375 0.08125 0.1078125
1 0.29921875 0.52265625 0.0828125 0.1015625
1 0.23203124999999997 0.5265625 0.0765625 0.1015625
1 0.7296875 0.7890625 0.0765625 0.1015625
1 0.48984375 0.496875 0.084375 0.10625
1 0.63359375 0.58046875 0.0859375 0.1140625
1 0.3203125 0.16171875 0.0859375 0.1015625
1 0.2515625 0.17578125 0.0828125 0.1078125
0 0.428125 0.50234375 0.0796875 0.1078125
1 0.57734375 0.13046875 0.0859375 0.1078125
1 0.77578125 0.1015625 0.0796875 0.0984375
1 0.16718749999999996 0.53515625 0.0796875 0.1015625
1 0.74453125 0.8828125 0.0734375 0.1046875
1 0.675 0.89140625 0.0875 0.10625
1 0.4375 0.60703125 0.0921875 0.11875
1 0.375 0.6140625 0.084375 0.1140625
0 0.3109375 0.621875 0.078125 0.1140625
1 0.575 0.58828125 0.0625 0.1109375
1 0.50859375 0.5984375 0.0890625 0.115625
1 0.79453125 0.77265625 0.08125 0.1140625
1 0.665625 0.78828125 0.08125 0.1171875
1 0.40078125 0.28671875 0.0765625 0.1078125
1 0.934375 0.759375 0.0828125 0.1
1 0.8078125 0.875 0.084375 0.1078125
1 0.44765625 0.14609375 0.0859375 0.1046875
1 0.3796875 0.15703125 0.0890625 0.1109375
1 0.7257812500000002 0.24453125 0.0796875 0.1015625
1 0.89375 0.546875 0.08125 0.1140625
1 0.94765625 0.8609375 0.0875 0.1203125
1 0.5328125 0.81015625 0.075 0.103125
1 0.4703125000000001 0.81875 0.075 0.1046875
1 0.34140625 0.83515625 0.084375 0.109375
1 0.19375 0.309375 0.08125 0.1203125
0 0.61640625 0.9015625 0.08125 0.1140625
1 0.509375 0.140625 0.0859375 0.1109375
0 0.83203125 0.5546875 0.08125 0.109375
1 0.2640625 0.30078125 0.08125 0.1140625
0 0.7921875000000002 0.23828125 0.0796875 0.1078125
1 0.7648437500000002 0.559375 0.0796875 0.1078125
1 0.596875 0.80234375 0.0828125 0.1015625
1 0.33203125 0.29140625 0.08125 0.115625
1 0.28125 0.9445312500000002 0.09375 0.1109375
1 0.54609375 0.91015625 0.0875 0.1171875
1 0.24453125 0.628125 0.084375 0.1140625
1 0.59296875 0.25390625 0.0890625 0.1234375
1 0.271875 0.8390625000000002 0.08125 0.103125
1 0.19765625 0.85234375 0.0890625 0.1046875
1 0.83984375 0.0921875 0.0734375 0.1
0 0.8625 0.7671875 0.0765625 0.10625
1 0.17734375 0.63671875 0.08125 0.1125
1 0.40703125 0.82421875 0.075 0.1078125
1 0.35546875 0.93671875 0.084375 0.1125
1 0.8578125 0.22890625 0.08125 0.1140625
1 0.87421875 0.8671875 0.0765625 0.1125
1 0.41875 0.92265625 0.0796875 0.10625
0 0.62109375 0.48046875 0.08125 0.109375
0 0.7117187499999998 0.1078125 0.0765625 0.0953125
0 0.64765625 0.11953125 0.0765625 0.103125
0 0.528125 0.2734375 0.0796875 0.1078125
1 0.4796875 0.9171875 0.06875 0.109375
1 0.884375 0.4453125 0.078125 0.1109375
0 0.753125 0.4632812499999999 0.0765625 0.1046875
0 0.4640625 0.28515625 0.084375 0.1171875
0 0.6578125 0.2515625 0.084375 0.1125
0 0.1921875 0.175 0.0734375 0.096875
1 0.12890625 0.32265625 0.08125 0.1109375
1 0.2171875 0.9460937499999998 0.08125 0.1078125
