1 0.50703125 0.55703125 0.0984375 0.0703125
1 0.5109375 0.821875 0.1015625 0.0765625
0 0.50703125 0.42578125 0.1 0.06875
1 0.50703125 0.16328125 0.0984375 0.06875
1 0.50546875 0.35703125 0.0984375 0.0703125
1 0.86484375 0.821875 0.09375 0.071875
1 0.50625 0.49140625 0.0984375 0.071875
1 0.85625 0.28984375 0.1015625 0.0703125
1 0.19375 0.69296875 0.1015625 0.0671875
1 0.20078125 0.628125 0.115625 0.0703125
1 0.50859375 0.29609375 0.096875 0.059375
1 0.509375 0.228125 0.09375 0.065625
1 0.09140625 0.69921875 0.1015625 0.06875
1 0.09453125 0.62421875 0.1015625 0.0828125
1 0.40546875 0.62265625 0.10625 0.0734375
0 0.40390625 0.29687499999999994 0.103125 0.065625
1 0.19453125 0.75703125 0.10625 0.0703125
0 0.19453125 0.82734375 0.1015625 0.065625
1 0.19140625 0.8976562500000002 0.0921875 0.071875
1 0.86171875 0.35859375 0.096875 0.0671875
1 0.4046874999999999 0.36015625 0.1046875 0.0703125
1 0.409375 0.75546875 0.0984375 0.0703125
1 0.72890625 0.28671875 0.1046875 0.0703125
1 0.1875 0.29921875 0.0953125 0.06875
1 0.7296875 0.215625 0.10625 0.071875
1 0.85859375 0.42109375 0.1046875 0.0703125
1 0.409375 0.88515625 0.1046875 0.065625
1 0.08984375 0.89453125 0.1109375 0.075
1 0.40625 0.56015625 0.1 0.0640625
1 0.40546875 0.49296875 0.10625 0.0703125
1 0.859375 0.62265625 0.1015625 0.071875
1 0.09375 0.76015625 0.1 0.071875
1 0.4046875 0.42890625 0.10625 0.0703125
1 0.86484375 0.88671875 0.09375 0.065625
1 0.18828125 0.43046875 0.0984375 0.0640625
0 0.090625 0.56328125 0.1046875 0.0671875
1 0.72734375 0.35703125 0.1046875 0.0703125
1 0.8601562499999998 0.55546875 0.1 0.071875
1 0.72890625 0.88828125 0.1046875 0.071875
0 0.728125 0.81953125 0.1015625 0.0671875
1 0.85703125 0.48828125 0.1015625 0.071875
0 0.40546875 0.82265625 0.109375 0.06875
1 0.7296875 0.75390625 0.0984375 0.0703125
1 0.09375 0.82421875 0.10625 0.071875
1 0.18984375 0.56015625 0.090625 0.0734375
1 0.4046875 0.22734375000000004 0.1078125 0.06875
1 0.190625 0.36640625 0.1015625 0.0640625
1 0.0875 0.49609375 0.109375 0.075
1 0.7265625 0.42734375 0.0984375 0.065625
1 0.08359375 0.22734375 0.10625 0.0796875
1 0.40703125 0.16015625000000003 0.1015625 0.06875
1 0.19375 0.221875 0.1125 0.078125
1 0.1875 0.49453125 0.0890625 0.0640625
1 0.08828125 0.29921875 0.1015625 0.0703125
1 0.08984375 0.4328125 0.1046875 0.0625
0 0.50703125 0.75546875 0.0984375 0.0671875
1 0.09375 0.36796875 0.096875 0.0671875
0 0.7265625 0.6828125 0.096875 0.059375
1 0.734375 0.61953125 0.115625 0.0703125
1 0.51015625 0.88828125 0.1046875 0.06875
0 0.50625 0.62265625 0.0984375 0.0671875
0 0.86328125 0.690625 0.1015625 0.0703125
0 0.7265625 0.55390625 0.1 0.0703125
0 0.7265625 0.4867187499999999 0.0984375 0.0734375
0 0.865625 0.75546875 0.0953125 0.0671875
1 0.08125 0.16171875 0.1109375 0.08125
1 0.1890625 0.1640625 0.09375 0.0578125
1 0.72265625 0.1546875 0.1109375 0.065625
0 0.86328125 0.23281250000000003 0.0890625 0.071875
