1 0.55625 0.49921875 0.0796875 0.10625
1 0.8140625 0.5359375 0.0921875 0.1125
1 0.22734375 0.44453125 0.0796875 0.1015625
1 0.35546875 0.46875 0.0828125 0.109375
1 0.6375 0.83515625 0.0859375 0.10625
1 0.8734375 0.184375 0.0828125 0.1046875
1 0.48828125 0.4890625 0.0875 0.1078125
1 0.16171875 0.43515625 0.078125 0.1078125
1 0.290625 0.4578125 0.0859375 0.109375
1 0.88203125 0.546875 0.0828125 0.109375
1 0.53046875 0.59453125 0.0734375 0.10625
1 0.46484375 0.59140625 0.090625 0.121875
1 0.409375 0.5796875 0.0875 0.1125
0 0.77265625 0.84921875 0.08125 0.1171875
0 0.421875 0.4796875 0.0828125 0.109375
1 0.6921874999999998 0.94296875 0.084375 0.1140625
1 0.62578125 0.93828125 0.090625 0.1203125
1 0.3390625 0.5703125 0.084375 0.1125
1 0.83984375 0.86484375 0.0859375 0.1046875
1 0.5585937500000001 0.9234375 0.0875 0.1125
0 0.496875 0.91640625 0.084375 0.115625
0 0.575 0.82109375 0.078125 0.1140625
1 0.41328125 0.115625 0.0796875 0.109375
1 0.2109375 0.54609375 0.0828125 0.109375
1 0.70625 0.84296875 0.0828125 0.109375
1 0.9367187500000002 0.1984375 0.071875 0.0953125
0 0.8484375 0.3203125 0.08125 0.1109375
1 0.47421875 0.12890625 0.0796875 0.109375
1 0.3765625 0.79609375 0.0796875 0.1046875
1 0.24531249999999996 0.77265625 0.0796875 0.109375
0 0.27578125 0.56171875 0.084375 0.115625
1 0.4265625 0.90625 0.090625 0.1203125
1 0.23125 0.875 0.0859375 0.109375
1 0.7578125 0.94765625 0.084375 0.1046875
1 0.73671875 0.62578125 0.0796875 0.103125
1 0.8234375 0.953125 0.090625 0.09375
0 0.8 0.6375 0.084375 0.1109375
1 0.59921875 0.609375 0.084375 0.1140625
1 0.671875 0.15703125 0.0765625 0.1078125
1 0.60546875 0.146875 0.078125 0.109375
1 0.50625 0.81640625 0.078125 0.103125
1 0.91796875 0.33125 0.08125 0.1125
1 0.4429687500000001 0.80625 0.075 0.0984375
1 0.1734375 0.75859375 0.0984375 0.1265625
1 0.53671875 0.14140625 0.075 0.1109375
0 0.7421875 0.16484375 0.0796875 0.109375
1 0.14296875 0.5375 0.0765625 0.10625
1 0.34296875 0.10859375 0.0859375 0.10625
1 0.31171875 0.7828125 0.0796875 0.109375
1 0.3859375 0.2453125 0.0859375 0.121875
1 0.1578125 0.86640625 0.09375 0.1140625
1 0.784375 0.309375 0.0828125 0.109375
1 0.4546875 0.26015625 0.08125 0.1140625
1 0.865625 0.65078125 0.084375 0.115625
0 0.7195312499999998 0.30234375 0.0765625 0.1140625
1 0.65078125 0.2875 0.0875 0.115625
0 0.51875 0.2703125 0.0875 0.1078125
0 0.61796875 0.5078125 0.0828125 0.1078125
1 0.2984375 0.88125 0.0859375 0.109375
0 0.8054687499999998 0.17421875 0.0765625 0.103125
1 0.36171875 0.890625 0.071875 0.109375
1 0.31796875 0.234375 0.0765625 0.109375
1 0.0875 0.86015625 0.096875 0.1328125
0 0.75078125 0.52890625 0.0796875 0.1078125
1 0.25 0.22421874999999997 0.084375 0.115625
0 0.584375 0.28046875 0.084375 0.1125
0 0.28203125 0.0859375 0.075 0.1078125
1 0.18203125 0.21796875 0.0640625 0.1046875
1 0.11953125000000002 0.75546875 0.065625 0.09375
