1 0.4453125 0.51640625 0.0875 0.109375
1 0.1875 0.57421875 0.09375 0.1140625
1 0.509375 0.503125 0.090625 0.109375
0 0.57109375 0.490625 0.084375 0.1109375
1 0.63828125 0.4742187500000001 0.0890625 0.10625
1 0.70390625 0.465625 0.0859375 0.10625
1 0.765625 0.4515625 0.084375 0.10625
1 0.26015625 0.921875 0.0859375 0.1046875
1 0.24609375 0.234375 0.084375 0.10625
1 0.36015625 0.43203125 0.09375 0.11875
1 0.8312500000000002 0.4375 0.0875 0.1078125
1 0.45546875 0.87421875 0.09375 0.1140625
1 0.3109375 0.23125 0.090625 0.128125
1 0.77578125 0.8015625 0.0875 0.1125
1 0.21953125 0.13984375 0.0796875 0.1125
1 0.2921875 0.1265625 0.0953125 0.1109375
1 0.1828125 0.2546875 0.0890625 0.11875
1 0.553125 0.39296875 0.084375 0.1109375
1 0.61484375 0.37578125 0.0921875 0.11875
1 0.296875 0.77421875 0.084375 0.1046875
0 0.6796875 0.36328125 0.0859375 0.1140625
1 0.10546875 0.4875 0.0859375 0.1171875
1 0.046875 0.2796875 0.0859375 0.1046875
1 0.5015625 0.18046875 0.0828125 0.10625
1 0.64765625 0.83125 0.09375 0.115625
1 0.1625 0.1546875 0.090625 0.1125
1 0.63046875 0.14921875 0.090625 0.1109375
0 0.16484375 0.475 0.0890625 0.1140625
1 0.4375 0.19609375 0.0828125 0.103125
1 0.61953125 0.70546875 0.0859375 0.1140625
0 0.35078125 0.1109375 0.0921875 0.11875
1 0.42265625 0.415625 0.071875 0.11875
1 0.48671875 0.40546875 0.0921875 0.11875
0 0.23203125 0.78828125 0.0875 0.1125
1 0.75234375 0.678125 0.0890625 0.11875
1 0.7453125 0.35078125 0.0890625 0.115625
0 0.11484375 0.26796875 0.0875 0.1125
1 0.8234375 0.6640625 0.090625 0.1234375
1 0.3773437499999999 0.2078125 0.0890625 0.10625
1 0.8117187500000002 0.33828125 0.0875 0.1125
1 0.52109375 0.859375 0.0890625 0.1140625
1 0.23125000000000004 0.46328125 0.084375 0.1109375
1 0.16875 0.80234375 0.0921875 0.115625
1 0.196875 0.9359375 0.08125 0.1046875
1 0.0359375 0.18125 0.071875 0.121875
1 0.6859375 0.69296875 0.0890625 0.11875
1 0.48125 0.084375 0.084375 0.1140625
1 0.4171875 0.096875 0.0953125 0.121875
1 0.5671875 0.16875 0.08125 0.1109375
1 0.4296875 0.753125 0.09375 0.128125
1 0.7125 0.8203125 0.0828125 0.1109375
0 0.38125 0.53125 0.0875 0.1125
1 0.60703125 0.0546875 0.0921875 0.109375
1 0.584375 0.84140625 0.0859375 0.115625
1 0.7078124999999998 0.13984375 0.1 0.1265625
1 0.67890625 0.046875 0.0984375 0.09375
0 0.4921875 0.73046875 0.0890625 0.1140625
1 0.09609375 0.16796875 0.0859375 0.1140625
0 0.5578125 0.721875 0.0890625 0.10625
0 0.3875 0.8921875 0.084375 0.109375
1 0.54453125 0.0734375 0.084375 0.1078125
1 0.1234375 0.5890625 0.0859375 0.115625
0 0.2515625 0.55859375 0.0828125 0.109375
0 0.32578125 0.9078125 0.084375 0.1046875
0 0.365625 0.765625 0.09375 0.1234375
1 0.74296875 0.03984375 0.0890625 0.0796875
1 0.76796875 0.12265625 0.0734375 0.1015625
1 0.89140625 0.6453125 0.0796875 0.115625
0 0.8429687500000002 0.79296875 0.0796875 0.1
