1 0.4437499999999999 0.51171875 0.0734375 0.1
1 0.64375 0.5203125 0.0734375 0.096875
1 0.3234375 0.18359375 0.0734375 0.1
1 0.775 0.52890625 0.0734375 0.096875
1 0.5125 0.5140625 0.078125 0.1
1 0.10390625 0.49921875 0.0609375 0.1
1 0.1796875 0.5015625 0.0859375 0.109375
1 0.1203125 0.17578125 0.0796875 0.096875
1 0.709375 0.52265625 0.0734375 0.1015625
0 0.578125 0.51640625 0.0703125 0.103125
1 0.259375 0.1859375 0.0734375 0.109375
1 0.83984375 0.5328125 0.0703125 0.096875
0 0.190625 0.18515625 0.0734375 0.1078125
1 0.26328125 0.0828125 0.0765625 0.109375
1 0.51796875 0.4156250000000001 0.0703125 0.10625
1 0.57890625 0.415625 0.078125 0.1078125
1 0.12421875 0.07734375 0.0734375 0.109375
1 0.24921875 0.4046875 0.0734375 0.1
0 0.16875 0.7171875 0.0734375 0.1046875
1 0.1625 0.85703125 0.0765625 0.09375
0 0.71328125 0.41875 0.0734375 0.1078125
0 0.4578125 0.08984375 0.0796875 0.1125
1 0.38046875 0.40859375 0.0609375 0.1078125
1 0.4453125 0.40625 0.078125 0.115625
1 0.19609375 0.0796875 0.0734375 0.109375
1 0.69375 0.8765625 0.0828125 0.1078125
1 0.33046875 0.084375 0.0734375 0.1078125
1 0.396875 0.08828125 0.0828125 0.1109375
0 0.38828125 0.18984375 0.0703125 0.1046875
1 0.78125 0.4265625 0.0765625 0.109375
1 0.37109375 0.73828125 0.0875 0.1265625
1 0.45703125 0.19296875 0.0765625 0.096875
1 0.52265625 0.1953125 0.0703125 0.096875
0 0.18359375000000003 0.3984375 0.0765625 0.10625
1 0.846875 0.43046875 0.0734375 0.10625
1 0.5328125 0.09375 0.0734375 0.1078125
1 0.590625 0.09765625 0.0703125 0.10625
1 0.4281249999999999 0.86640625 0.0734375 0.10625
1 0.58671875 0.196875 0.0703125 0.096875
1 0.65390625 0.20234375 0.0734375 0.1015625
1 0.23515625 0.7234375 0.0734375 0.103125
1 0.559375 0.875 0.071875 0.1078125
1 0.6234375 0.8765625 0.0734375 0.10625
1 0.64765625 0.4156250000000001 0.075 0.1140625
1 0.71875 0.20546875 0.0765625 0.103125
0 0.50234375 0.734375 0.078125 0.103125
0 0.378125 0.50703125 0.0734375 0.103125
1 0.49609375 0.865625 0.078125 0.103125
1 0.56796875 0.73828125 0.0765625 0.109375
1 0.72421875 0.10234375 0.0796875 0.103125
1 0.12265625 0.3953125 0.0765625 0.109375
0 0.24453125 0.5 0.0703125 0.1
1 0.7960937500000002 0.2140625 0.0875 0.121875
1 0.36328125 0.86015625 0.0734375 0.1015625
1 0.796875 0.103125 0.0828125 0.1109375
0 0.29375 0.8625 0.0734375 0.1
1 0.63671875 0.74296875 0.078125 0.1140625
1 0.1015625 0.71328125 0.0734375 0.1046875
1 0.096875 0.853125 0.06875 0.096875
1 0.70234375 0.74765625 0.078125 0.1125
0 0.434375 0.73125 0.0765625 0.103125
1 0.65546875 0.10390625 0.0734375 0.1015625
1 0.77734375 0.7546874999999998 0.08125 0.115625
0 0.2265625 0.859375 0.0703125 0.0984375
0 0.30390625 0.7296875 0.0765625 0.1078125
0 0.75546875 0.8828125 0.065625 0.090625
1 0.84765625 0.7468749999999998 0.08125 0.1078125
1 0.8609375 0.10625 0.0640625 0.115625
1 0.85546875 0.21328125 0.0578125 0.096875
