0 0.54609375 0.6890625 0.1171875 0.0984375
1 0.63515625 0.6734375 0.0875 0.1046875
1 0.7703124999999998 0.64375 0.0921875 0.1203125
0 0.7046875 0.67109375 0.08125 0.0890625
1 0.828125 0.6210937499999999 0.0546875 0.1078125
1 0.88203125 0.6046875 0.0625 0.0984375
1 0.378125 0.634375 0.1265625 0.06875
0 0.38828125 0.57421875 0.053125 0.05
1 0.43515625 0.5546874999999999 0.034375 0.0765625
0 0.27265625 0.56875 0.05 0.04375
0 0.3109375 0.5703125 0.046875 0.0421875
0 0.3484375 0.5734375 0.0328125 0.0390625
