0 0.54609375 0.6890625 0.1171875 0.0984375
1 0.76953125 0.64375 0.0921875 0.121875
1 0.6359375 0.67109375 0.0875 0.109375
0 0.70546875 0.66953125 0.075 0.090625
0 0.2796875 0.56875 0.04375 0.0296875
0 0.3140625 0.5671875 0.0375 0.040625
1 0.37890624999999994 0.64140625 0.128125 0.0703125
0 0.35234375 0.5703124999999999 0.04375 0.0375
0 0.3953125 0.57109375 0.0453125 0.04375
1 0.43671875 0.5484375 0.0453125 0.059375
1 0.82421875 0.60703125 0.0734375 0.0828125
1 0.88515625 0.6078125 0.0671875 0.1
