0 0.43125 0.31796875 0.128125 0.1125
1 0.21484375 0.38984375 0.10625 0.1328125
1 0.34453125 0.346875 0.1 0.11875
0 0.27578125 0.35703125 0.0859375 0.0984375
0 0.71015625 0.4046874999999999 0.046875 0.034375
0 0.6765625 0.4109375 0.0421875 0.0453125
1 0.603125 0.34453125 0.1359375 0.084375
0 0.63828125 0.4124999999999999 0.0484375 0.0421875
0 0.5953125 0.41640625 0.0484375 0.0484375
1 0.55703125 0.44453125 0.05 0.0640625
1 0.16484375 0.43359375 0.0828125 0.090625
1 0.1046875 0.43984375 0.078125 0.1078125
