0 0.68984375 0.45703125 0.1 0.1125
1 0.66796875 0.3671875 0.1265625 0.096875
1 0.65390625 0.2359375 0.121875 0.0953125
0 0.67265625 0.29765625 0.0984375 0.071875
1 0.6296875 0.17968749999999997 0.0921875 0.071875
1 0.615625 0.12890625 0.09375 0.059375
1 0.6296875 0.62265625 0.0828125 0.1203125
0 0.5640625 0.6109375 0.0390625 0.0390625
1 0.55390625 0.56875 0.0640625 0.0453125
0 0.55234375 0.7273437499999998 0.0515625 0.0296875
0 0.5609375 0.69140625 0.040625 0.0234375
0 0.5640625 0.653125 0.0328125 0.0296875
