0 0.54921875 0.68828125 0.1109375 0.096875
1 0.63828125 0.66328125 0.0921875 0.1234375
1 0.76953125 0.64453125 0.090625 0.1203125
0 0.70859375 0.665625 0.0671875 0.096875
1 0.8249999999999998 0.61875 0.06875 0.0890625
1 0.875 0.60234375 0.0578125 0.0921875
1 0.38203125 0.63359375 0.1171875 0.078125
0 0.39140625 0.56796875 0.0375 0.0390625
1 0.4328125 0.55625 0.04375 0.0625
0 0.275 0.56015625 0.028125 0.0515625
0 0.3109375 0.5671875 0.0234375 0.040625
0 0.3492187500000001 0.56953125 0.028125 0.03125
