1 0.47578125 0.94765625 0.11875 0.09609375
1 0.1671875 0.52265625 0.0859375 0.10546875
1 0.1 0.57890625 0.08515625 0.1078125
1 0.04296875 0.66875 0.0859375 0.12734375
1 0.9757812500000002 0.17890625 0.0484375 0.05859375
1 0.2234375 0.66875 0.10859375 0.10859375
1 0.553125 0.8890625 0.1203125 0.13046875
1 0.60625 0.8015625 0.1 0.1109375
1 0.53046875 0.1171875 0.0578125 0.0609375
1 0.2265625 0.44296875 0.06875 0.08984375
1 0.30859375 0.60078125 0.0796875 0.09921875
1 0.0140625 0.3140625 0.02734375 0.0953125
1 0.034375 0.25390625 0.06875 0.0828125
1 0.24531249999999996 0.053125 0.06015625 0.07109375
1 0.3984375 0.4515625 0.07265625 0.0875
1 0.2890625 0.3796875 0.0640625 0.0828125
1 0.029687499999999995 0.084375 0.0578125 0.06875
1 0.96015625 0.2453125 0.075 0.0609375
1 0.4328125 0.22109375 0.06015625 0.06875
1 0.74375 0.55 0.08359375 0.0703125
1 0.196875 0.09609375 0.05859375 0.07265625
1 0.35234375 0.52578125 0.084375 0.0984375
1 0.47578125 0.16328125 0.06328125 0.06953125
1 0.66015625 0.71484375 0.08984375 0.07578125
1 0.59609375 0.21796874999999996 0.06875 0.07578125
1 0.51328125 0.34296875 0.065625 0.07265625
1 0.890625 0.3578125 0.0796875 0.07734375
1 0.5609375 0.0625 0.0515625 0.059375
1 0.5609375 0.28515625 0.06328125 0.07421875
1 0.9328125 0.2984375 0.075 0.06640625
1 0.3359375 0.3265625 0.05859375 0.06875
1 0.384375 0.27109375 0.065625 0.0703125
1 0.84765625 0.815625 0.10390625 0.10625
1 0.8078125 0.48046875 0.08828125 0.0734375
1 0.09296875 0.19765625 0.06953125 0.08125
1 0.7125 0.9640625 0.103125 0.07109375
1 0.84140625 0.41640625 0.08125 0.08046875
1 0.8921875 0.71875 0.0953125 0.08203125
1 0.4578125 0.3921875000000001 0.06640625 0.075
1 0.14609375 0.1421875 0.05703125 0.075
1 0.7492187500000002 0.8828125 0.09140625 0.09609375
1 0.7203125 0.63671875 0.08984375 0.08203125
1 0.01640625 0.74765625 0.0328125 0.1078125
1 0.08671875 0.0421875 0.04765625 0.0671875
1 0.6421875 0.171875 0.06015625 0.07421875
1 0.70703125 0.065625 0.053125 0.06484375
1 0.6796875 0.11953125 0.05625 0.071875
1 0.9609375 0.5546875 0.06796875 0.078125
1 0.9234375 0.6359375 0.09453125 0.08359375
0 0.13984375 0.8 0.1484375 0.1359375
1 0.5921875 0.02578125 0.0578125 0.0515625
1 0.28515624999999994 0.01640625 0.04609375 0.0328125
1 0.65859375 0.17890625 0.05703125 0.0765625
1 0.5265625 0.3539062499999999 0.059375 0.07578125
1 0.12578125 0.01328125 0.0453125 0.0265625
1 0.0140625 0.140625 0.028125 0.0625
0 0.19140625 0.74375 0.1140625 0.09453125
1 0.7078125 0.6203125 0.0734375 0.0671875
1 0.55234375 0.86171875 0.0890625 0.0859375
