0 0.4875 0.40859375 0.140625 0.125
0 0.35078125 0.52734375 0.1640625 0.18828125
0 0.65390625 0.4421875 0.171875 0.13359375
0 0.61015625 0.50546875 0.1984375 0.1765625
0 0.528125 0.35859375 0.15390625 0.1140625
0 0.28671875 0.6 0.1640625 0.2078125
0 0.6921874999999998 0.396875 0.14375 0.11484375
0 0.60703125 0.29453125 0.13359375 0.08359375
0 0.4140625 0.82109375 0.259375 0.35703125
0 0.7140625000000002 0.35078125 0.13828125 0.0953125
0 0.2703125 0.3265625 0.084375 0.0703125
0 0.31015625 0.29609375 0.0859375 0.0640625
0 0.56953125 0.5890625 0.21640625 0.2140625
0 0.17421875 0.4015625 0.0734375 0.08984375
0 0.4234375 0.45234375 0.17421875 0.1484375
0 0.5640625 0.328125 0.14453125 0.08671875
1 0.753125 0.2859375 0.10546875 0.07578125
1 0.24296875 0.21484375 0.046875 0.04375
0 0.34921875 0.26953125 0.08046875 0.05234375
0 0.12421875 0.43984375 0.0625 0.10546875
0 0.7328125 0.3265625 0.11640625 0.075
0 0.22109375 0.35703125 0.07890625 0.078125
0 0.4328125 0.22890625 0.0703125 0.03828125
0 0.384375 0.246875 0.0625 0.04375
0 0.4875 0.6859375 0.22421875 0.27421875
0 0.078125 0.4796875 0.05546875 0.11953125
0 0.64609375 0.2609375 0.0984375 0.06171875
0 0.6671875 0.23828125 0.090625 0.0484375
0 0.459375 0.215625 0.0796875 0.03125
0 0.075 0.41328125 0.04921875 0.1109375
0 0.19140625 0.321875 0.0609375 0.05078125
1 0.32578125 0.16796875 0.04453125 0.04453125
0 0.34609375 0.23125 0.05703125 0.0359375
0 0.271875 0.8625 0.2671875 0.26953125
0 0.6828125 0.22890625 0.08515625 0.046875
0 0.33203125 0.25234375 0.0765625 0.04609375
0 0.40859375 0.24296875 0.053125 0.0359375
0 0.41328125 0.19609375 0.05546875 0.03125
0 0.77265625 0.253125 0.08203125 0.04453125
0 0.23359374999999996 0.29765625 0.06015625 0.04296875
0 0.96328125 0.58984375 0.0734375 0.1359375
0 0.21640625 0.234375 0.0546875 0.04453125
0 0.2703125 0.27578125 0.06015625 0.05
0 0.95234375 0.7804687500000002 0.09453125 0.2203125
0 0.95859375 0.678125 0.0828125 0.17109375
0 0.36484375 0.36171875 0.11328125 0.09296875
0 0.14921875 0.3531250000000001 0.05625 0.059375
0 0.7046875 0.2125 0.0859375 0.0453125
0 0.96328125 0.5359375 0.0734375 0.115625
0 0.9609375 0.48046875 0.078125 0.1015625
0 0.029687499999999995 0.534375 0.05 0.13984375
0 0.84921875 0.9046875 0.3015625 0.18515625
1 0.35234375 0.159375 0.0328125 0.03671875
1 0.2515625 0.16171874999999997 0.034375 0.03203125
0 0.1921875 0.2515625 0.0515625 0.0453125
0 0.1140625 0.38203125 0.04453125 0.07421875
0 0.4796875 0.20859375 0.08359375 0.0265625
0 0.47890625 0.1984375 0.084375 0.0265625
0 0.40625 0.16875 0.053125 0.0265625
0 0.9601562500000002 0.4421875 0.0796875 0.0875
0 0.159375 0.2875 0.05078125 0.0453125
0 0.16875 0.68203125 0.19453125 0.18359375
