0 0.51875 0.58671875 0.17421875 0.2921875
1 0.4140625 0.55234375 0.19453125 0.26875
1 0.29140625 0.52109375 0.19140625 0.2546875
1 0.6546875 0.63203125 0.140625 0.30390625
1 0.22890625 0.475 0.18515625 0.2046875
1 0.7671875 0.4203125 0.08515625 0.16953125
1 0.184375 0.44296875 0.13984375 0.15
0 0.296875 0.32734375 0.0875 0.0953125
0 0.6796875 0.22187499999999996 0.059375 0.06015625
1 0.7375 0.21875 0.0546875 0.0828125
1 0.77265625 0.6726562499999998 0.1375 0.31484375
0 0.67109375 0.41015625 0.1046875 0.1609375
1 0.584375 0.3640625 0.0859375 0.1765625
1 0.35703125 0.32265625 0.11171875 0.13046875
1 0.22578125 0.28125 0.09296875 0.10390625
0 0.25546875 0.31171875 0.0921875 0.08828125
1 0.7921875 0.23984375 0.06171875 0.078125
0 0.575 0.19843749999999996 0.05859375 0.05234375
0 0.628125 0.209375 0.05546875 0.0546875
1 0.43046875 0.1765625 0.0671875 0.05390625
1 0.5234375 0.18203125 0.05390625 0.05390625
1 0.50703125 0.3390625 0.0890625 0.14765625
1 0.12734375 0.421875 0.11875 0.140625
1 0.6375 0.1625 0.0453125 0.0453125
0 0.68125 0.1828125 0.0484375 0.04296875
0 0.475 0.18203125 0.04921875 0.0421875
1 0.5 0.10234375 0.0359375 0.0296875
0 0.62265625 0.11875 0.03515625 0.025
0 0.5921875 0.11484375 0.0359375 0.025
0 0.5953125 0.16328124999999996 0.04296875 0.03984375
0 0.4789062499999999 0.14375 0.0421875 0.03515625
0 0.559375 0.109375 0.0328125 0.0234375
1 0.85546875 0.43671875 0.08203125 0.14375
0 0.55703125 0.14921875 0.0375 0.03203125
0 0.5296875 0.10625 0.0359375 0.02421875
0 0.409375 0.3484375 0.1171875 0.1140625
