1 0.2984375 0.4234375 0.15390625 0.1125
1 0.42890624999999993 0.76328125 0.20390625 0.20078125
1 0.45703125 0.35 0.1015625 0.0921875
1 0.49765625 0.4140625 0.12109375 0.103125
1 0.38359375 0.23828125 0.06796875 0.0671875
1 0.23359375 0.26015625 0.08203125 0.0625
0 0.715625 0.68984375 0.15703125 0.22578125
1 0.24140624999999996 0.32265625 0.0875 0.0765625
1 0.96875 0.56484375 0.0625 0.1421875
1 0.8039062500000002 0.82578125 0.1734375 0.1953125
1 0.64609375 0.51484375 0.1421875 0.14296875
1 0.284375 0.35078125 0.10390625 0.06953125
1 0.36640625 0.63203125 0.203125 0.18203125
1 0.9453125 0.9125 0.109375 0.165625
0 0.41015625 0.2890625 0.07890625 0.0546875
0 0.40625 0.33359375 0.07734375 0.059375
1 0.05078125 0.86015625 0.0984375 0.275
0 0.503125 0.88671875 0.209375 0.221875
0 0.571875 0.4710937499999999 0.09921875 0.09296875
1 0.05703125 0.328125 0.0453125 0.0609375
0 0.87890625 0.8835937499999998 0.17109375 0.2328125
1 0.23671875000000003 0.22578125 0.071875 0.034375
0 0.5820312499999999 0.23046875 0.06875 0.04375
1 0.7640625 0.34375 0.08125 0.08671875
0 0.8078125000000002 0.3140625 0.05625 0.06171875
0 0.778125 0.7875 0.15234375 0.16796875
