0 0.28515625 0.403125 0.17578125 0.1578125
0 0.43984375 0.628125 0.24375 0.2859375
0 0.80703125 0.421875 0.10078125 0.15
0 0.3234375 0.453125 0.19453125 0.1859375
0 0.87109375 0.47734375 0.084375 0.16171875
0 0.37265625 0.52890625 0.21796875 0.234375
0 0.52421875 0.7234375 0.25390625 0.325
0 0.5703124999999999 0.246875 0.13125 0.090625
1 0.25546875 0.83671875 0.25 0.32421875
0 0.6171874999999999 0.284375 0.1234375 0.10703125
0 0.64609375 0.81953125 0.22734375 0.315625
0 0.25234375 0.353125 0.1578125 0.13125
0 0.525 0.22265625 0.1265625 0.07734375
0 0.75390625 0.87265625 0.19375 0.240625
0 0.74921875 0.37265625 0.10390625 0.121875
1 0.19296875 0.7125 0.23203125 0.29296875
0 0.93046875 0.5359375 0.06328125 0.171875
0 0.4859375 0.1984375 0.125 0.0703125
0 0.44765625 0.18125 0.09609375 0.059375
0 0.134375 0.5359375 0.171875 0.203125
0 0.35 0.89375 0.26328125 0.2078125
0 0.0984375 0.37578125 0.13125 0.1203125
0 0.228125 0.32265625 0.14140625 0.1140625
0 0.20703125 0.290625 0.1234375 0.10390625
0 0.18515625 0.27109375 0.11015625 0.09921875
0 0.1203125 0.4546875000000001 0.1421875 0.16484375
0 0.98046875 0.590625 0.0390625 0.146875
0 0.15078125 0.603125 0.184375 0.2
0 0.68984375 0.31484375 0.1296875 0.12890625
1 0.41171875 0.15078125 0.09609375 0.06015625
0 0.63828125 0.2046875 0.0859375 0.0625
0 0.0890625 0.34140625 0.11953125 0.11953125
0 0.83125 0.34921875 0.06875 0.0859375
1 0.084375 0.29140625 0.1 0.11796875
