1 0.9656249999999998 0.65078125 0.06875 0.1828125
1 0.915625 0.63125 0.15625 0.18125
0 0.84140625 0.61875 0.1609375 0.159375
1 0.7546875 0.60234375 0.159375 0.1609375
1 0.67734375 0.5796875 0.1515625 0.18125
1 0.59140625 0.56328125 0.1578125 0.1796875
1 0.52890625 0.534375 0.1484375 0.171875
1 0.44765625 0.51875 0.1390625 0.16875
1 0.36796875 0.50703125 0.1453125 0.1671875
1 0.28828125 0.490625 0.1515625 0.16875
1 0.2203125 0.459375 0.15625 0.1875
1 0.13515625 0.45546875 0.1546875 0.1765625
1 0.07265625 0.4375 0.1453125 0.178125
1 0.03046875 0.41093750000000007 0.0609375 0.175
1 0.80703125 0.91328125 0.1328125 0.1046875
1 0.725 0.9125 0.134375 0.13125
1 0.65546875 0.9109375 0.1609375 0.159375
1 0.57109375 0.90078125 0.1609375 0.1921875
1 0.49609375 0.878125 0.1515625 0.1875
1 0.42109375 0.8640625 0.1671875 0.175
1 0.34453125 0.8484375 0.1609375 0.190625
1 0.26484375 0.83671875 0.1859375 0.1984375
1 0.19296875 0.8015625 0.1640625 0.175
1 0.1125 0.7859375 0.16875 0.18125
1 0.0734375 0.7578125 0.1 0.171875
1 0.0875 0.92578125 0.075 0.1484375
1 0.13046875 0.93515625 0.1515625 0.1296875
1 0.203125 0.95703125 0.15 0.0859375
1 0.2609375 0.9679687500000002 0.1375 0.0640625
1 0.3546875 0.9656249999999998 0.121875 0.06875
1 0.43515625 0.96640625 0.1203125 0.0671875
1 0.9875000000000002 0.48046875 0.025 0.1953125
1 0.9445312500000002 0.4546875 0.1109375 0.19375
1 0.8828125 0.4507812500000001 0.128125 0.1921875
1 0.8054687499999998 0.44140625 0.1546875 0.2109375
1 0.71953125 0.4164062499999999 0.1328125 0.1828125
1 0.646875 0.39296875 0.134375 0.1921875
1 0.571875 0.35390625 0.140625 0.1859375
1 0.49531249999999993 0.34765625 0.153125 0.1921875
0 0.425 0.340625 0.15 0.18125
1 0.34453125 0.33359375 0.1515625 0.1703125
1 0.27890625 0.3 0.1328125 0.175
1 0.2015625 0.28984375 0.1375 0.1546875
1 0.1171875 0.27109375 0.13125 0.1484375
1 0.05625 0.2421875 0.1125 0.1625
1 0.01875 0.22265625 0.0375 0.1484375
1 0.940625 0.13828125 0.04375 0.1578125
1 0.9 0.10703125 0.109375 0.1578125
1 0.8375 0.08515625 0.134375 0.1671875
1 0.7578125 0.084375 0.146875 0.15625
1 0.6828125 0.06796875 0.140625 0.1359375
1 0.6046875 0.0640625 0.153125 0.128125
1 0.53203125 0.05546875 0.1421875 0.1109375
1 0.4609375 0.04765625 0.1375 0.0953125
1 0.3890625 0.0421875 0.134375 0.078125
1 0.3140625 0.0421875 0.14375 0.059375
1 0.91875 0.01875 0.028125 0.0375
1 0.878125 0.01015625 0.1 0.0203125
