1 0.9578124999999998 0.32109375 0.084375 0.3640625
1 0.9125 0.28671875 0.175 0.3578125
1 0.81875 0.28046875 0.171875 0.3671875
1 0.72109375 0.2578125 0.1796875 0.365625
0 0.621875 0.23203125 0.171875 0.3734375
1 0.52734375 0.20624999999999996 0.1765625 0.384375
1 0.4265625 0.175 0.171875 0.35
1 0.32578125 0.1625 0.1734375 0.325
1 0.22734375 0.15546875 0.1609375 0.3109375
1 0.13671875 0.13359375 0.1578125 0.2671875
1 0.06796875 0.13671875 0.1046875 0.2734375
1 0.85625 0.94765625 0.15 0.1046875
1 0.7609375 0.9375 0.159375 0.125
1 0.6578125000000001 0.9203125 0.153125 0.159375
1 0.5578125 0.9125 0.159375 0.175
1 0.4625 0.9031249999999998 0.15625 0.19375
1 0.36953125 0.88671875 0.1671875 0.2203125
1 0.2734375 0.8734375 0.1625 0.234375
1 0.171875 0.85546875 0.1625 0.2546875
1 0.07734375 0.8421875 0.1546875 0.265625
1 0.03125 0.8234375000000002 0.0625 0.290625
1 0.9453125 0.08515625 0.109375 0.0828125
0 0.8578125 0.06875 0.1 0.084375
1 0.76171875 0.04921875 0.1109375 0.0703125
1 0.66328125 0.03828125 0.1109375 0.0640625
1 0.56484375 0.0171875 0.1015625 0.034375
0 0.46953125 0.0046875 0.1109375 0.009375
