0 0.82265625 0.6359375 0.3234375 0.2375
0 0.5984375 0.621875 0.240625 0.309375
0 0.290625 0.54140625 0.16875 0.2140625
0 0.3265625 0.421875 0.19375 0.11875
0 0.30625 0.2546875 0.09375 0.10625
0 0.384375 0.25546875 0.1 0.1015625
0 0.47890625 0.26796875 0.1109375 0.1015625
0 0.79765625 0.34453125 0.1265625 0.1484375
0 0.865625 0.26875 0.08125 0.1
1 0.93046875 0.3234375 0.1140625 0.146875
1 0.7726562500000002 0.48671875 0.2828125 0.2015625
1 0.584375 0.46015625 0.23125 0.1828125
1 0.44375 0.40703125 0.23125 0.1828125
1 0.18125 0.47968749999999993 0.1375 0.184375
1 0.42890625 0.56328125 0.1703125 0.2703125
1 0.08515625 0.434375 0.1484375 0.178125
1 0.04140625 0.40234375 0.0828125 0.1484375
0 0.2546875 0.3734375 0.140625 0.090625
1 0.15078125 0.32421875 0.1640625 0.1015625
1 0.0125 0.27578125 0.025 0.0984375
1 0.06328125 0.203125 0.0703125 0.121875
1 0.16953125 0.209375 0.0765625 0.121875
1 0.2328125 0.22890625 0.09375 0.1421875
0 0.0265625 0.33515625 0.053125 0.0828125
0 0.7828125 0.2515625 0.14375 0.1
0 0.559375 0.2125 0.13125 0.090625
0 0.66484375 0.22265625 0.1484375 0.1046875
1 0.57890625 0.25078125 0.1390625 0.1796875
1 0.67734375 0.2828125 0.1203125 0.15625
0 0.47578125 0.21171875000000004 0.1234375 0.0921875
0 0.4 0.19453125 0.125 0.0734375
0 0.31796875 0.18828125 0.1296875 0.0796875
1 0.25546875 0.1640625 0.1359375 0.103125
0 0.115625 0.20859375 0.071875 0.0796875
0 0.02734375 0.22109375 0.0546875 0.0734375
0 0.9148437499999998 0.16484375 0.0765625 0.0671875
0 0.89140625 0.1234375 0.1046875 0.06875
0 0.8265625 0.15625 0.09375 0.078125
0 0.80859375 0.1171875 0.1140625 0.065625
0 0.7234375 0.1 0.10625 0.059375
0 0.65 0.090625 0.125 0.071875
0 0.58515625 0.08828125 0.1140625 0.0640625
0 0.51015625 0.078125 0.1078125 0.0625
0 0.225 0.11484374999999998 0.0625 0.0671875
0 0.27421875 0.11015625 0.0578125 0.0515625
0 0.3234375 0.11015625 0.0625 0.0515625
0 0.37578125 0.1140625 0.0734375 0.06875
0 0.440625 0.12187499999999998 0.08125 0.08125
0 0.50703125 0.121875 0.0953125 0.071875
0 0.5820312500000001 0.12421875 0.0796875 0.0609375
0 0.65703125 0.13515625 0.0984375 0.0671875
0 0.74453125 0.15234375 0.0921875 0.0921875
