1 0.44296875 0.46015625 0.1421875 0.16796875
0 0.35546874999999994 0.48359375 0.14375 0.16796875
1 0.5171875 0.44140625 0.1421875 0.1546875
0 0.5828125 0.421875 0.1265625 0.140625
1 0.89921875 0.6875 0.17109375 0.18125
1 0.8421875 0.7359375 0.2125 0.19140625
1 0.2671875 0.51484375 0.15078125 0.1796875
0 0.184375 0.5328125 0.15 0.171875
1 0.46796875 0.89453125 0.2140625 0.21015625
1 0.48515625 0.32265625 0.12265625 0.12890625
1 0.08359375 0.55625 0.14453125 0.18203125
1 0.2125 0.3734375 0.12265625 0.140625
1 0.1234375 0.38203125 0.1109375 0.13515625
0 0.35703125 0.34765625 0.13046875 0.134375
1 0.36328125 0.928125 0.2 0.13125
1 0.7007812500000001 0.37421875 0.13359375 0.1421875
1 0.9421875 0.6367187500000001 0.10625 0.15390625
1 0.7664062499999998 0.35234375 0.12734375 0.1484375
0 0.6453124999999998 0.40234375 0.128125 0.134375
1 0.82890625 0.3421875 0.13203125 0.146875
1 0.6734375 0.8249999999999998 0.21484375 0.22890625
0 0.6 0.29375 0.1265625 0.140625
0 0.7609375 0.76640625 0.20390625 0.22578125
1 0.57109375 0.85859375 0.209375 0.2140625
1 0.55390625 0.30625 0.11953125 0.12578125
1 0.0515625 0.40546875 0.10078125 0.1578125
0 0.275 0.3609375000000001 0.1171875 0.12578125
1 0.46875 0.14609375 0.10234375 0.115625
1 0.87890625 0.32031249999999994 0.121875 0.13203125
0 0.6578125000000001 0.26171875 0.12578125 0.13984375
0 0.4265625 0.33203125 0.11640625 0.12734375
1 0.93125 0.3046875 0.13203125 0.1421875
1 0.68046875 0.10859375 0.10625 0.103125
0 0.640625 0.1328125 0.11328125 0.11171875
1 0.53203125 0.134375 0.0984375 0.1171875
0 0.709375 0.24296875 0.1359375 0.14140625
0 0.57265625 0.14140625 0.1 0.1125
1 0.73984375 0.0953125 0.10625 0.096875
0 0.75859375 0.23906250000000004 0.1140625 0.1234375
0 0.7984375 0.23359375 0.12890625 0.128125
1 0.2109375 0.9390625 0.17265625 0.065625
1 0.02265625 0.58359375 0.04375 0.1609375
