1 0.5625 0.253125 0.1390625 0.20234375
1 0.33203125000000006 0.41640625 0.15703125 0.2078125
1 0.509375 0.2984375 0.1578125 0.23515625
1 0.5984375 0.9078125 0.1640625 0.18046875
1 0.5140625 0.93125 0.153125 0.1296875
1 0.27890625 0.45546875 0.14375 0.20078125
1 0.61640625 0.22265625 0.1390625 0.2109375
1 0.21171875 0.49453125 0.16484375 0.2203125
0 0.45234375 0.34921875 0.15234375 0.228125
1 0.5984375 0.68203125 0.1765625 0.27734375
1 0.74453125 0.14375 0.14296875 0.2171875
1 0.3890625 0.3703125 0.134375 0.1984375
1 0.6773437500000001 0.1859375 0.13359375 0.20390625
1 0.75546875 0.58984375 0.18515625 0.26875
1 0.80078125 0.10625 0.13359375 0.2
0 0.83984375 0.5578125 0.19921875 0.28671875
1 0.67421875 0.646875 0.175 0.27109375
1 0.8546875000000002 0.0828125 0.10703125 0.16484375
1 0.090625 0.5875 0.159375 0.2046875
1 0.14296875 0.53984375 0.14375 0.196875
1 0.45 0.7781249999999998 0.18515625 0.2875
1 0.5203125 0.7187499999999999 0.2 0.29921875
0 0.290625 0.865625 0.20703125 0.26875
1 0.9031249999999998 0.48671875 0.19375 0.2984375
1 0.9421875 0.440625 0.10859375 0.29609375
1 0.85234375 0.77734375 0.19296875 0.2515625
0 0.215625 0.8859375 0.21640625 0.2171875
1 0.38125 0.81875 0.20859375 0.30078125
0 0.9226562499999998 0.725 0.146875 0.25
0 0.4390625000000001 0.9609375 0.14140625 0.07734375
0 0.9734374999999998 0.66640625 0.053125 0.22578125
0 0.35859375 0.98203125 0.1828125 0.03515625
