1 0.9796875000000002 0.44375 0.040625 0.075
1 0.9703125 0.4789062499999999 0.059375 0.0578125
1 0.95625 0.52578125 0.0859375 0.0609375
0 0.96328125 0.50078125 0.0734375 0.0609375
0 0.76171875 0.8140625 0.084375 0.0734375
0 0.775 0.78828125 0.103125 0.0828125
0 0.78984375 0.759375 0.103125 0.0703125
0 0.81171875 0.7390624999999998 0.090625 0.06875
0 0.71640625 0.8796875 0.1078125 0.090625
0 0.83359375 0.70859375 0.09375 0.0734375
0 0.85390625 0.6828125 0.0859375 0.0609375
0 0.87265625 0.65234375 0.0921875 0.0703125
0 0.89140625 0.628125 0.0859375 0.0671875
0 0.909375 0.60390625 0.08125 0.0625
0 0.92109375 0.58046875 0.090625 0.06875
0 0.9390625 0.55234375 0.0921875 0.059375
1 0.74140625 0.83828125 0.1046875 0.0734375
1 0.78125 0.9296875 0.0984375 0.1046875
1 0.809375 0.89453125 0.096875 0.0640625
1 0.8234375 0.86015625 0.08125 0.05625
1 0.8421875 0.82890625 0.0859375 0.0671875
1 0.86171875 0.80546875 0.0921875 0.0703125
1 0.8828125 0.77265625 0.090625 0.06875
1 0.89921875 0.74765625 0.0953125 0.0703125
1 0.91640625 0.7203125 0.0921875 0.0765625
1 0.92890625 0.6859375 0.0859375 0.065625
1 0.94609375 0.66015625 0.0703125 0.0671875
1 0.71171875 0.9921875 0.0984375 0.015625
1 0.95703125 0.634375 0.0609375 0.0609375
1 0.96953125 0.60625 0.0546875 0.0625
1 0.9796875 0.571875 0.0375 0.0578125
1 0.9875000000000002 0.54921875 0.025 0.0515625
1 0.99609375 0.52109375 0.0078125 0.0484375
1 0.75234375 0.5546874999999999 0.071875 0.0609375
1 0.77578125 0.5328125 0.0796875 0.06875
1 0.796875 0.51171875 0.078125 0.0703125
1 0.81171875 0.4921875 0.078125 0.0703125
0 0.8265625 0.4671874999999999 0.0828125 0.0734375
1 0.84375 0.44453125 0.075 0.0625
1 0.86328125 0.41796875 0.0796875 0.0625
1 0.8828125 0.39765625 0.075 0.059375
1 0.80703125 0.3812499999999999 0.0796875 0.0734375
0 0.784375 0.4109375 0.090625 0.0625
0 0.77265625 0.4265625 0.09375 0.0609375
0 0.7359375 0.47265625 0.090625 0.053125
0 0.69921875 0.51875 0.090625 0.05625
0 0.58515625 0.7875 0.084375 0.0734375
0 0.6046875 0.753125 0.0984375 0.078125
0 0.63203125 0.725 0.0875 0.075
0 0.65703125 0.703125 0.0875 0.075
0 0.675 0.66875 0.1 0.0953125
0 0.69921875 0.63984375 0.0953125 0.084375
0 0.71953125 0.61640625 0.1046875 0.0890625
0 0.734375 0.5953125 0.1046875 0.0828125
0 0.565625 0.67734375 0.1015625 0.0953125
1 0.52109375 0.7328125 0.109375 0.0984375
1 0.75546875 0.45234375 0.0828125 0.0609375
1 0.7109375 0.49296875 0.0984375 0.078125
1 0.68203125 0.534375 0.1 0.0828125
1 0.6640625 0.5664062499999999 0.103125 0.0765625
1 0.6421875 0.58671875 0.0984375 0.084375
1 0.621875 0.6109375 0.0921875 0.0765625
1 0.59765625 0.64140625 0.1015625 0.0859375
1 0.5109375 0.88046875 0.103125 0.0890625
1 0.45625 0.94765625 0.1 0.078125
0 0.4859375 0.92109375 0.1078125 0.090625
0 0.640625 0.96875 0.109375 0.0625
0 0.61953125 0.98671875 0.1046875 0.0265625
0 0.43359375 0.9703125 0.1046875 0.0578125
0 0.41484375 0.9828125 0.0921875 0.03125
0 0.321875 0.73046875 0.0953125 0.0875
0 0.28828125 0.76640625 0.103125 0.09375
1 0.44140625 0.821875 0.103125 0.09375
1 0.43046875 0.8546875 0.103125 0.0828125
1 0.39296875 0.8820312500000002 0.10625 0.0875
1 0.36640625 0.921875 0.109375 0.0921875
1 0.3390625 0.94140625 0.1171875 0.0890625
1 0.31953125 0.9546875 0.109375 0.0546875
1 0.2703125 0.7843750000000002 0.096875 0.0875
1 0.2421875 0.8203125 0.0984375 0.090625
1 0.18203125 0.88359375 0.1 0.0890625
0 0.20703125 0.8578125 0.10625 0.09375
0 0.15703125 0.89765625 0.0796875 0.04375
0 0.0875 0.84921875 0.1046875 0.0828125
1 0.0671875 0.8546875 0.103125 0.0609375
1 0.2640625 0.66328125 0.0984375 0.078125
1 0.228125 0.70546875 0.0984375 0.090625
1 0.17890625 0.76015625 0.1 0.0953125
0 0.20078125 0.73359375 0.10625 0.09375
1 0.14453125 0.78984375 0.1 0.0890625
1 0.1171875 0.8249999999999998 0.1078125 0.1
1 0.4015625 0.6375 0.09375 0.0890625
1 0.428125 0.61015625 0.103125 0.0765625
1 0.659375 0.34375 0.0796875 0.0734375
1 0.6390625 0.36953125 0.0921875 0.0765625
1 0.62265625 0.39140625 0.0875 0.075
1 0.60078125 0.41796875 0.09375 0.0890625
0 0.58125 0.440625 0.0875 0.08125
0 0.56328125 0.4625 0.0921875 0.0859375
0 0.53828125 0.48359375 0.09375 0.0796875
1 0.5171875 0.5078125 0.096875 0.090625
1 0.4953125 0.5328125 0.0921875 0.0859375
0 0.47578125 0.5640625 0.0921875 0.0796875
0 0.45234375 0.59453125 0.1046875 0.0796875
1 0.340625 0.590625 0.0984375 0.084375
1 0.36640625 0.5585937500000001 0.0890625 0.0796875
1 0.390625 0.53359375 0.084375 0.0796875
1 0.42109375 0.51171875 0.09375 0.0796875
1 0.44296875 0.484375 0.09375 0.0796875
0 0.4585937500000001 0.46484375 0.0828125 0.0734375
1 0.48359375 0.43984375 0.0921875 0.0765625
0 0.5015625 0.42265625 0.0859375 0.071875
0 0.52109375 0.3984375 0.0875 0.075
1 0.5421875 0.3765625 0.084375 0.078125
1 0.5625000000000001 0.35390625 0.0875 0.075
1 0.58671875 0.3171875 0.0890625 0.0796875
0 0.59765625 0.31249999999999994 0.090625 0.0734375
0 0.0171875 0.7375 0.034375 0.078125
0 0.03828125 0.7 0.0765625 0.0875
1 0.009375 0.759375 0.01875 0.08125
1 0.01171875 0.64375 0.0234375 0.078125
0 0.02265625 0.6203125 0.0453125 0.08125
1 0.0390625 0.58828125 0.078125 0.0828125
1 0.05234375 0.67109375 0.0984375 0.078125
1 0.08515625 0.640625 0.0921875 0.0765625
1 0.11484375 0.6125 0.0890625 0.0765625
1 0.0609375 0.55703125 0.0890625 0.0765625
1 0.0890625 0.53515625 0.0921875 0.0796875
0 0.14375 0.5859375 0.1015625 0.0859375
0 0.228125 0.51015625 0.0984375 0.078125
0 0.25625 0.4828125 0.0953125 0.0703125
0 0.27890625 0.46328125 0.0921875 0.0796875
0 0.1984375 0.4390625 0.084375 0.0734375
1 0.1734375 0.4640625 0.1015625 0.0859375
1 0.30390625 0.43359375 0.0921875 0.0703125
0 0.21953125000000004 0.42421875 0.084375 0.0796875
0 0.24687500000000004 0.39765625 0.084375 0.0796875
0 0.26640625 0.37734375 0.0953125 0.075
0 0.2921875 0.3499999999999999 0.084375 0.0796875
0 0.32578125 0.41015625 0.0953125 0.075
0 0.34453125 0.39140625 0.103125 0.0796875
0 0.37265625 0.37421875 0.0953125 0.0765625
1 0.3203125 0.328125 0.0890625 0.0796875
1 0.34453125 0.31015625 0.0828125 0.0734375
1 0.39296875 0.34296875 0.0828125 0.0734375
1 0.4195312500000001 0.3203125 0.0828125 0.0734375
0 0.3609375 0.28515625 0.090625 0.06875
1 0.38359375 0.265625 0.0796875 0.0671875
1 0.40625 0.24765625 0.0765625 0.0625
1 0.428125 0.2265625 0.071875 0.0578125
0 0.43984375 0.303125 0.084375 0.0640625
1 0.4578125 0.2796875 0.0890625 0.065625
1 0.4796875 0.253125 0.075 0.06875
1 0.0171875 0.4609375 0.034375 0.0609375
