1 0.3515625 0.87109375 0.534375 0.2578125
0 0.5515625 0.77265625 0.490625 0.4546875
1 0.66484375 0.61015625 0.4421875 0.4078125
1 0.7296875 0.4703125 0.365625 0.346875
0 0.79453125 0.36171875 0.3078125 0.3234375
0 0.203125 0.3625 0.2125 0.225
0 0.03359375 0.5015625 0.0671875 0.159375
1 0.08515625 0.4125 0.1703125 0.221875
1 0.82109375 0.27421875 0.2578125 0.2359375
1 0.8359375 0.22421875 0.25 0.2015625
1 0.25546875 0.28203125 0.1984375 0.2046875
1 0.3484375 0.2234375 0.18125 0.19375
1 0.41171875 0.1734375 0.1640625 0.190625
1 0.02265625 0.32734375 0.0453125 0.1921875
1 0.0703125 0.26015625 0.1375 0.1515625
1 0.1359375 0.21484375 0.15625 0.1640625
1 0.0515625 0.15703125 0.0875 0.1140625
0 0.0234375 0.171875 0.046875 0.1375
1 0.10234375 0.14296875 0.0984375 0.1046875
1 0.16640625 0.11875 0.0953125 0.115625
1 0.23359375 0.103125 0.1046875 0.121875
1 0.30703125 0.075 0.1015625 0.1
1 0.91328125 0.1203125 0.0546875 0.146875
