1 0.12578125 0.25625 0.2484375 0.440625
1 0.2390625 0.27421875 0.278125 0.4328125
1 0.38125 0.2859375 0.28125 0.428125
1 0.51328125 0.31171875 0.2796875 0.4421875
1 0.65703125 0.30546875 0.2828125 0.4421875
1 0.7921875 0.31953125 0.271875 0.4390625
1 0.9 0.334375 0.2 0.440625
1 0.9695312499999998 0.32109375 0.0609375 0.4203125
1 0.9539062499999998 0.7328125 0.0921875 0.396875
1 0.87890625 0.72421875 0.2421875 0.4390625
1 0.75859375 0.7078125 0.2703125 0.440625
1 0.61484375 0.70625 0.2859375 0.459375
1 0.46171875 0.6953125 0.2890625 0.459375
1 0.3265625 0.678125 0.28125 0.44375
1 0.18671875 0.66796875 0.2828125 0.4546875
1 0.09296875 0.65703125 0.1859375 0.4515625
