1 0.9359375 0.70390625 0.128125 0.3265625
1 0.8625000000000002 0.61484375 0.275 0.2921875
1 0.7328125 0.4906249999999999 0.25625 0.3
1 0.615625 0.396875 0.240625 0.265625
1 0.54453125 0.3234375 0.2328125 0.225
1 0.484375 0.26015625 0.23125 0.2046875
1 0.4109375 0.2109375 0.196875 0.16875
1 0.36015625 0.165625 0.1953125 0.153125
0 0.315625 0.1234375 0.15 0.134375
1 0.290625 0.08828125 0.175 0.1296875
1 0.25 0.059375 0.175 0.11875
1 0.21953125 0.0484375 0.1828125 0.096875
1 0.20234375 0.0375 0.1859375 0.075
1 0.184375 0.02421875 0.15625 0.0484375
1 0.16328125 0.73984375 0.3265625 0.4203125
1 0.1453125 0.54453125 0.290625 0.3578125
1 0.11328125 0.42734375 0.2265625 0.2640625
