0 0.58203125 0.478125 0.09453125 0.12421875
0 0.30859374999999994 0.8859375 0.10859375 0.14921875
1 0.85625 0.46328125 0.103125 0.14140625
0 0.8078125 0.1546875 0.08984375 0.10625
1 0.40546875 0.48359375 0.10234375 0.13125
1 0.19921875 0.89296875 0.11484375 0.15625
0 0.83359375 0.33671875 0.103125 0.13046875
0 0.6046875 0.7328125 0.10546875 0.13515625
0 0.40703125 0.3640625 0.09453125 0.11484375
1 0.675 0.4734375 0.0953125 0.13359375
0 0.73125 0.16171875 0.0875 0.103125
1 0.50625 0.73828125 0.103125 0.15
0 0.76640625 0.47265625 0.096875 0.13125
0 0.575 0.36015625 0.09140625 0.12890625
1 0.7546875 0.3460937499999999 0.10703125 0.13984375
1 0.4921875 0.4781250000000001 0.09375 0.12578125
1 0.6046875 0.86953125 0.1078125 0.14921875
0 0.2234375 0.503125 0.09921875 0.125
0 0.66328125 0.35 0.09296875 0.1265625
0 0.64609375 0.175 0.08828125 0.10390625
1 0.240625 0.196875 0.08828125 0.1046875
1 0.04609375 0.50703125 0.0921875 0.1234375
1 0.21328125 0.740625 0.10703125 0.159375
1 0.31875 0.484375 0.103125 0.13046875
1 0.6984375 0.71875 0.1 0.1484375
1 0.409375 0.8828125 0.1046875 0.15234375
1 0.48046875 0.17109375 0.08359375 0.103125
1 0.3140625 0.73046875 0.10703125 0.16484375
1 0.51171875 0.87890625 0.1078125 0.15703125
1 0.13359375 0.503125 0.09375 0.12421875
1 0.40859375 0.7390625 0.0984375 0.15625
1 0.08046875 0.19609375 0.0875 0.1
0 0.9499999999999998 0.45546875 0.1 0.125
1 0.9265625 0.32812499999999994 0.10625 0.14375
1 0.40625 0.18828125 0.08828125 0.1078125
1 0.1546875 0.19375 0.0875 0.096875
0 0.63828125 0.07265625 0.08359375 0.11015625
1 0.56328125 0.16875 0.07890625 0.0984375
1 0.11171875 0.75234375 0.103125 0.1515625
1 0.2296875 0.3734375 0.0890625 0.11484375
1 0.4875 0.359375 0.090625 0.12734375
1 0.14140625 0.38203125 0.0921875 0.121875
1 0.3234375 0.18984375 0.0890625 0.1
0 0.79375 0.721875 0.109375 0.13671875
1 0.80859375 0.859375 0.121875 0.14609375
1 0.709375 0.8609375 0.11875 0.1421875
0 0.796875 0.05703125 0.090625 0.11015625
0 0.47890625 0.0859375 0.08359375 0.09453125
0 0.09921875 0.8953125 0.11171875 0.14609375
1 0.91640625 0.8546875 0.1265625 0.15546875
0 0.87890625 0.0515625 0.0890625 0.103125
0 0.084375 0.09921875 0.090625 0.1
1 0.04921875 0.38046875 0.09375 0.1203125
1 0.16328125 0.09765625 0.08515625 0.10859375
0 0.890625 0.14453125 0.08515625 0.10390625
1 0.89453125 0.7078124999999998 0.1078125 0.1515625
1 0.5585937500000001 0.07109375 0.0796875 0.1
1 0.31953125 0.36796875 0.084375 0.11171875
0 0.3265625 0.09921875 0.08203125 0.090625
0 0.2421875 0.10078125 0.08515625 0.0921875
1 0.02421875 0.09296875 0.04765625 0.1109375
0 0.7218750000000002 0.06640625 0.08359375 0.10703125
1 0.0203125 0.19765625 0.040625 0.1046875
0 0.9703125 0.7046875 0.05859375 0.14609375
1 0.03671875 0.75078125 0.05390625 0.15703125
1 0.98203125 0.85390625 0.0359375 0.1546875
0 0.9460937499999998 0.0484375 0.06484375 0.09375
1 0.0328125 0.9046875 0.03515625 0.159375
1 0.4015625 0.0921875 0.08046875 0.09375
0 0.95703125 0.14453125 0.04921875 0.1140625
0 0.9796875 0.32812499999999994 0.028125 0.128125
1 0.0046875 0.3875 0.00859375 0.121875
