1 0.015625 0.8453125 0.03125 0.146875
1 0.0515625 0.80859375 0.103125 0.1578125
1 0.10078125 0.78359375 0.1265625 0.1703125
1 0.171875 0.75234375 0.14375 0.1671875
0 0.23359375 0.72890625 0.1484375 0.1484375
1 0.30546875 0.696875 0.1484375 0.15
1 0.36875 0.66171875 0.140625 0.1671875
1 0.4421875 0.63359375 0.146875 0.1640625
1 0.490625 0.59453125 0.1375 0.1578125
1 0.55859375 0.5671875 0.1296875 0.153125
1 0.6250000000000001 0.54140625 0.134375 0.1546875
1 0.6921875 0.51171875 0.140625 0.1546875
1 0.74609375 0.4734375 0.1453125 0.171875
1 0.81875 0.453125 0.14375 0.1625
1 0.8734375 0.42578125 0.14375 0.1640625
1 0.9367187500000002 0.39140625 0.1265625 0.1640625
1 0.32421875 0.96015625 0.1203125 0.0609375
1 0.39296875 0.94921875 0.1265625 0.0984375
1 0.453125 0.9375 0.146875 0.125
1 0.52109375 0.91796875 0.1484375 0.1640625
1 0.5820312500000001 0.8890625 0.1421875 0.171875
1 0.64609375 0.86328125 0.1546875 0.1609375
1 0.71015625 0.8351562500000002 0.1484375 0.1734375
1 0.7765625 0.81015625 0.171875 0.1828125
1 0.8328125 0.76640625 0.153125 0.1609375
1 0.9 0.7375000000000002 0.15625 0.165625
1 0.93515625 0.70390625 0.1078125 0.1640625
1 0.94453125 0.87421875 0.0578125 0.1828125
1 0.9078125 0.90078125 0.121875 0.1796875
1 0.8578125 0.93203125 0.14375 0.1359375
1 0.81015625 0.9460937499999998 0.1359375 0.1078125
1 0.7265625 0.9539062499999998 0.11875 0.0921875
1 0.65859375 0.9617187499999998 0.1140625 0.0765625
1 0.01328125 0.65703125 0.0265625 0.1828125
1 0.04765625 0.63515625 0.0953125 0.1890625
1 0.10234375 0.60625 0.1265625 0.178125
1 0.16796875 0.5875 0.1203125 0.175
1 0.2328125 0.56640625 0.14375 0.1921875
1 0.303125 0.52890625 0.125 0.1671875
1 0.36171875 0.49453125 0.1265625 0.1765625
1 0.4195312500000001 0.44609375 0.1296875 0.1703125
1 0.48515625 0.42578125 0.1421875 0.1765625
0 0.54609375 0.40703125000000007 0.1390625 0.1671875
1 0.6132812499999999 0.3859375 0.1390625 0.15625
1 0.665625 0.3453125 0.121875 0.159375
1 0.73125 0.321875 0.128125 0.140625
1 0.8 0.28984375 0.121875 0.1359375
1 0.86015625 0.25078125 0.1296875 0.1484375
1 0.92265625 0.2234375 0.1328125 0.14375
1 0.95703125 0.1953125 0.0859375 0.146875
1 0.04453125 0.33125 0.0734375 0.15625
1 0.07578125 0.29375 0.1265625 0.146875
1 0.13671875 0.2609375 0.1265625 0.153125
1 0.20859375 0.246875 0.1359375 0.14375
1 0.26796875 0.2125 0.1296875 0.1375
1 0.33359375 0.1859375 0.1421875 0.15
1 0.39765625 0.1578125 0.1328125 0.14375
1 0.459375 0.12578125 0.134375 0.1546875
1 0.5203125 0.09609375 0.1375 0.1546875
1 0.584375 0.0765625 0.15 0.153125
1 0.63515625 0.0640625 0.1421875 0.115625
1 0.7078125 0.05234375 0.11875 0.0765625
1 0.04296875 0.17578125 0.0390625 0.1484375
1 0.08125 0.134375 0.10625 0.16875
0 0.125 0.1 0.15625 0.153125
1 0.1890625 0.08046875 0.146875 0.1609375
0 0.2515625 0.06953125 0.14375 0.1390625
1 0.3203125 0.0453125 0.109375 0.090625
1 0.39609375 0.03359375 0.0921875 0.0671875
