1 0.2828125 0.26796875 0.115625 0.21015625
0 0.4859375 0.35703125 0.13515625 0.22421875
1 0.63125 0.384375 0.1265625 0.203125
1 0.21015625 0.24140625 0.1109375 0.20625
1 0.3484375 0.29140625 0.11484375 0.1984375
1 0.77890625 0.44140625 0.13203125 0.215625
1 0.13359375 0.22421875 0.11640625 0.2078125
1 0.696875 0.4171875 0.1171875 0.19921875
1 0.421875 0.3171875 0.13359375 0.2296875
1 0.3421874999999999 0.7171875 0.1359375 0.26953125
1 0.55859375 0.359375 0.11015625 0.19296875
0 0.7859374999999998 0.85546875 0.16640625 0.26875
1 0.0578125 0.19921875 0.1125 0.2046875
1 0.24453125 0.68671875 0.14375 0.27578125
1 0.60234375 0.79453125 0.14609375 0.28671875
1 0.52265625 0.76796875 0.1484375 0.296875
1 0.48359375 0.94296875 0.140625 0.11328125
1 0.42578125 0.7421875000000001 0.13984375 0.275
0 0.890625 0.87109375 0.171875 0.23671875
1 0.19765625 0.8875 0.159375 0.22265625
1 0.69609375 0.82109375 0.16484375 0.28984375
0 0.14765625 0.6679687499999999 0.1625 0.28359375
1 0.85859375 0.46640625 0.11171875 0.19453125
1 0.0671875 0.62421875 0.134375 0.3015625
1 0.58359375 0.9562500000000002 0.13515625 0.0875
0 0.0828125 0.871875 0.146875 0.24140625
1 0.021875 0.18046875 0.04296875 0.203125
1 0.92265625 0.4984375 0.1140625 0.18515625
0 0.68046875 0.975 0.12265625 0.05
1 0.01875 0.590625 0.0375 0.290625
