0 0.5875 0.8664062500000002 0.171875 0.2671875
1 0.75546875 0.85 0.1765625 0.28125
1 0.91953125 0.84140625 0.1609375 0.2828125
1 0.95078125 0.54453125 0.0984375 0.2796875
1 0.8507812500000002 0.54765625 0.2203125 0.3015625
1 0.7046875 0.55234375 0.15625 0.2984375
1 0.5578125 0.55 0.184375 0.33125
1 0.4203125 0.553125 0.15625 0.34375
1 0.2671875 0.565625 0.15625 0.334375
1 0.42421875 0.8640624999999998 0.1796875 0.271875
1 0.25546875 0.8664062500000002 0.1984375 0.2671875
1 0.1015625 0.8671875 0.178125 0.265625
1 0.12421875 0.57890625 0.1421875 0.3109375
1 0.03515625 0.559375 0.0703125 0.35625
1 0.0265625 0.14765625 0.053125 0.1984375
1 0.09765625 0.14609375 0.0984375 0.2140625
1 0.196875 0.1375 0.096875 0.171875
1 0.29765625 0.13515625 0.1234375 0.1796875
1 0.390625 0.13515625 0.11875 0.1859375
1 0.4875 0.13515625 0.115625 0.2109375
1 0.5898437499999999 0.12265625 0.1234375 0.1921875
1 0.68125 0.10078125 0.121875 0.2015625
1 0.77421875 0.1 0.1203125 0.2
1 0.875 0.09765625 0.11875 0.1953125
1 0.9484375000000002 0.090625 0.071875 0.18125
1 0.471875 0.028125 0.09375 0.05625
1 0.38984375 0.03515625 0.0921875 0.0640625
1 0.31015625 0.03984375 0.1015625 0.0671875
1 0.22421875 0.0421875 0.0953125 0.059375
1 0.7359375 0.02421875 0.0875 0.0484375
