1 0.26328125 0.08125 0.11484375 0.12578125
1 0.48984375 0.39140625 0.16640625 0.2359375
1 0.2578125 0.328125 0.1671875 0.24296875
1 0.3390625 0.0953125 0.11484375 0.128125
1 0.60859375 0.40234375 0.175 0.2359375
1 0.49921875 0.13046875 0.10625 0.1234375
1 0.37265625 0.3578125 0.1640625 0.23984375
1 0.1453125 0.29765625 0.17109375 0.21875
1 0.4203125 0.1140625 0.115625 0.12421875
1 0.19296875 0.06171875 0.13125 0.1234375
1 0.11796875 0.5625 0.2359375 0.3625
1 0.56875 0.14765625 0.10703125 0.1109375
1 0.88515625 0.1984375 0.1078125 0.11953125
1 0.5828125 0.65859375 0.2140625 0.31796875
1 0.2671875 0.58046875 0.215625 0.3265625
1 0.42578125 0.63515625 0.19453125 0.3140625
1 0.72890625 0.4296875 0.1875 0.246875
1 0.9562500000000002 0.215625 0.0875 0.12890625
0 0.846875 0.4515624999999999 0.19140625 0.2296875
1 0.65 0.16015625 0.09609375 0.10625
1 0.8875 0.703125 0.2125 0.33671875
1 0.73203125 0.08828125 0.0953125 0.1015625
1 0.7312499999999998 0.165625 0.09609375 0.11171875
1 0.80625 0.18984375 0.10234375 0.10859375
1 0.5265625 0.05703125 0.08125 0.08828125
1 0.5875 0.0765625 0.0921875 0.0921875
1 0.93046875 0.46796875 0.1328125 0.23984375
1 0.12109375 0.06328125 0.1015625 0.11875
1 0.4578125 0.04140625 0.07890625 0.0828125
1 0.065625 0.5171875 0.128125 0.35078125
1 0.65859375 0.08515625 0.09375 0.09765625
0 0.72421875 0.684375 0.22265625 0.328125
1 0.8 0.10234375 0.08984375 0.09921875
1 0.06328125 0.2765625 0.10390625 0.21171875
1 0.39453125 0.03125 0.0765625 0.0625
1 0.3375 0.02421875 0.08203125 0.0484375
1 0.925 0.11953125 0.10625 0.103125
0 0.85546875 0.11640625 0.0921875 0.09609375
1 0.9765625 0.13046875 0.04609375 0.0953125
1 0.2828125 0.01953125 0.075 0.0390625
