1 0.5984375 0.21484375 0.140625 0.25703125
1 0.8429687500000002 0.1984375 0.1421875 0.2546875
1 0.47734375 0.22421875 0.13828125 0.253125
1 0.73671875 0.78125 0.16171875 0.34921875
1 0.35703125 0.23125 0.14453125 0.26015625
0 0.24375 0.2390625 0.14140625 0.25625
1 0.93359375 0.17578125 0.09140625 0.26875
1 0.46484375 0.79921875 0.16640625 0.34609375
1 0.3125 0.8078125 0.1640625 0.3515625
1 0.6046875 0.784375 0.165625 0.340625
0 0.71875 0.20234375 0.14375 0.2625
1 0.884375 0.76953125 0.18046875 0.3671875
1 0.11796875 0.2453125 0.14375 0.26328125
1 0.9539062499999998 0.76171875 0.08046875 0.34140625
