0 0.14296875 0.6125 0.2359375 0.2359375
0 0.67734375 0.1671875 0.290625 0.26875
0 0.8109375 0.14140625 0.271875 0.2828125
0 0.89453125 0.15546875 0.128125 0.275
1 0.26484375 0.60703125 0.2203125 0.2390625
1 0.40234375 0.59140625 0.2546875 0.265625
1 0.58046875 0.58359375 0.240625 0.246875
1 0.73203125 0.5703125 0.25625 0.2703125
1 0.8734375 0.55859375 0.253125 0.2828125
1 0.51328125 0.18125 0.21875 0.24375
1 0.35390625 0.21640625 0.2328125 0.24375
1 0.2046875 0.23203125 0.2203125 0.2390625
1 0.08828125 0.24453125 0.1765625 0.2359375
