1 0.1546875 0.9234375 0.146875 0.153125
0 0.25859375 0.89453125 0.1453125 0.2109375
0 0.34765625 0.86875 0.1640625 0.2625
1 0.44218750000000007 0.81328125 0.159375 0.3453125
1 0.52734375 0.79921875 0.1890625 0.3515625
1 0.6140625 0.74921875 0.21875 0.3546875
1 0.690625 0.69765625 0.165625 0.3265625
1 0.7734375 0.6828125 0.171875 0.4
0 0.84921875 0.64140625 0.1796875 0.3578125
1 0.90234375 0.58203125 0.1703125 0.3109375
1 0.9382812499999998 0.53203125 0.1234375 0.2921875
0 0.9765625 0.5015625 0.046875 0.278125
