1 0.9695312499999998 0.80703125 0.0609375 0.1609375
1 0.9265624999999998 0.68671875 0.146875 0.2015625
1 0.875 0.60390625 0.18125 0.2109375
1 0.79765625 0.52265625 0.1828125 0.2078125
1 0.709375 0.4398437499999999 0.15625 0.1671875
1 0.628125 0.371875 0.1625 0.165625
1 0.5609375 0.28984375 0.15625 0.1828125
1 0.49609375 0.22421875 0.1703125 0.1734375
1 0.4296875 0.15625 0.15625 0.15
1 0.3734375 0.09765625 0.153125 0.1484375
1 0.31640625 0.06171875 0.1390625 0.0953125
1 0.6640625 0.93984375 0.19375 0.1171875
1 0.578125 0.8874999999999998 0.221875 0.209375
1 0.5046875 0.76328125 0.178125 0.1765625
1 0.44765625 0.6796875 0.1890625 0.171875
1 0.35 0.59453125 0.190625 0.1796875
1 0.284375 0.52421875 0.18125 0.1671875
1 0.22734375 0.4296875 0.1734375 0.1625
1 0.16875 0.35546874999999994 0.175 0.1359375
1 0.11015625 0.2859375 0.1859375 0.128125
1 0.06875 0.21640625 0.1375 0.1328125
1 0.0453125 0.14921875 0.090625 0.1328125
1 0.01015625 0.10859375 0.0203125 0.0609375
1 0.34765625 0.8898437500000002 0.2109375 0.2203125
0 0.41171875 0.9453125 0.1890625 0.109375
1 0.265625 0.79453125 0.221875 0.1609375
1 0.19921875 0.709375 0.1921875 0.153125
1 0.1203125 0.6125 0.190625 0.15625
1 0.08359375 0.51640625 0.1671875 0.1421875
1 0.04765625 0.4359375 0.0953125 0.11875
1 0.01953125 0.38125 0.0390625 0.1375
1 0.55859375 0.0640625 0.1578125 0.128125
1 0.49296875 0.02734375 0.1421875 0.0546875
