0 0.68203125 0.134375 0.1921875 0.26875
1 0.6328125 0.7671875 0.22265625 0.37734375
1 0.33359375 0.81484375 0.2046875 0.353125
0 0.190625 0.2328125 0.17109375 0.28359375
1 0.4828124999999999 0.8046875 0.21796875 0.36953125
1 0.18828125 0.8234375 0.23203125 0.3359375
1 0.7671875 0.740625 0.22890625 0.384375
1 0.30625 0.209375 0.17734375 0.28515625
1 0.565625 0.1578125 0.18671875 0.28984375
1 0.43671875 0.19140625 0.1828125 0.278125
1 0.8109375 0.11953125 0.17734375 0.2390625
1 0.07421875 0.253125 0.1453125 0.29921875
1 0.0984375 0.8609375 0.13046875 0.278125
