1 0.1 0.86953125 0.096875 0.2015625
1 0.1734375 0.8835937499999998 0.2 0.2328125
1 0.29296875 0.8921875 0.2109375 0.215625
1 0.41328125 0.8875 0.1890625 0.20625
1 0.52734375 0.890625 0.2015625 0.2125
1 0.6578125 0.8859375000000002 0.20625 0.2125
1 0.7671875 0.86875 0.209375 0.196875
1 0.89140625 0.859375 0.2078125 0.1625
1 0.953125 0.84609375 0.09375 0.1359375
0 0.93125 0.7296875 0.1375 0.2125
1 0.8664062500000002 0.72734375 0.1890625 0.2109375
1 0.7546875 0.725 0.18125 0.19375
1 0.64453125 0.72109375 0.1859375 0.2078125
0 0.5296875 0.7203125 0.196875 0.2125
1 0.41484375 0.72578125 0.1921875 0.2171875
0 0.2984375 0.734375 0.178125 0.196875
1 0.19375 0.7125 0.16875 0.190625
1 0.0953125 0.7171875 0.15 0.196875
1 0.05234375 0.4234375 0.1046875 0.178125
1 0.12421875 0.4296875 0.1546875 0.16875
1 0.22578125 0.42890625 0.1640625 0.1703125
1 0.32421875 0.4265625 0.1609375 0.16875
1 0.425 0.43671875 0.165625 0.1796875
1 0.51953125 0.434375 0.1578125 0.165625
1 0.61484375 0.43515625 0.1546875 0.1578125
1 0.71484375 0.4375 0.1609375 0.16875
1 0.81015625 0.440625 0.1703125 0.171875
1 0.90625 0.44140625 0.175 0.1734375
0 0.959375 0.4515625 0.08125 0.146875
1 0.07421875 0.165625 0.1390625 0.14375
1 0.1625 0.16640625 0.15625 0.1640625
1 0.2453125 0.17109375 0.14375 0.1515625
1 0.33203125 0.15859375 0.1390625 0.1546875
1 0.41796875 0.16875 0.1421875 0.153125
1 0.4937500000000001 0.165625 0.1375 0.15
1 0.57890625 0.17109375 0.1421875 0.1546875
1 0.6703124999999999 0.16640625 0.14375 0.1546875
1 0.74921875 0.17890625 0.1359375 0.1515625
1 0.8296875 0.16171875 0.153125 0.1671875
1 0.89609375 0.16875 0.1109375 0.15625
