1 0.903125 0.51640625 0.17890625 0.24609375
1 0.84765625 0.4585937500000001 0.1734375 0.23515625
1 0.74296875 0.3390625 0.1765625 0.2296875
1 0.48671875 0.07421875 0.1546875 0.1484375
1 0.7578125 0.709375 0.18828125 0.2640625
1 0.875 0.8742187500000002 0.196875 0.2515625
1 0.1734375 0.67578125 0.27421875 0.35234375
1 0.6921875 0.28984375 0.1625 0.21328125
1 0.82421875 0.80625 0.2 0.28828125
1 0.4375 0.31484375 0.196875 0.24609375
0 0.565625 0.15546875 0.1515625 0.190625
0 0.565625 0.52109375 0.19375 0.24296875
1 0.52890625 0.10703125 0.15625 0.20078125
1 0.26640625 0.82421875 0.3125 0.325
1 0.8125 0.0921875 0.12421875 0.1234375
0 0.61015625 0.58046875 0.2 0.259375
1 0.696875 0.63125 0.2078125 0.2703125
1 0.7890625 0.39765625 0.16875 0.225
1 0.93984375 0.57890625 0.1203125 0.2453125
1 0.8609375 0.1203125 0.1421875 0.1609375
0 0.9523437500000002 0.25078125 0.0953125 0.184375
1 0.48125000000000007 0.36875 0.1984375 0.24453125
1 0.39375 0.25390625 0.184375 0.2296875
1 0.6054687500000001 0.1984375 0.1578125 0.19765625
1 0.65078125 0.23671875 0.15703125 0.2046875
1 0.1203125 0.59765625 0.240625 0.3328125
1 0.33359375 0.884375 0.26484375 0.21015625
1 0.53515625 0.440625 0.209375 0.25546875
1 0.90234375 0.1546875 0.153125 0.19140625
0 0.9296875 0.2078125 0.1328125 0.18828125
0 0.34375 0.21640625 0.16875 0.215625
1 0.45234375 0.05000000000000001 0.1421875 0.09921875
1 0.2890625 0.1171875 0.18671875 0.22890625
1 0.31953125 0.16640625 0.17578125 0.22109375
1 0.765625 0.065625 0.1109375 0.08046875
1 0.09609375 0.45234375 0.1859375 0.31640625
1 0.225 0.06796875 0.19140625 0.1359375
1 0.9718750000000002 0.64609375 0.05625 0.2578125
1 0.40234375 0.94765625 0.2328125 0.1046875
1 0.41015625 0.03125 0.14453125 0.06015625
1 0.88671875 0.9171875 0.121875 0.16484375
1 0.05625 0.3265625 0.09921875 0.259375
1 0.9601562500000002 0.13515625 0.0796875 0.1078125
1 0.065625 0.84453125 0.13125 0.1890625
1 0.71640625 0.04375 0.096875 0.0421875
1 0.04140625 0.7890625 0.08046875 0.27578125
1 0.18828125 0.0453125 0.18046875 0.0890625
1 0.9757812500000002 0.15390625 0.0484375 0.1171875
1 0.978125 0.284375 0.04375 0.2
