0 0.06484375 0.684375 0.1203125 0.165625
1 0.23515625 0.59296875 0.1453125 0.2109375
1 0.0765625 0.515625 0.153125 0.13125
0 0.23828125 0.4312500000000001 0.1671875 0.090625
0 0.3796875 0.4632812499999999 0.11875 0.1671875
0 0.36484375 0.340625 0.1515625 0.078125
1 0.49765625 0.3765625 0.1234375 0.18125
0 0.48515625 0.2609375 0.1453125 0.065625
0 0.61015625 0.30078125 0.1140625 0.1265625
0 0.56640625 0.2109375 0.1453125 0.05625
1 0.6999999999999998 0.2453125 0.1 0.121875
0 0.66953125 0.159375 0.1140625 0.0375
1 0.8914062499999998 0.6484375 0.2171875 0.2
0 0.9 0.8734375 0.196875 0.2125
0 0.765625 0.20625 0.078125 0.125
0 0.81875 0.1515625 0.075 0.0875
0 0.76796875 0.0921875 0.0984375 0.04375
0 0.7171875 0.12734375 0.115625 0.0484375
0 0.3046875 0.1953125 0.0875 0.125
0 0.22031249999999997 0.24453125000000003 0.084375 0.1265625
1 0.10859375 0.2984375 0.1171875 0.1375
0 0.02421875 0.365625 0.0484375 0.13125
0 0.034375 0.2734375 0.06875 0.059375
0 0.13984375 0.20546875 0.0921875 0.0703125
0 0.23125 0.16171875 0.0875 0.0609375
0 0.3078125 0.11484375 0.090625 0.0453125
1 0.39140625 0.12109375 0.0703125 0.1015625
0 0.4671875 0.1078125 0.0625 0.075
0 0.465625 0.053125 0.071875 0.04375
0 0.53671875 0.0765625 0.0546875 0.078125
0 0.5203125 0.02734375 0.075 0.0390625
0 0.59765625 0.0453125 0.0578125 0.05625
0 0.58359375 0.0125 0.0796875 0.025
0 0.64765625 0.02421875 0.0515625 0.0484375
0 0.6296875 0.00234375 0.084375 0.0046875
0 0.696875 0.01953125 0.046875 0.0390625
0 0.73828125 0.009375 0.0484375 0.01875
0 0.00625 0.1875 0.0125 0.0875
1 0.06171875 0.1375 0.0765625 0.090625
0 0.1359375 0.11328125 0.05625 0.0859375
1 0.209375 0.0609375 0.05625 0.090625
0 0.2703125 0.04453125 0.05625 0.0734375
0 0.3296875 0.034375 0.059375 0.059375
0 0.38203125 0.0203125 0.0578125 0.034375
0 0.43984375 0.009375 0.0484375 0.015625
1 0.00625 0.10625 0.0125 0.078125
0 0.1015625 0.0390625 0.0625 0.05
0 0.16640625 0.0328125 0.0578125 0.04375
1 0.87578125 0.103125 0.1140625 0.0875
