1 0.17890625 0.81328125 0.2796875 0.2734375
1 0.37109375 0.78515625 0.2703125 0.2890625
1 0.53203125 0.7515625 0.2796875 0.290625
0 0.69296875 0.7312499999999998 0.2328125 0.2875
1 0.87890625 0.703125 0.2328125 0.265625
1 0.87109375 0.890625 0.2171875 0.21875
0 0.71640625 0.92578125 0.2015625 0.1484375
1 0.078125 0.44609375000000007 0.15625 0.2453125
0 0.51640625 0.93125 0.2109375 0.1375
1 0.3203125 0.93046875 0.225 0.1296875
1 0.20859375 0.42578125 0.2203125 0.2421875
1 0.3671875 0.3953125 0.23125 0.215625
1 0.5234375 0.38203125 0.23125 0.2046875
1 0.68125 0.3625 0.190625 0.184375
1 0.8515625 0.33828125 0.221875 0.2015625
1 0.94375 0.31484375 0.1125 0.1953125
0 0.3125 0.0359375 0.1625 0.071875
1 0.14375 0.04765625 0.1625 0.0953125
