0 0.5671875 0.8874999999999998 0.275 0.225
0 0.37109375 0.93515625 0.2703125 0.1296875
0 0.3390625 0.84921875 0.26875 0.2265625
0 0.88828125 0.74375 0.2234375 0.2875
0 0.8453125 0.60859375 0.26875 0.2328125
0 0.77109375 0.50234375 0.2328125 0.1921875
0 0.7109375 0.41484375000000007 0.225 0.1671875
0 0.58359375 0.203125 0.1828125 0.134375
0 0.54765625 0.1453125 0.1828125 0.134375
0 0.51796875 0.09609375 0.1640625 0.1171875
0 0.31328125 0.20859375 0.1578125 0.1171875
0 0.34140625 0.26171875 0.1578125 0.1140625
0 0.2046875 0.259375 0.140625 0.10625
1 0.21953125 0.32265625 0.1453125 0.1234375
1 0.36640625 0.32109375 0.1671875 0.1328125
1 0.3875 0.3875 0.190625 0.146875
1 0.41953125 0.46171875 0.1734375 0.1484375
1 0.4484375 0.553125 0.2125 0.178125
1 0.5203125 0.75546875 0.234375 0.1984375
0 0.48125 0.646875 0.246875 0.19375
0 0.2375 0.3796875 0.15625 0.125
0 0.08359375 0.7328125 0.1078125 0.146875
0 0.0625 0.64453125 0.103125 0.1265625
0 0.053125 0.56796875 0.10625 0.1140625
1 0.0453125 0.4906249999999999 0.090625 0.1125
1 0.03828125 0.4265625 0.0765625 0.109375
1 0.03125 0.3726562500000001 0.0625 0.0984375
1 0.02890625 0.31640625 0.0578125 0.1015625
1 0.3140625 0.72421875 0.2125 0.1828125
1 0.28203125 0.61484375 0.2109375 0.1671875
1 0.2671875 0.52578125 0.196875 0.1609375
1 0.24609375 0.44453125 0.1640625 0.1265625
1 0.09140625 0.8375 0.0734375 0.13125
