1 0.053125 0.72578125 0.10625 0.2109375
1 0.08984375 0.64453125 0.1796875 0.2234375
1 0.16171875 0.56640625 0.1984375 0.2203125
1 0.253125 0.4875 0.16875 0.178125
1 0.33359375 0.42421875 0.1734375 0.1765625
1 0.40390625 0.34296875 0.1703125 0.1921875
1 0.4710937499999999 0.28125 0.1828125 0.184375
1 0.540625 0.21484375 0.165625 0.1609375
1 0.596875 0.15859375 0.1625 0.1609375
1 0.6593750000000002 0.10859375 0.153125 0.1421875
1 0.72109375 0.07265625 0.1390625 0.0921875
1 0.2875 0.9515625 0.184375 0.065625
1 0.37265625 0.91171875 0.2234375 0.1765625
1 0.44453125 0.815625 0.1890625 0.1875
1 0.503125 0.7359375 0.2 0.184375
1 0.6046875 0.653125 0.203125 0.19375
1 0.67109375 0.58515625 0.1921875 0.1796875
1 0.73125 0.4953125 0.184375 0.175
1 0.79296875 0.4234375 0.1828125 0.15
1 0.8515625 0.3546875 0.19375 0.14375
1 0.9109375 0.28828125 0.175 0.1453125
1 0.93515625 0.22265625 0.1296875 0.1484375
1 0.97265625 0.16953125 0.0546875 0.1203125
1 0.596875 0.9148437499999998 0.221875 0.1703125
0 0.53515625 0.96875 0.1828125 0.0625
1 0.68125 0.85546875 0.23125 0.1796875
1 0.74921875 0.7734375 0.2015625 0.16875
1 0.83046875 0.67890625 0.2015625 0.1703125
1 0.884375 0.58671875 0.203125 0.1578125
1 0.9289062500000002 0.5109375 0.1421875 0.1375
1 0.9562500000000002 0.45703125 0.0875 0.1484375
1 0.97890625 0.3734375 0.0421875 0.140625
1 0.41328125 0.11640625 0.1640625 0.1453125
1 0.484375 0.05859375 0.15625 0.1171875
1 0.53984375 0.03828125 0.1484375 0.0765625
