1 0.140625 0.9015625000000002 0.1 0.134375
0 0.21484375 0.9046875 0.1140625 0.146875
1 0.27578125 0.89921875 0.1078125 0.1671875
1 0.3421875 0.90859375 0.1 0.1640625
1 0.3875 0.66328125 0.084375 0.1328125
1 0.4984374999999999 0.6593750000000002 0.08125 0.1375
1 0.096875 0.678125 0.1 0.13125
1 0.4734375 0.5703124999999999 0.096875 0.115625
0 0.7312499999999998 0.88515625 0.115625 0.1765625
0 0.66171875 0.8921875 0.1140625 0.16875
0 0.59609375 0.8921875 0.1234375 0.178125
0 0.53515625 0.89609375 0.1171875 0.1796875
0 0.47109375 0.90078125 0.1109375 0.1953125
0 0.4 0.90703125 0.1125 0.1796875
0 0.15859375 0.68671875 0.1015625 0.1265625
0 0.21640625 0.6703125 0.0828125 0.125
0 0.27265625 0.671875 0.0828125 0.128125
0 0.3265625 0.6687499999999998 0.0875 0.128125
0 0.440625 0.6726562499999998 0.084375 0.1359375
0 0.55234375 0.6609375 0.0859375 0.11875
0 0.66171875 0.5671875 0.0828125 0.096875
0 0.571875 0.5703124999999999 0.08125 0.1
0 0.5203125 0.575 0.09375 0.10625
0 0.41875 0.57578125 0.075 0.0953125
0 0.38125 0.56796875 0.084375 0.0921875
0 0.3203125 0.575 0.08125 0.090625
0 0.2703125 0.57890625 0.065625 0.0796875
0 0.2171875 0.5859375000000001 0.08125 0.0875
0 0.15625 0.58359375 0.084375 0.0765625
