1 0.9109374999999998 0.87421875 0.178125 0.2296875
1 0.81171875 0.85078125 0.1921875 0.2296875
0 0.6984375 0.81875 0.19375 0.225
1 0.97890625 0.86796875 0.0421875 0.1921875
1 0.5953125 0.78125 0.175 0.2
1 0.5140625 0.73515625 0.171875 0.1796875
1 0.421875 0.70625 0.1875 0.209375
0 0.33828125 0.6828125 0.1578125 0.196875
0 0.32578125 0.8984375 0.1828125 0.203125
0 0.50703125 0.9289062500000002 0.1796875 0.1421875
1 0.4125 0.9031249999999998 0.19375 0.19375
1 0.62734375 0.95390625 0.1578125 0.0890625
1 0.76171875 0.9640625 0.1234375 0.059375
1 0.23828125 0.85390625 0.1671875 0.1921875
1 0.1578125 0.821875 0.165625 0.209375
1 0.0890625 0.790625 0.153125 0.19375
1 0.05703125 0.75 0.1015625 0.178125
1 0.0265625 0.71328125 0.04375 0.1671875
1 0.27578125 0.6546875 0.1765625 0.203125
1 0.209375 0.6359375 0.16875 0.184375
0 0.146875 0.61953125 0.159375 0.1671875
1 0.09140625 0.57734375 0.1546875 0.1546875
1 0.05390625 0.56640625 0.1078125 0.1578125
1 0.0328125 0.54453125 0.065625 0.1390625
1 0.009375 0.509375 0.01875 0.1375
1 0.9671875 0.5078125 0.065625 0.146875
1 0.91875 0.4875 0.121875 0.14375
1 0.82734375 0.471875 0.1140625 0.140625
1 0.73984375 0.4546875000000001 0.1359375 0.1375
1 0.6734375 0.43515625 0.134375 0.1390625
0 0.5976562499999999 0.4375 0.1234375 0.15625
0 0.5265625 0.41796875 0.121875 0.1421875
1 0.45859375 0.39765625 0.1328125 0.1390625
1 0.40078125 0.3859375 0.1296875 0.1375
1 0.340625 0.38359375 0.125 0.1515625
1 0.28359375 0.37499999999999994 0.1328125 0.128125
0 0.22968749999999996 0.37421875 0.11875 0.1296875
1 0.184375 0.35 0.128125 0.121875
1 0.13984375 0.346875 0.1078125 0.11875
1 0.0875 0.346875 0.115625 0.125
1 0.0515625 0.32578125 0.103125 0.1328125
1 0.02734375 0.31484375 0.0546875 0.1046875
1 0.009375 0.31796875 0.01875 0.1140625
1 0.93515625 0.3390625 0.1140625 0.165625
1 0.85703125 0.32109375 0.1328125 0.1546875
1 0.77734375 0.303125 0.1265625 0.15
1 0.70625 0.2953125 0.121875 0.1375
1 0.6515625 0.29375 0.11875 0.125
1 0.58203125 0.28515625 0.1046875 0.1140625
1 0.52421875 0.2765625 0.1046875 0.121875
1 0.46796875 0.2640625 0.1078125 0.11875
1 0.4125 0.26328125 0.109375 0.1078125
0 0.36484375 0.2546875 0.1078125 0.115625
1 0.3171875 0.24609375 0.109375 0.1078125
1 0.26953125 0.24296875 0.0984375 0.1015625
1 0.22421875 0.2421875 0.1046875 0.1125
1 0.1796875 0.23046875 0.1125 0.1171875
1 0.13671875 0.2234375 0.1046875 0.11875
1 0.09609375 0.22265625 0.0953125 0.0953125
1 0.06640625 0.21484375 0.1015625 0.0984375
1 0.03828125 0.203125 0.0765625 0.10625
1 0.0234375 0.21171875 0.046875 0.0890625
1 0.9109375 0.1546875 0.0875 0.140625
1 0.8546875 0.15234375 0.10625 0.1359375
1 0.78359375 0.1546875 0.0984375 0.11875
0 0.7328125 0.15859375 0.0875 0.1140625
0 0.678125 0.140625 0.09375 0.109375
1 0.6234375 0.13203125 0.0875 0.1109375
1 0.5734375 0.12578125 0.090625 0.1109375
1 0.52578125 0.128125 0.0921875 0.10625
1 0.47890625 0.12578125 0.0859375 0.0984375
1 0.4296875 0.12578125 0.08125 0.0890625
1 0.39296875 0.12421875 0.0828125 0.0984375
1 0.35234375 0.11328125 0.0859375 0.0984375
0 0.3125 0.11640625 0.084375 0.0921875
1 0.27109375 0.11640625 0.0921875 0.0953125
1 0.23671875 0.10234375 0.0890625 0.0953125
1 0.1953125 0.10625 0.078125 0.09375
1 0.16328125 0.10703125 0.0765625 0.0859375
1 0.11796875 0.10703125 0.0921875 0.0921875
1 0.8898437500000002 0.08046875 0.0796875 0.0984375
1 0.82421875 0.07421875 0.0859375 0.1046875
1 0.7703125 0.075 0.0875 0.103125
1 0.7140625 0.0796875 0.078125 0.096875
1 0.65625 0.07578125 0.075 0.1015625
1 0.61953125 0.06640625 0.0734375 0.0828125
1 0.5703125 0.06796875 0.075 0.0859375
1 0.52421875 0.05703125 0.0796875 0.0859375
1 0.48515625 0.0609375 0.0703125 0.078125
1 0.44453125 0.06171875 0.0734375 0.0890625
1 0.40625 0.0546875 0.06875 0.075
1 0.35859375 0.059375 0.0765625 0.075
1 0.325 0.0625 0.075 0.075
1 0.28828125 0.05546875 0.0734375 0.0796875
1 0.2625 0.0546875 0.075 0.06875
1 0.221875 0.0578125 0.0625 0.05625
1 0.18046875 0.05625 0.0640625 0.040625
0 0.871875 0.01484375 0.0625 0.0296875
1 0.828125 0.01328125 0.075 0.0265625
1 0.7703125 0.01328125 0.065625 0.0265625
1 0.73515625 0.0078125 0.0640625 0.015625
1 0.696875 0.01328125 0.071875 0.0265625
0 0.65 0.0125 0.065625 0.025
1 0.615625 0.01328125 0.06875 0.0265625
1 0.5742187500000001 0.01171875 0.0640625 0.0234375
1 0.52734375 0.01328125 0.0640625 0.0265625
0 0.49140625 0.0140625 0.0640625 0.028125
1 0.46171875 0.009375 0.0671875 0.01875
1 0.41953125 0.00859375 0.0640625 0.0140625
1 0.00703125 0.1234375 0.0140625 0.084375
1 0.021875 0.11015625 0.04375 0.0828125
1 0.040625 0.096875 0.06875 0.065625
1 0.06953125 0.0796875 0.0546875 0.040625
1 0.08984375 0.0734375 0.0671875 0.0375
