0 0.8499999999999999 0.8640624999999998 0.275 0.271875
1 0.7421875 0.76875 0.33125 0.36875
1 0.6296875 0.64921875 0.2875 0.3359375
1 0.51640625 0.534375 0.2828125 0.3125
1 0.43046875 0.425 0.2578125 0.26875
1 0.34921875 0.35546875 0.2609375 0.2453125
1 0.27421875 0.29140625 0.2046875 0.2140625
0 0.53203125 0.24375 0.1859375 0.171875
0 0.6093750000000001 0.3125 0.18125 0.178125
0 0.6828125 0.36484375 0.24375 0.1890625
0 0.77421875 0.4390625 0.2609375 0.196875
0 0.86171875 0.52578125 0.2765625 0.2296875
0 0.9234375 0.621875 0.153125 0.25
