1 0.5640625 0.97890625 0.075 0.0421875
1 0.5296875 0.9703125 0.05625 0.059375
1 0.4828125 0.95703125 0.059375 0.084375
0 0.50546875 0.9640625000000002 0.0609375 0.071875
0 0.19062499999999996 0.7671875 0.071875 0.084375
0 0.21640625 0.78046875 0.08125 0.1015625
0 0.24609375 0.79453125 0.06875 0.1015625
0 0.26640625 0.815625 0.0671875 0.0890625
0 0.12421875 0.72265625 0.0890625 0.10625
0 0.29765625 0.83671875 0.071875 0.09375
0 0.3234375 0.85703125 0.059375 0.084375
0 0.35390625 0.87578125 0.06875 0.090625
0 0.378125 0.89375 0.065625 0.084375
0 0.40390625 0.9109375 0.0609375 0.0796875
0 0.4265625 0.92265625 0.0671875 0.0890625
0 0.4554687499999999 0.93984375 0.0578125 0.090625
1 0.16640625 0.746875 0.071875 0.103125
1 0.07578125 0.78828125 0.103125 0.096875
1 0.1109375 0.81640625 0.0625 0.0953125
1 0.1453125 0.8296875 0.0546875 0.0796875
1 0.1765625 0.84765625 0.065625 0.084375
1 0.20078124999999997 0.8671875 0.06875 0.090625
1 0.23359375 0.8875 0.0671875 0.0890625
1 0.259375 0.90390625 0.06875 0.09375
1 0.28671875 0.9203125 0.075 0.0921875
1 0.321875 0.93203125 0.0640625 0.084375
1 0.34765625 0.94921875 0.065625 0.06875
1 0.009375 0.71953125 0.01875 0.0984375
1 0.3734375 0.959375 0.059375 0.059375
1 0.40234375 0.97109375 0.0609375 0.053125
1 0.4359374999999999 0.98125 0.0578125 0.0359375
1 0.4593749999999999 0.98828125 0.05 0.0234375
1 0.48671875 0.9968749999999998 0.0484375 0.00625
1 0.45 0.753125 0.0609375 0.0703125
1 0.47265625 0.7765625 0.0671875 0.078125
1 0.49375 0.796875 0.0703125 0.0765625
1 0.51328125 0.81171875 0.0703125 0.0765625
0 0.53828125 0.82578125 0.071875 0.0828125
1 0.56171875 0.84296875 0.0625 0.0734375
1 0.58828125 0.86171875 0.0609375 0.078125
1 0.60859375 0.88046875 0.059375 0.0734375
1 0.6234375 0.80546875 0.071875 0.0796875
0 0.5937499999999999 0.7828125 0.0609375 0.0890625
0 0.578125 0.771875 0.059375 0.0921875
0 0.53125 0.7359375 0.0515625 0.0890625
0 0.484375 0.69921875 0.0546875 0.0890625
0 0.21406249999999996 0.5898437499999999 0.071875 0.084375
0 0.2484375 0.609375 0.0765625 0.0984375
0 0.27734375 0.6359375 0.0734375 0.0875
0 0.3 0.66015625 0.0734375 0.0875
0 0.334375 0.678125 0.09375 0.0984375
0 0.3640625 0.7015625 0.0828125 0.09375
0 0.3875 0.72109375 0.0875 0.103125
0 0.4085937499999999 0.7359375 0.08125 0.103125
0 0.32421875 0.56875 0.09375 0.1
1 0.26796875 0.52578125 0.096875 0.1078125
1 0.55234375 0.7546875 0.059375 0.08125
1 0.5109375 0.7109375 0.0765625 0.0984375
1 0.46875 0.6828125 0.08125 0.0984375
1 0.43671875 0.66484375 0.075 0.103125
1 0.41640625 0.64375 0.0828125 0.096875
1 0.390625 0.6234375 0.075 0.0921875
1 0.36015625 0.6 0.084375 0.1
1 0.11953125 0.5171875 0.0875 0.1015625
1 0.0515625 0.4640625 0.0765625 0.1
0 0.07890625 0.49296875 0.0890625 0.10625
0 0.03125 0.64921875 0.0625 0.1078125
0 0.0140625 0.62734375 0.028125 0.1046875
0 0.028125 0.4421875 0.05625 0.103125
0 0.015625 0.4234375 0.0296875 0.0921875
0 0.26640625 0.32578125 0.0859375 0.09375
0 0.2296875 0.29296875 0.0921875 0.1015625
1 0.17734375 0.44765625 0.0921875 0.1015625
1 0.14453125 0.43671875 0.08125 0.1015625
1 0.11640625 0.4 0.0859375 0.1046875
1 0.07578125 0.3734375 0.090625 0.1078125
1 0.05546875 0.346875 0.0859375 0.115625
1 0.0421875 0.32734375 0.0515625 0.1078125
1 0.21171875 0.275 0.0859375 0.0953125
1 0.175 0.24765625 0.0890625 0.096875
1 0.1109375 0.18828125 0.0875 0.0984375
0 0.1375 0.21328125 0.0921875 0.1046875
0 0.096875 0.1640625 0.0421875 0.0796875
0 0.14375 0.09375 0.08125 0.103125
1 0.13828125 0.0734375 0.059375 0.1015625
1 0.33203125 0.26640625 0.0765625 0.0984375
1 0.28984375 0.23125 0.0890625 0.096875
1 0.234375 0.18359375 0.09375 0.0984375
0 0.2609375 0.2046875 0.0921875 0.1046875
1 0.20390625 0.15 0.0875 0.0984375
1 0.16875 0.12265625 0.0984375 0.10625
1 0.3609375 0.40390625 0.0875 0.0921875
1 0.3882812500000001 0.43046875 0.075 0.103125
1 0.65859375 0.65625 0.071875 0.0796875
1 0.6328125 0.6367187499999999 0.075 0.0921875
1 0.6109375 0.6210937500000001 0.0734375 0.0875
1 0.584375 0.59921875 0.0875 0.0921875
0 0.56015625 0.58046875 0.0796875 0.0875
0 0.53828125 0.5625 0.084375 0.090625
0 0.5171875 0.53828125 0.078125 0.09375
1 0.4921875 0.51796875 0.0890625 0.0953125
1 0.4671875 0.49609375 0.084375 0.090625
0 0.43515625 0.4765625 0.078125 0.0921875
0 0.4046875 0.45390625 0.078125 0.1046875
1 0.40625 0.3421875 0.0828125 0.096875
1 0.4390625 0.3671875 0.078125 0.0890625
1 0.46484375 0.390625 0.078125 0.084375
1 0.4875 0.42109375 0.078125 0.09375
1 0.51484375 0.44296875 0.078125 0.09375
0 0.534375 0.4578125 0.071875 0.0828125
1 0.56015625 0.4828125 0.075 0.0921875
0 0.57734375 0.5 0.0703125 0.084375
0 0.6015625 0.51953125 0.0734375 0.0875
1 0.62421875 0.540625 0.0765625 0.084375
1 0.646875 0.56015625 0.0734375 0.0875
1 0.684375 0.58359375 0.078125 0.0890625
0 0.6890625 0.59453125 0.071875 0.090625
0 0.25390625 0.01953125 0.0765625 0.0390625
0 0.29140625 0.03984375 0.0859375 0.0796875
1 0.23125 0.01171875 0.08125 0.0234375
1 0.346875 0.0125 0.078125 0.025
0 0.37109375 0.0234375 0.0796875 0.046875
1 0.403125 0.0390625 0.08125 0.078125
1 0.32109375000000007 0.05546875 0.0765625 0.0984375
1 0.3515625 0.0875 0.075 0.0921875
1 0.3804687500000001 0.11640625 0.075 0.0890625
1 0.4359375 0.0625 0.075 0.0890625
1 0.4578125 0.08984375 0.078125 0.0921875
0 0.4078125 0.1453125 0.084375 0.1
0 0.48515625 0.228125 0.0765625 0.0984375
0 0.51328125 0.25546875 0.06875 0.09375
0 0.5328125 0.278125 0.078125 0.0921875
0 0.55625 0.196875 0.071875 0.084375
1 0.53046875 0.17265625 0.084375 0.1
1 0.56328125 0.303125 0.06875 0.090625
0 0.57109375 0.21796875 0.078125 0.084375
0 0.59765625 0.2453125 0.078125 0.084375
0 0.61875 0.2640625 0.0734375 0.0953125
0 0.646875 0.2890625 0.078125 0.084375
0 0.58671875 0.32421875 0.0734375 0.0953125
0 0.60546875 0.34296875 0.078125 0.103125
0 0.6234375 0.3703125 0.075 0.0953125
1 0.66875 0.3171875 0.078125 0.0890625
1 0.6867187500000002 0.34140625 0.071875 0.0828125
1 0.65546875 0.390625 0.071875 0.0828125
1 0.678125 0.41640625 0.071875 0.0828125
0 0.7125 0.35703125 0.0671875 0.0890625
1 0.7328125 0.37890625 0.065625 0.078125
1 0.75078125 0.4015625 0.0625 0.075
1 0.77265625 0.4234375 0.0578125 0.0703125
0 0.69609375 0.43671875 0.0625 0.0828125
1 0.71953125 0.45390625 0.0640625 0.0875
1 0.74609375 0.47578125 0.06875 0.0734375
1 0.5312499999999999 0.01640625 0.0609375 0.0328125
