1 0.403125 0.8781250000000002 0.46875 0.24375
0 0.56171875 0.7734375 0.4109375 0.434375
1 0.63359375 0.584375 0.3703125 0.3375
1 0.67421875 0.45234375 0.3046875 0.2859375
0 0.7171875 0.34921875 0.25625 0.2703125
0 0.19375 0.4234375 0.175 0.1875
0 0.0453125 0.5742187500000001 0.090625 0.1421875
1 0.08359375 0.484375 0.1671875 0.1875
1 0.7296875 0.26796875 0.215625 0.1953125
1 0.74140625 0.2203125 0.2171875 0.165625
1 0.23046875 0.34453125 0.1640625 0.1703125
1 0.30625 0.2828125 0.15 0.1625
1 0.3546875 0.23046875 0.134375 0.1609375
1 0.0234375 0.4203125 0.046875 0.171875
1 0.06484375 0.34921875 0.1140625 0.1265625
1 0.11640625 0.3 0.1296875 0.1375
1 0.03515625 0.2609375 0.0703125 0.096875
0 0.01484375 0.2796875 0.0296875 0.11875
1 0.078125 0.24062500000000003 0.08125 0.0875
1 0.1328125 0.21171875 0.078125 0.0984375
1 0.18828125 0.18828125 0.0859375 0.1046875
1 0.24765625 0.1453125 0.0859375 0.1
1 0.8203125 0.1109375 0.09375 0.134375
1 0.8921875 0.13515625 0.078125 0.1109375
1 0.86796875 0.06796875 0.0859375 0.0953125
