0 0.4 0.1390625 0.228125 0.228125
0 0.8265624999999999 0.6890625 0.259375 0.28125
0 0.8515625 0.8234375 0.28125 0.2625
0 0.83046875 0.90625 0.2703125 0.11875
1 0.4015625 0.2609375 0.23125 0.2125
1 0.41171875 0.39921875 0.2578125 0.2453125
1 0.41328125 0.57734375 0.2390625 0.2328125
1 0.421875 0.7296875 0.2625 0.246875
1 0.428125 0.875 0.275 0.25
1 0.81796875 0.52421875 0.2359375 0.2109375
1 0.7882812500000002 0.3640625 0.2359375 0.225
1 0.778125 0.2140625 0.23125 0.2125
1 0.76953125 0.09140625 0.2296875 0.1828125
