0 0.43203125 0.13203125 0.246875 0.246875
0 0.80859375 0.7171875 0.2828125 0.303125
0 0.8218750000000001 0.853125 0.303125 0.2859375
0 0.79296875 0.93125 0.2796875 0.1375
1 0.42265625 0.253125 0.2484375 0.23125
1 0.42109375 0.3921875 0.278125 0.2671875
1 0.40703125 0.56953125 0.2578125 0.253125
1 0.40234375 0.721875 0.2828125 0.26875
1 0.39609375 0.86484375 0.2953125 0.2703125
1 0.81484375 0.5515625 0.253125 0.23125
1 0.79921875 0.38984375 0.2546875 0.2453125
1 0.80234375 0.2390625 0.2484375 0.23125
1 0.80390625 0.11640625 0.2453125 0.2015625
