0 0.04375 0.56875 0.0875 0.246875
1 0.1328125 0.58359375 0.16875 0.2578125
0 0.2921875 0.63046875 0.184375 0.2296875
1 0.44375 0.6421875 0.2 0.2375
0 0.58828125 0.68125 0.1953125 0.24375
0 0.73828125 0.70703125 0.2234375 0.2609375
0 0.88359375 0.728125 0.2109375 0.259375
1 0.9375 0.54375 0.125 0.18125
1 0.8289062499999998 0.53203125 0.1703125 0.1671875
1 0.70078125 0.50859375 0.1765625 0.1734375
0 0.584375 0.49140625 0.1875 0.1734375
1 0.4671875 0.45703125 0.171875 0.1796875
1 0.3640625 0.43281249999999993 0.146875 0.184375
0 0.2453125 0.421875 0.1875 0.178125
1 0.11640625 0.3875 0.1734375 0.190625
1 0.0390625 0.39609375 0.078125 0.2015625
1 0.8132812499999998 0.346875 0.1234375 0.128125
1 0.7265625 0.328125 0.10625 0.11875
1 0.6421875 0.315625 0.096875 0.115625
1 0.5609375 0.303125 0.090625 0.109375
1 0.49140625 0.29140625 0.1015625 0.1015625
0 0.4125 0.28125 0.10625 0.10625
1 0.340625 0.2625 0.096875 0.115625
1 0.26640625 0.26328125 0.1078125 0.1078125
0 0.18046875 0.24921875 0.1046875 0.1015625
1 0.11328125 0.22031249999999997 0.1140625 0.115625
0 0.05859375 0.21953125 0.0671875 0.1171875
