1 0.51875 0.74765625 0.203125 0.2453125
0 0.43046875000000007 0.69609375 0.1828125 0.2078125
1 0.35859375 0.6296875 0.1828125 0.2
0 0.2875 0.59921875 0.1625 0.2109375
0 0.24296875 0.5390625 0.1953125 0.190625
0 0.17265625 0.4953125 0.1921875 0.165625
0 0.134375 0.47265625 0.171875 0.1515625
0 0.09375 0.43515625 0.165625 0.1328125
1 0.06953125 0.39921875000000007 0.1359375 0.1359375
1 0.92890625 0.81875 0.1296875 0.2375
1 0.85546875 0.7390625 0.1609375 0.23125
1 0.76015625 0.68125 0.1671875 0.2125
1 0.6734375 0.60390625 0.1625 0.2109375
0 0.58359375 0.58125 0.1640625 0.175
0 0.53046875 0.5390625 0.1546875 0.15625
0 0.45 0.50078125 0.140625 0.1421875
1 0.3921875 0.45546875 0.14375 0.1421875
0 0.33203125000000006 0.42109374999999993 0.1296875 0.1296875
1 0.2875 0.3773437499999999 0.15 0.1359375
1 0.22578125 0.34375 0.1296875 0.134375
1 0.18203125 0.31171875 0.1109375 0.1078125
1 0.14375 0.2921875 0.09375 0.10625
1 0.109375 0.27421875 0.096875 0.1015625
1 0.0796875 0.259375 0.084375 0.0875
0 0.9671875 0.54453125 0.065625 0.1078125
1 0.88203125 0.4671875 0.1046875 0.121875
0 0.81171875 0.4515624999999999 0.0890625 0.08125
0 0.740625 0.4203125 0.11875 0.084375
1 0.684375 0.38671875 0.1 0.1015625
0 0.62734375 0.36640625 0.0921875 0.0953125
1 0.57734375 0.33359375 0.0921875 0.0890625
1 0.51171875 0.328125 0.0859375 0.09375
0 0.4625000000000001 0.2984375 0.075 0.08125
1 0.43828125 0.27421875 0.0921875 0.0890625
0 0.40234375 0.24921875 0.0921875 0.0828125
1 0.3703125 0.23046875 0.09375 0.1015625
1 0.321875 0.2109375 0.078125 0.08125
0 0.9539062499999998 0.42578125 0.0921875 0.0953125
0 0.8953124999999998 0.38984375 0.1 0.1078125
0 0.8390625 0.36328125 0.125 0.1171875
0 0.7796875 0.35390625 0.103125 0.0953125
0 0.734375 0.325 0.1125 0.084375
0 0.6890625 0.3125 0.1125 0.084375
0 0.6421875 0.28828125 0.09375 0.0703125
0 0.540625 0.25859375 0.090625 0.0765625
0 0.50234375 0.23906250000000004 0.0765625 0.06875
0 0.471875 0.215625 0.084375 0.08125
0 0.434375 0.2046875 0.08125 0.075
