0 0.76875 0.18046875 0.203125 0.2890625
0 0.68125 0.17578125 0.171875 0.2890625
0 0.6 0.17421875 0.18125 0.2828125
1 0.51328125 0.159375 0.1828125 0.284375
1 0.42499999999999993 0.15625 0.184375 0.3
1 0.334375 0.15625 0.196875 0.2875
1 0.24609375 0.1625 0.1921875 0.275
1 0.15625 0.16015625 0.184375 0.2421875
0 0.07265625 0.1609375 0.1453125 0.2125
0 0.47343750000000007 0.76640625 0.26875 0.4390625
0 0.07578125 0.70234375 0.1515625 0.4015625
1 0.14140625 0.70625 0.2578125 0.459375
1 0.25390625 0.7390625 0.2640625 0.434375
1 0.37265625 0.75546875 0.2390625 0.4109375
