0 0.25703125 0.11015625 0.1515625 0.2203125
0 0.35 0.11953125 0.11875 0.2390625
0 0.43515625 0.125 0.1328125 0.25
1 0.53046875 0.128125 0.1328125 0.25625
1 0.6265625 0.14375 0.128125 0.275
1 0.721875 0.15234375 0.146875 0.2765625
1 0.8140625 0.16875 0.14375 0.28125
1 0.9125 0.1734375 0.14375 0.271875
0 0.9695312499999998 0.2046875 0.0609375 0.21875
0 0.44140625 0.75546875 0.1890625 0.4390625
0 0.9125 0.7921875 0.159375 0.415625
1 0.79921875 0.765625 0.1703125 0.46875
1 0.6765625 0.77578125 0.184375 0.4359375
1 0.546875 0.7671875 0.1625 0.415625
