1 0.8765625 0.57265625 0.23125 0.3296875
1 0.875 0.815625 0.2 0.36875
0 0.78671875 0.61328125 0.2828125 0.3890625
0 0.8171875 0.86328125 0.265625 0.2734375
1 0.7078125 0.69921875 0.25 0.3328125
1 0.73828125 0.8781250000000002 0.2734375 0.24375
1 0.61953125 0.72890625 0.2703125 0.3671875
1 0.546875 0.7921875 0.275 0.35
0 0.45859375 0.81796875 0.2953125 0.3640625
1 0.36953125 0.8515625 0.2484375 0.29375
1 0.653125 0.9234375 0.240625 0.153125
1 0.83125 0.1671875 0.175 0.19375
1 0.89375 0.1546875 0.140625 0.11875
1 0.7585937499999998 0.196875 0.2015625 0.26875
1 0.69296875 0.253125 0.1890625 0.259375
1 0.61640625 0.3140625 0.2171875 0.3
1 0.55625 0.3703125 0.21875 0.30625
0 0.48359374999999993 0.40390625 0.2078125 0.2984375
0 0.41328125 0.4453125 0.2109375 0.271875
1 0.3421875 0.49296875000000007 0.221875 0.3078125
1 0.26328125 0.5359375 0.2015625 0.278125
1 0.2125 0.571875 0.24375 0.33125
0 0.13203125 0.62734375 0.2296875 0.3046875
0 0.071875 0.67734375 0.14375 0.2765625
0 0.03671875 0.73203125 0.0734375 0.2671875
1 0.025 0.56328125 0.05 0.3015625
1 0.05625 0.515625 0.1125 0.28125
1 0.08671875 0.46796875 0.1734375 0.3140625
1 0.15859375 0.42109375 0.1890625 0.3046875
1 0.3515625 0.29765625 0.171875 0.2921875
1 0.41328125 0.25625 0.1578125 0.271875
0 0.4789062499999999 0.209375 0.1671875 0.30625
0 0.55625 0.15546875 0.20625 0.3046875
0 0.6046875 0.12890625 0.175 0.2515625
0 0.66953125 0.11015625 0.1515625 0.1859375
0 0.7265625 0.0921875 0.128125 0.121875
1 0.17578125 0.13515625 0.1734375 0.2453125
0 0.13046875 0.1734375 0.1453125 0.225
