1 0.8484375 0.828125 0.278125 0.184375
1 0.8312500000000002 0.6578125 0.259375 0.121875
1 0.80859375 0.53046875 0.2578125 0.1171875
1 0.7859375 0.425 0.21875 0.10625
1 0.7828125 0.321875 0.21875 0.10625
1 0.7640625 0.234375 0.228125 0.09375
1 0.7734375 0.153125 0.215625 0.1
1 0.75859375 0.0640625 0.2109375 0.078125
1 0.31796875 0.91484375 0.2421875 0.1609375
1 0.315625 0.759375 0.234375 0.15
0 0.328125 0.63984375 0.21875 0.1453125
1 0.3421875 0.51171875 0.2 0.1390625
1 0.3421875 0.3921875000000001 0.20625 0.10625
1 0.3625 0.3109375 0.184375 0.09375
1 0.15 0.3390625 0.18125 0.121875
1 0.13671875 0.4421875 0.2109375 0.134375
1 0.121875 0.55859375 0.2125 0.1453125
1 0.11328125 0.67578125 0.2109375 0.1328125
1 0.09531249999999998 0.7984375 0.16875 0.15625
1 0.084375 0.93125 0.16875 0.121875
