1 0.365625 0.4140625 0.09609375 0.10390625
1 0.28828125 0.41640625 0.09609375 0.10390625
1 0.53359375 0.41171875 0.09453125 0.103125
1 0.7843750000000002 0.40546875 0.0953125 0.1078125
1 0.20390625 0.415625 0.1015625 0.103125
1 0.45 0.41484375 0.09453125 0.0984375
1 0.23515625 0.66015625 0.1015625 0.1328125
1 0.69140625 0.1703125 0.071875 0.09375
0 0.11875 0.41953125 0.09921875 0.103125
1 0.87265625 0.40546875 0.090625 0.10703125
1 0.6109375 0.4109375 0.08984375 0.10859375
1 0.2109375 0.8015624999999998 0.121875 0.14296875
1 0.61640625 0.6539062500000001 0.10625 0.1453125
1 0.61796875 0.79375 0.1140625 0.13671875
1 0.31796875 0.7984375 0.11953125 0.140625
1 0.72109375 0.7953125 0.115625 0.13671875
1 0.69609375 0.40390625 0.096875 0.09921875
1 0.76640625 0.17421875 0.07890625 0.0921875
1 0.521875 0.796875 0.1171875 0.13671875
1 0.553125 0.18125 0.07265625 0.0921875
1 0.62421875 0.18046875 0.07421875 0.09296875
1 0.83203125 0.79140625 0.11015625 0.14375
1 0.428125 0.65546875 0.10234375 0.13515625
1 0.26875 0.1734375 0.08671875 0.1
1 0.41796875 0.79765625 0.1171875 0.1359375
1 0.10859375 0.79453125 0.11640625 0.1453125
1 0.33515625 0.18359375 0.078125 0.09609375
1 0.1921875 0.175 0.08984375 0.10078125
1 0.04375 0.41875 0.0875 0.10859375
1 0.95546875 0.4046875 0.0890625 0.11171875
1 0.4078125 0.18046875 0.0796875 0.1
1 0.33359375 0.65625 0.10078125 0.12890625
0 0.71796875 0.659375 0.10234375 0.13203125
1 0.8429687500000002 0.17421875 0.0875 0.0921875
1 0.040625 0.17578125 0.08125 0.1015625
1 0.4765625 0.184375 0.0765625 0.09609375
0 0.14140625 0.6640625 0.115625 0.13046875
1 0.8109375 0.64921875 0.09453125 0.1296875
0 0.52578125 0.65234375 0.10703125 0.13671875
1 0.05156249999999999 0.65703125 0.09609375 0.134375
1 0.1140625 0.17734375 0.08125 0.096875
1 0.909375 0.65234375 0.09765625 0.1359375
1 0.9328125000000002 0.79453125 0.11875 0.14765625
1 0.91328125 0.18203125 0.0859375 0.0921875
1 0.0375 0.79765625 0.05625 0.1515625
1 0.97890625 0.6492187499999998 0.0421875 0.13984375
1 0.97109375 0.1734375 0.0453125 0.09375
1 0.99140625 0.7984375 0.01640625 0.14609375
