1 0.08359375 0.43984375 0.1671875 0.3046875
1 0.096875 0.74296875 0.19375 0.3078125
1 0.16171875 0.41875 0.2140625 0.3
1 0.2609375 0.4171875 0.221875 0.3125
1 0.375 0.40390625 0.20625 0.2984375
1 0.2984375 0.728125 0.203125 0.30625
1 0.4 0.7171875 0.196875 0.2875
0 0.1875 0.7484375 0.2125 0.3125
0 0.47109375 0.3859375 0.2171875 0.3125
0 0.48906250000000007 0.7015625 0.20625 0.29375
1 0.575 0.3734375 0.20625 0.303125
1 0.5984375 0.69765625 0.20625 0.2953125
1 0.70234375 0.69140625 0.2140625 0.3046875
0 0.6734375 0.37578125 0.2125 0.3265625
1 0.8093749999999998 0.6796875 0.209375 0.3
1 0.77890625 0.359375 0.2203125 0.309375
1 0.8859375000000002 0.3671875 0.228125 0.325
1 0.90234375 0.65625 0.1953125 0.3
0 0.9406250000000002 0.3578125 0.11875 0.303125
1 0.9539062499999998 0.64375 0.0921875 0.2625
