1 0.021875 0.265625 0.04375 0.25625
1 0.09453125 0.22734375 0.1890625 0.2703125
1 0.25390625 0.19453125 0.2390625 0.28125
1 0.39765625 0.1546875 0.221875 0.271875
1 0.528125 0.12265625 0.196875 0.2453125
0 0.67578125 0.10703125 0.2140625 0.2140625
1 0.8078125 0.08203125 0.2 0.1640625
1 0.8203125 0.27578125 0.178125 0.21875
1 0.9125 0.24296875 0.1171875 0.2125
1 0.65625 0.3109375 0.190625 0.2359375
1 0.53828125 0.34296875 0.171875 0.209375
0 0.4124999999999999 0.37109375 0.175 0.2234375
0 0.29453125 0.4078125 0.1625 0.2171875
1 0.16875 0.44296875 0.1875 0.2140625
0 0.05078125 0.4765625 0.1015625 0.228125
1 0.10234375 0.83515625 0.0828125 0.146875
0 0.18359375 0.81171875 0.1421875 0.15625
0 0.9929687499999998 0.5781249999999999 0.0140625 0.13125
1 0.94765625 0.6015624999999999 0.1046875 0.1625
1 0.28125 0.7875 0.121875 0.1609375
1 0.840625 0.6265625 0.1640625 0.1796875
1 0.721875 0.65703125 0.1546875 0.1734375
1 0.6171875 0.6859375 0.1453125 0.1671875
0 0.5140625 0.71796875 0.1703125 0.1734375
0 0.38359375 0.7515625 0.153125 0.1796875
1 0.1765625 0.94296875 0.14375 0.1140625
0 0.2875 0.9234375 0.15625 0.153125
0 0.39453125 0.890625 0.15 0.1578125
1 0.5 0.86640625 0.1375 0.1703125
1 0.58671875 0.8421875 0.1421875 0.153125
1 0.6851562500000001 0.815625 0.1296875 0.1515625
0 0.771875 0.78125 0.1296875 0.1484375
0 0.8734375 0.75390625 0.1515625 0.15
0 0.9562500000000002 0.7296875 0.0875 0.14375
