1 0.88203125 0.10546875 0.203125 0.1515625
1 0.88515625 0.2375 0.2109375 0.1609375
1 0.8734375 0.39296875 0.2328125 0.1828125
1 0.86875 0.52578125 0.2265625 0.1671875
1 0.8640625 0.64609375 0.21875 0.14375
0 0.8546875 0.7828125 0.2265625 0.159375
1 0.8515625 0.90859375 0.2078125 0.1578125
1 0.65 0.8507812500000002 0.18125 0.134375
1 0.65 0.94921875 0.1921875 0.096875
1 0.665625 0.70078125 0.19375 0.14375
1 0.67109375 0.59296875 0.175 0.13125
0 0.6828125 0.478125 0.1859375 0.13125
0 0.68359375 0.36796875 0.1828125 0.11875
1 0.6890625 0.253125 0.175 0.1453125
0 0.69765625 0.10078125 0.1984375 0.1453125
1 0.37734375 0.05781250000000001 0.1375 0.1109375
0 0.371875 0.16328125 0.125 0.1109375
0 0.3375 0.95859375 0.121875 0.0828125
1 0.3359375 0.8796874999999998 0.134375 0.1
1 0.36484375 0.2546875 0.1359375 0.0890625
1 0.3484375 0.7703125 0.146875 0.125
1 0.35390625 0.66171875 0.140625 0.1203125
1 0.35937499999999994 0.565625 0.1359375 0.1125
0 0.36171875 0.46796875 0.1390625 0.134375
0 0.36953125 0.3484375 0.1484375 0.1171875
0 0.26171875 0.04296875 0.128125 0.06875
1 0.246875 0.1125 0.128125 0.11875
0 0.24765625 0.21953125 0.128125 0.1234375
0 0.2484375 0.32109375 0.128125 0.115625
1 0.2390625 0.415625 0.1421875 0.103125
1 0.23515625000000004 0.496875 0.1234375 0.109375
1 0.23203124999999997 0.5859374999999999 0.1234375 0.1
0 0.23671875 0.6703125 0.1203125 0.1
0 0.23125 0.76328125 0.1203125 0.1203125
0 0.22109375 0.86015625 0.115625 0.10625
1 0.22187499999999996 0.94609375 0.11875 0.09375
0 0.05234375 0.94375 0.0625 0.0765625
1 0.05 0.87578125 0.0671875 0.090625
1 0.0484375 0.79296875 0.071875 0.096875
1 0.05078125 0.71171875 0.0859375 0.0875
1 0.0515625 0.6390625 0.090625 0.0828125
1 0.0515625 0.56875 0.1015625 0.0953125
0 0.05546875 0.490625 0.0984375 0.0921875
0 0.053125 0.3984375 0.0953125 0.0984375
1 0.059375 0.32109375 0.096875 0.0828125
1 0.0546875 0.24531249999999996 0.0953125 0.103125
0 0.06796875 0.16640625 0.1078125 0.103125
0 0.0671875 0.0828125 0.103125 0.1109375
0 0.0734375 0.02890625 0.096875 0.01875
