0 0.9328125000000002 0.8171875 0.134375 0.203125
1 0.803125 0.803125 0.24375 0.309375
1 0.653125 0.79609375 0.26875 0.3890625
1 0.5375 0.76875 0.2875 0.440625
1 0.403125 0.7109375 0.275 0.375
1 0.3015625 0.70546875 0.25 0.3734375
1 0.20546875 0.65234375 0.2484375 0.3953125
1 0.13671875 0.5921875 0.2265625 0.31875
1 0.07890625 0.59296875 0.1578125 0.2859375
1 0.0421875 0.515625 0.084375 0.28125
0 0.22031249999999997 0.209375 0.1 0.13125
1 0.31328125 0.1890625 0.1265625 0.18125
1 0.4484375 0.2109375 0.1125 0.196875
0 0.38359375 0.2203125 0.1203125 0.19375
0 0.51328125 0.20859375 0.1140625 0.1796875
0 0.59921875 0.2390625 0.0953125 0.14375
1 0.6632812500000002 0.2125 0.1296875 0.1875
1 0.73828125 0.21328125 0.1078125 0.1734375
0 0.84296875 0.26328125 0.1078125 0.1609375
0 0.921875 0.26875 0.115625 0.203125
0 0.8953125 0.115625 0.078125 0.109375
0 0.82734375 0.14296875 0.0984375 0.1234375
0 0.7421875 0.1125 0.09375 0.103125
0 0.61171875 0.1203125 0.0859375 0.115625
0 0.6734375 0.1046875 0.071875 0.08125
0 0.5453125 0.1140625 0.090625 0.125
1 0.47734375 0.09921875 0.1015625 0.1234375
1 0.37734375 0.0765625 0.1140625 0.13125
1 0.315625 0.0765625 0.10625 0.10625
1 0.72421875 0.01015625 0.0734375 0.0203125
0 0.54765625 0.0125 0.0671875 0.025
1 0.496875 0.015625 0.059375 0.03125
1 0.4468750000000001 0.0125 0.059375 0.025
1 0.4015625 0.02109375 0.06875 0.0359375
