1 0.2734375 0.94765625 0.25625 0.1046875
0 0.2109375 0.8679687499999998 0.265625 0.2640625
0 0.20859375 0.73359375 0.296875 0.3328125
0 0.19453125 0.5625 0.2875 0.3453125
0 0.18828125 0.3953125 0.2828125 0.3078125
0 0.16484375 0.23515625 0.284375 0.315625
0 0.15390625 0.1125 0.2859375 0.184375
1 0.73671875 0.940625 0.253125 0.0984375
1 0.734375 0.86953125 0.2765625 0.1890625
1 0.7500000000000001 0.7390625 0.275 0.1921875
1 0.71796875 0.609375 0.278125 0.2109375
0 0.72421875 0.48046875 0.275 0.2171875
1 0.7234375 0.35546875 0.30625 0.2265625
1 0.72890625 0.23984375 0.328125 0.2203125
1 0.7179687500000002 0.103125 0.2984375 0.20625
