1 0.12109375 0.08984375 0.1296875 0.1796875
1 0.24375 0.1 0.1875 0.2
1 0.4125 0.125 0.2125 0.25
1 0.559375 0.14453125 0.19375 0.2578125
1 0.69375 0.1671875 0.16875 0.25
0 0.84296875 0.19921875 0.1859375 0.25625
1 0.9453125 0.22109375 0.109375 0.2390625
1 0.8859375 0.43828125000000007 0.15625 0.20625
1 0.96875 0.44921875 0.0625 0.2109375
1 0.7234375 0.3984375 0.1671875 0.2234375
1 0.60390625 0.37578125 0.1515625 0.1984375
0 0.4781250000000001 0.3453125 0.153125 0.2125
0 0.35546875 0.3265625 0.140625 0.209375
1 0.22734375 0.303125 0.1671875 0.2015625
0 0.0828125 0.271875 0.1296875 0.2203125
1 0.0140625 0.62734375 0.028125 0.1453125
0 0.07890625 0.64140625 0.128125 0.1453125
0 0.93515625 0.79921875 0.053125 0.1296875
1 0.8703125 0.79453125 0.115625 0.153125
1 0.17734375 0.6625 0.1046875 0.1546875
1 0.7507812499999998 0.7625 0.146875 0.1671875
1 0.63046875 0.73828125 0.1390625 0.1625
1 0.52421875 0.71875 0.1296875 0.15625
0 0.4171875 0.70234375 0.1546875 0.159375
0 0.28515625 0.675 0.1359375 0.16875
1 0.03515625 0.77421875 0.0703125 0.1453125
0 0.12265625 0.790625 0.1421875 0.146875
0 0.234375 0.8054687499999998 0.1359375 0.146875
1 0.3390625 0.8296875 0.1203125 0.1625
1 0.4281249999999999 0.8453125 0.128125 0.1421875
1 0.52734375 0.86484375 0.115625 0.1421875
0 0.6210937499999999 0.8718749999999998 0.115625 0.1390625
0 0.72421875 0.8921875 0.1390625 0.1375
0 0.83046875 0.91796875 0.121875 0.134375
1 0.9046875 0.928125 0.0640625 0.125
