0 0.91640625 0.6578125 0.1640625 0.24375
1 0.88671875 0.88828125 0.1453125 0.2234375
0 0.7976562499999998 0.6789062500000002 0.1703125 0.2515625
1 0.77421875 0.8914062499999998 0.1921875 0.2171875
1 0.68515625 0.6796874999999999 0.1734375 0.25625
1 0.58046875 0.6914062499999999 0.1859375 0.2640625
1 0.6484375 0.8953124999999998 0.178125 0.209375
1 0.52734375 0.8976562500000002 0.1796875 0.2046875
0 0.49140625 0.70625 0.1796875 0.265625
1 0.4351562500000001 0.896875 0.1765625 0.20625
0 0.35703125 0.89375 0.1828125 0.2
0 0.2703125 0.88671875 0.184375 0.1859375
1 0.41640625 0.70234375 0.1734375 0.2328125
1 0.340625 0.7171875 0.153125 0.215625
1 0.259375 0.7328125 0.153125 0.2125
0 0.20546875 0.72109375 0.1453125 0.1765625
1 0.17578125 0.87109375 0.1984375 0.1921875
1 0.103125 0.8874999999999998 0.165625 0.13125
1 0.14765625 0.7296875 0.1640625 0.20625
1 0.07265625 0.7492187500000002 0.1390625 0.1890625
1 0.9296875 0.35703125 0.140625 0.1828125
1 0.8328125 0.36875 0.134375 0.165625
1 0.746875 0.39140625 0.134375 0.1546875
0 0.88125 0.2484375 0.225 0.146875
0 0.690625 0.2921875 0.19375 0.140625
0 0.5890625 0.4234375 0.115625 0.146875
1 0.665625 0.3875 0.121875 0.1625
1 0.52734375 0.4375 0.1234375 0.15625
1 0.4578125 0.44921875 0.115625 0.1546875
0 0.52890625 0.346875 0.1578125 0.109375
0 0.40156249999999993 0.378125 0.1375 0.09375
0 0.39921875 0.475 0.1078125 0.146875
1 0.3453125 0.47578125 0.115625 0.1484375
0 0.29375 0.490625 0.109375 0.1375
1 0.24375 0.4984375 0.128125 0.153125
0 0.2578125 0.41796875 0.15625 0.1171875
0 0.19296875 0.5125 0.1390625 0.171875
0 0.15546875 0.52109375 0.1359375 0.1578125
1 0.93828125 0.10859375 0.1140625 0.1046875
0 0.86171875 0.11953125 0.1109375 0.1296875
0 0.79140625 0.14921875 0.1171875 0.1359375
1 0.721875 0.16640625 0.10625 0.1359375
0 0.553125 0.22265625 0.096875 0.1109375
0 0.50546875 0.23359375 0.0984375 0.1203125
0 0.4546875 0.24921875 0.0875 0.0984375
0 0.40546875 0.271875 0.0890625 0.103125
0 0.365625 0.28125 0.096875 0.115625
