1 0.11953125 0.82578125 0.2390625 0.1734375
0 0.11875 0.72734375 0.2375 0.3203125
0 0.15625 0.59453125 0.3125 0.3734375
0 0.1953125 0.4328125 0.340625 0.3828125
0 0.2578125 0.27734375 0.3296875 0.3484375
0 0.3015625 0.14921875 0.33125 0.2984375
0 0.34140625 0.06015625 0.3046875 0.1203125
1 0.53671875 0.9625 0.2578125 0.075
1 0.56328125 0.9070312499999998 0.2984375 0.1859375
1 0.63125 0.8203125 0.2984375 0.2375
1 0.6546875 0.6882812499999998 0.3046875 0.25625
0 0.7125 0.5734375 0.303125 0.2625
1 0.76328125 0.45859375 0.334375 0.2765625
1 0.81484375 0.3546875 0.353125 0.275
1 0.8507812500000002 0.21484375 0.2984375 0.2796875
