1 0.42109375 0.8296875000000001 0.3140625 0.25234375
1 0.32265625 0.55 0.26875 0.22265625
1 0.8820312500000002 0.5875 0.228125 0.215625
0 0.92109375 0.3859375 0.146875 0.134375
0 0.896875 0.3125 0.17265625 0.13359375
0 0.53203125 0.04921875 0.15234375 0.096875
1 0.37734375 0.68828125 0.2859375 0.221875
0 0.78046875 0.1515625 0.14765625 0.1140625
0 0.8171874999999998 0.20625 0.1546875 0.11875
0 0.74453125 0.103125 0.15234375 0.1171875
1 0.9140625 0.6804687499999998 0.1640625 0.26015625
1 0.80078125 0.484375 0.21484375 0.18828125
0 0.7546875 0.42578125 0.2078125 0.17578125
1 0.65390625 0.22734375 0.18984375 0.15859375
1 0.71796875 0.3390625 0.203125 0.16953125
0 0.56484375 0.08359375 0.14921875 0.1265625
0 0.7015625 0.05390625000000001 0.1421875 0.10703125
1 0.2484375 0.3078125 0.2140625 0.171875
1 0.46640625 0.9125 0.3359375 0.1671875
0 0.5890625 0.1328125 0.1578125 0.134375
0 0.9562500000000002 0.4515625 0.0875 0.1265625
1 0.3015625 0.421875 0.2359375 0.18984375
0 0.61015625 0.184375 0.15390625 0.12421875
1 0.2046875 0.10703125 0.17265625 0.11015625
0 0.66875 0.296875 0.18828125 0.13984375
1 0.1796875 0.0609375 0.18046875 0.08515625
1 0.225 0.16015625 0.18828125 0.14140625
1 0.22421875 0.22734375 0.20234375 0.14765625
0 0.93828125 0.0234375 0.0671875 0.04609375
0 0.6765625 0.028125 0.14296875 0.05546875
