0 0.09296875 0.946875 0.1859375 0.05625
1 0.2546875 0.89609375 0.215625 0.1859375
1 0.39375 0.8562499999999998 0.2375 0.2875
1 0.496875 0.8140625 0.2625 0.371875
1 0.60859375 0.75390625 0.2578125 0.3703125
1 0.70546875 0.72109375 0.2296875 0.3703125
1 0.7828125 0.64296875 0.228125 0.3921875
1 0.83203125 0.565625 0.2109375 0.315625
1 0.90859375 0.54765625 0.1765625 0.2796875
1 0.9328125000000002 0.45703125 0.134375 0.2953125
0 0.6453125 0.21953125 0.09375 0.1296875
1 0.55078125 0.225 0.1171875 0.18125
1 0.42734375 0.2828125 0.1015625 0.196875
0 0.490625 0.27421875 0.109375 0.1921875
0 0.3625 0.29921875 0.10625 0.1796875
0 0.290625 0.35390625 0.0875 0.1421875
1 0.22109375 0.34453125 0.1203125 0.1859375
1 0.146875 0.365625 0.1 0.171875
0 0.05937499999999999 0.4437499999999999 0.1 0.159375
0 0.01953125 0.4734375 0.0390625 0.2
0 0.05 0.325 0.08125 0.11875
0 0.115625 0.26953125 0.090625 0.1015625
0 0.24375 0.24296875 0.08125 0.1140625
0 0.18046875 0.24375 0.0671875 0.078125
0 0.30625 0.21796875 0.084375 0.1234375
1 0.36796875 0.18515625 0.0953125 0.1203125
1 0.45859375 0.134375 0.1078125 0.128125
1 0.5171875 0.1171875 0.103125 0.103125
1 0.04921875 0.1328125 0.0453125 0.109375
1 0.0953125 0.125 0.071875 0.10625
0 0.14609375 0.11875 0.0578125 0.071875
0 0.18671875 0.10625 0.0546875 0.0625
1 0.22578125 0.08828125 0.0578125 0.0765625
0 0.271875 0.08515625 0.065625 0.0828125
1 0.3226562499999999 0.065625 0.0640625 0.10625
1 0.371875 0.06015625 0.065625 0.0828125
1 0.41953125 0.0484375 0.0796875 0.096875
