1 0.91328125 0.93203125 0.0890625 0.1359375
1 0.8054687499999998 0.9289062500000002 0.1703125 0.1421875
1 0.63671875 0.915625 0.1953125 0.16875
1 0.49375 0.9125 0.178125 0.175
1 0.3640625 0.909375 0.153125 0.171875
0 0.21640625 0.8914062499999998 0.1671875 0.1703125
1 0.08046875 0.8859375 0.1609375 0.146875
1 0.14140625 0.70625 0.1484375 0.2
1 0.04453125 0.70625 0.0890625 0.2125
1 0.303125 0.72734375 0.159375 0.2140625
1 0.42109374999999993 0.734375 0.1453125 0.190625
0 0.54765625 0.75 0.1453125 0.203125
0 0.66640625 0.7515625 0.1328125 0.2
1 0.790625 0.7609375 0.159375 0.19375
0 0.928125 0.7703125 0.109375 0.2125
1 0.97265625 0.42109375 0.0546875 0.1421875
0 0.89453125 0.41718749999999993 0.1234375 0.1375
0 0.0421875 0.365625 0.071875 0.134375
1 0.11640625 0.3640625 0.1109375 0.146875
1 0.7953125 0.40703125 0.1 0.1484375
1 0.23359375 0.3796875 0.1390625 0.159375
1 0.3515625 0.38828125 0.134375 0.1546875
1 0.4578125 0.3953125 0.125 0.15
0 0.56171875 0.3984375 0.1484375 0.153125
0 0.6921875 0.409375 0.13125 0.1625
0 0.99453125 0.29609375 0.0109375 0.1328125
1 0.9421874999999998 0.2796875 0.115625 0.140625
0 0.83515625 0.2796875 0.1359375 0.140625
0 0.72578125 0.27890625 0.1296875 0.1390625
1 0.62265625 0.2671875 0.1140625 0.15625
1 0.534375 0.2609375 0.121875 0.1375
1 0.43671875 0.25546875 0.1109375 0.1359375
0 0.3453125 0.259375 0.109375 0.13125
0 0.24296875 0.253125 0.1328125 0.13125
0 0.13984375 0.23984375 0.1171875 0.1296875
1 0.05859375 0.240625 0.0734375 0.125
0 0.0703125 0.04453125 0.046875 0.0890625
1 0.125 0.04453125 0.103125 0.0890625
1 0.2140625 0.0453125 0.10625 0.090625
1 0.30234375 0.05078125 0.0953125 0.1015625
1 0.38125 0.05234375 0.090625 0.1046875
1 0.459375 0.0578125 0.10625 0.115625
0 0.54609375 0.06484375 0.1015625 0.1078125
0 0.64453125 0.06484375 0.1078125 0.1046875
1 0.72890625 0.0734375 0.0921875 0.10625
1 0.809375 0.07578125 0.1125 0.0921875
0 0.8953125 0.09296875 0.1125 0.1046875
0 0.96328125 0.096875 0.0734375 0.09375
