1 0.9625 0.23046875 0.075 0.1546875
1 0.92109375 0.20390625 0.1546875 0.14375
1 0.83359375 0.18046875 0.1734375 0.1546875
0 0.7265625 0.15703125 0.184375 0.13125
0 0.659375 0.13203125 0.18125 0.140625
1 0.565625 0.1015625 0.2109375 0.140625
1 0.46640625 0.06328125 0.2015625 0.1265625
1 0.33984375 0.0484375 0.1984375 0.096875
1 0.2296875 0.028125 0.21875 0.05625
1 0.15078125 0.271875 0.2078125 0.1796875
0 0.084375 0.415625 0.16875 0.19375
1 0.21484375 0.4273437500000001 0.1890625 0.1609375
1 0.29921875 0.29375 0.1890625 0.1890625
1 0.32421875 0.45625 0.165625 0.1515625
1 0.4375 0.46484375 0.16875 0.171875
1 0.42265625 0.32734375 0.1609375 0.165625
1 0.5328125 0.35546875 0.15625 0.1609375
0 0.53125 0.4796875 0.1953125 0.1859375
1 0.621875 0.36484375 0.1796875 0.16875
1 0.6203125 0.51015625 0.1484375 0.159375
1 0.70390625 0.51171875 0.1546875 0.1546875
0 0.7093749999999999 0.37890625 0.159375 0.1734375
1 0.8 0.5203125 0.1359375 0.1375
1 0.7953125 0.3859375 0.1375 0.1609375
1 0.86484375 0.415625 0.115625 0.1484375
1 0.94140625 0.42578125 0.1171875 0.1453125
0 0.8796875 0.53359375 0.128125 0.140625
0 0.93203125 0.54140625 0.134375 0.1203125
1 0.01484375 0.8093749999999998 0.0296875 0.178125
1 0.053125 0.6734375 0.10625 0.1875
1 0.071875 0.81953125 0.14375 0.1859375
1 0.17734375 0.81796875 0.1625 0.140625
0 0.1546875 0.6890625 0.1515625 0.175
0 0.29140625 0.81015625 0.190625 0.1734375
0 0.24921875 0.69453125 0.2125 0.178125
0 0.38671875 0.8195312500000002 0.1953125 0.18125
0 0.33515625 0.690625 0.2015625 0.159375
0 0.44609375 0.7046875 0.203125 0.165625
1 0.49609375 0.828125 0.1515625 0.1671875
1 0.54609375 0.69453125 0.1625 0.1484375
1 0.5875 0.8171875 0.11875 0.1375
1 0.646875 0.70703125 0.134375 0.140625
0 0.66328125 0.82734375 0.1359375 0.1359375
0 0.715625 0.7101562500000002 0.134375 0.153125
0 0.73359375 0.82109375 0.1390625 0.1484375
0 0.796875 0.71796875 0.1296875 0.1515625
0 0.80546875 0.8296875 0.1375 0.146875
1 0.88046875 0.721875 0.1296875 0.13125
1 0.87890625 0.82890625 0.11875 0.1328125
1 0.928125 0.72578125 0.0875 0.1234375
0 0.91484375 0.834375 0.0640625 0.128125
0 0.42734375 0.978125 0.1390625 0.04375
0 0.509375 0.98046875 0.134375 0.0390625
0 0.5953125 0.978125 0.13125 0.04375
0 0.6671875 0.9703125 0.125 0.059375
1 0.74921875 0.9679687500000002 0.1171875 0.0640625
1 0.82421875 0.96484375 0.1171875 0.0703125
0 0.86875 0.9609375 0.084375 0.078125
