1 0.3890625 0.82578125 0.42734375 0.3484375
1 0.521875 0.53984375 0.390625 0.41796875
1 0.25703125 0.43984375 0.33515625 0.35
1 0.9109375 0.2953125 0.13828125 0.20390625
1 0.4453125 0.34296875 0.3609375 0.390625
1 0.40078125 0.1625 0.3203125 0.325
1 0.215625 0.26015625 0.29453125 0.32578125
1 0.62109375 0.790625 0.37890625 0.39609375
1 0.31171875 0.653125 0.39765625 0.41328125
1 0.80078125 0.065625 0.2078125 0.13125
1 0.16328125 0.14375 0.25234375 0.209375
1 0.690625 0.89375 0.25703125 0.1984375
1 0.34921875 0.07421875 0.2390625 0.14765625
1 0.85546875 0.15625 0.17578125 0.18046875
1 0.9671875 0.4453125 0.06484375 0.2109375
1 0.4578125 0.95859375 0.309375 0.07109375
1 0.75546875 0.01171875 0.20703125 0.0234375
