0 0.53671875 0.3515625 0.15390625 0.15234375
0 0.4015625 0.36640625 0.14765625 0.17578125
1 0.2515625 0.36640625 0.153125 0.16953125
0 0.3890625 0.18984375 0.10546875 0.09765625
0 0.40625 0.5640625 0.1890625 0.26328125
0 0.4859375000000001 0.184375 0.11015625 0.08828125
0 0.5984375 0.56171875 0.2125 0.2921875
1 0.12578125 0.36640625 0.11875 0.16171875
0 0.30078125 0.19765625 0.10234375 0.090625
1 0.2203125 0.5734375 0.2 0.29140625
1 0.20625 0.2 0.09921875 0.0921875
1 0.6796875 0.3390625 0.16640625 0.146875
1 0.071875 0.60390625 0.14296875 0.28828125
1 0.5820312499999999 0.16328125 0.10390625 0.10546875
1 0.75390625 0.515625 0.1953125 0.26640625
1 0.0359375 0.3546875 0.071875 0.14296875
