1 0.4609375 0.9046875 0.2625 0.190625
1 0.69609375 0.92578125 0.2546875 0.1484375
1 0.49375 0.8078125 0.334375 0.384375
1 0.709375 0.7921875 0.38125 0.415625
1 0.48203125 0.54921875 0.3265625 0.3578125
1 0.6921875 0.57265625 0.346875 0.3640625
1 0.48125 0.35546875 0.3125 0.3484375
1 0.66953125 0.38203125 0.2890625 0.2984375
1 0.6546875 0.21953125 0.25 0.2734375
1 0.46953125 0.19453125 0.2703125 0.2828125
1 0.4664062500000001 0.0859375 0.2234375 0.171875
1 0.6421875 0.09921874999999998 0.228125 0.1921875
1 0.140625 0.0453125 0.134375 0.090625
1 0.12421875 0.121875 0.1359375 0.125
1 0.109375 0.228125 0.15 0.15
1 0.0890625 0.34140625 0.153125 0.1484375
1 0.0671875 0.46796874999999993 0.134375 0.1921875
1 0.053125 0.60703125 0.10625 0.1953125
1 0.9601562500000002 0.2625 0.0796875 0.259375
1 0.9445312500000002 0.1546875 0.1109375 0.165625
1 0.9289062500000002 0.090625 0.1421875 0.059375
