1 0.90625 0.815625 0.1875 0.215625
1 0.865625 0.64296875 0.26875 0.3015625
1 0.815625 0.41875 0.353125 0.315625
0 0.73046875 0.215625 0.3359375 0.2875
1 0.6578125 0.08671875 0.321875 0.1734375
1 0.46328125 0.84765625 0.3234375 0.3046875
0 0.38984375 0.62890625 0.3140625 0.3265625
1 0.29765625 0.40390625 0.3078125 0.3078125
1 0.21015625 0.17109375 0.2953125 0.2671875
0 0.51875 0.9679687500000002 0.259375 0.0640625
1 0.19140625 0.9210937500000002 0.2109375 0.1578125
1 0.11015625 0.73203125 0.1828125 0.2515625
1 0.07265625 0.51328125 0.1453125 0.2484375
1 0.0171875 0.2984375 0.034375 0.203125
