1 0.01484375 0.53125 0.0296875 0.15
1 0.05078125 0.39609375 0.0953125 0.1265625
1 0.1296875 0.25546875 0.084375 0.1234375
1 0.28828125 0.18828125 0.1015625 0.1109375
1 0.24687500000000004 0.22578125 0.1 0.0921875
1 0.215625 0.28203125 0.103125 0.1265625
1 0.18359375 0.35703125 0.1140625 0.1703125
1 0.15625 0.42499999999999993 0.121875 0.16875
1 0.1046875 0.5171875 0.128125 0.18125
1 0.059375 0.6203125 0.11875 0.234375
1 0.040625 0.709375 0.08125 0.25
1 0.23515625 0.8921875 0.1703125 0.15625
1 0.2625 0.76796875 0.203125 0.1953125
1 0.309375 0.65390625 0.153125 0.1578125
1 0.31796875 0.57421875 0.1484375 0.1484375
1 0.33984374999999994 0.4921875 0.1359375 0.128125
1 0.3703125 0.41796875 0.11875 0.1046875
1 0.38125 0.3578125 0.109375 0.09375
1 0.41015625 0.28984375 0.1015625 0.0859375
1 0.41875 0.2375 0.109375 0.078125
1 0.3921875 0.9546875 0.16875 0.0875
1 0.4007812499999999 0.8703125 0.1515625 0.115625
1 0.421875 0.778125 0.153125 0.10625
1 0.43671875 0.69140625 0.1484375 0.1046875
1 0.44765625 0.61796875 0.1390625 0.0984375
1 0.4625 0.540625 0.13125 0.090625
1 0.46796875 0.48046875 0.1234375 0.0859375
1 0.4859375 0.4171875 0.125 0.071875
0 0.490625 0.38359375 0.109375 0.0609375
1 0.68828125 0.946875 0.1703125 0.103125
1 0.6921875 0.85703125 0.153125 0.1109375
1 0.70078125 0.775 0.1484375 0.109375
1 0.6960937499999998 0.68828125 0.1359375 0.0984375
1 0.6984375 0.61484375 0.125 0.0828125
1 0.7007812500000001 0.55546875 0.1296875 0.0703125
1 0.70859375 0.49921875 0.1171875 0.0796875
1 0.715625 0.4421875 0.109375 0.075
1 0.70703125 0.39375 0.1015625 0.06875
1 0.709375 0.346875 0.10625 0.0625
1 0.7125 0.30234375 0.1 0.0609375
1 0.8453125 0.9695312499999998 0.15625 0.0609375
1 0.8453125 0.89375 0.15625 0.10625
0 0.83125 0.81171875 0.1375 0.0828125
1 0.82578125 0.728125 0.1109375 0.090625
1 0.8140625 0.6515625 0.121875 0.075
1 0.81328125 0.5890625 0.1140625 0.075
1 0.8140625 0.528125 0.109375 0.075
1 0.81171875 0.4640625 0.0984375 0.059375
1 0.81015625 0.4171875 0.0953125 0.059375
1 0.80625 0.371875 0.096875 0.059375
1 0.81015625 0.321875 0.0890625 0.0625
1 0.9601562500000002 0.3796875 0.0796875 0.0625
1 0.96484375 0.4296875 0.0703125 0.065625
1 0.9718750000000002 0.4703125 0.05625 0.071875
1 0.9757812500000002 0.51796875 0.0484375 0.0734375
