1 0.8515625 0.86484375 0.296875 0.2671875
1 0.4796875 0.2953125 0.1953125 0.178125
1 0.44140625 0.2421875 0.1703125 0.14609375
1 0.659375 0.60390625 0.2203125 0.24609375
0 0.903125 0.5453125 0.18515625 0.14921875
1 0.6546875 0.20390625 0.140625 0.09921875
1 0.40234375 0.19453125 0.1546875 0.12734375
1 0.746875 0.7265624999999999 0.2765625 0.2875
1 0.60078125 0.47890625 0.21015625 0.2078125
1 0.534375 0.371875 0.20078125 0.18359375
0 0.7578125 0.33515625 0.16171875 0.10703125
1 0.0703125 0.79296875 0.13125 0.16484375
0 0.6945312500000002 0.27265625 0.14921875 0.10859375
1 0.3546875 0.1140625 0.15078125 0.1
1 0.04296875 0.4109375 0.0859375 0.09453125
1 0.375 0.153125 0.15234375 0.1078125
0 0.83828125 0.44453125 0.20703125 0.1359375
1 0.05703125 0.65859375 0.1125 0.12734375
0 0.48515625 0.06796875 0.10625 0.0609375
1 0.6 0.1640625 0.12734375 0.0875
1 0.31484375 0.04921875 0.1328125 0.0875
1 0.3328125 0.0828125 0.1375 0.0875
0 0.928125 0.1171875 0.10546875 0.071875
1 0.04921875 0.5234375 0.09765625 0.13203125
1 0.83515625 0.05078125 0.11171875 0.06796875
1 0.5578125 0.1265625 0.1125 0.078125
0 0.51953125 0.10078125 0.10625 0.06796875
1 0.0859375 0.9296875 0.13671875 0.1328125
1 0.88359375 0.08203125 0.10234375 0.07734375
0 0.9382812499999998 0.028125 0.084375 0.05625
0 0.78125 0.025 0.10078125 0.0484375
1 0.2890625 0.03203125 0.11796875 0.05625
0 0.4554687499999999 0.03671875 0.12421875 0.0640625
1 0.0328125 0.22421875 0.065625 0.0703125
0 0.9578125 0.1546875 0.0640625 0.07109375
1 0.03828125 0.3265625 0.0765625 0.07734375
1 0.03125 0.1671875 0.0625 0.059375
0 0.9625 0.06484375 0.04453125 0.053125
1 0.9523437500000002 0.63515625 0.08359375 0.18359375
1 0.02265625 0.05703125 0.0453125 0.05859375
0 0.4296875 0.021875 0.1078125 0.04375
0 0.7453125 0.01171875 0.09375 0.0234375
1 0.0328125 0.2671875 0.06484375 0.0703125
1 0.0234375 0.1125 0.046875 0.05
1 0.025 0.13671875 0.05 0.0484375
0 0.9125 0.01328125 0.09921875 0.0265625
