0 0.0453125 0.66796875 0.090625 0.3734375
1 0.096875 0.684375 0.19375 0.3875
1 0.1921875 0.71640625 0.19375 0.3640625
1 0.28671875 0.74140625 0.1921875 0.4015625
0 0.37421875 0.771875 0.1765625 0.365625
0 0.4671875 0.80546875 0.1875 0.3859375
0 0.55546875 0.8203125 0.1796875 0.359375
0 0.65390625 0.82421875 0.1890625 0.3515625
0 0.7390625 0.8367187499999998 0.1875 0.3265625
1 0.83515625 0.8390625000000002 0.2015625 0.321875
0 0.29375 0.1828125 0.153125 0.253125
0 0.36796875 0.2046875 0.1265625 0.259375
0 0.43984375 0.2109375 0.1265625 0.240625
1 0.50859375 0.24609375 0.1296875 0.2515625
1 0.56875 0.2703125 0.1375 0.25625
1 0.646875 0.2765625 0.13125 0.240625
1 0.71171875 0.3 0.1453125 0.28125
0 0.7765625 0.325 0.146875 0.253125
1 0.8578125 0.3390625 0.153125 0.278125
0 0.359375 0.03671875 0.09375 0.0734375
1 0.41953125 0.05234375 0.1015625 0.1046875
1 0.4859375 0.059375 0.103125 0.11875
1 0.5515625 0.06640625 0.1 0.1328125
0 0.6054687500000001 0.084375 0.0953125 0.153125
1 0.6765625 0.09921875 0.09375 0.1453125
1 0.73203125 0.11328125 0.0921875 0.1421875
0 0.7984375 0.128125 0.103125 0.140625
0 0.8546875 0.1421875 0.1125 0.140625
