1 0.25234375 0.56171875 0.11171875 0.21484375
1 0.55234375 0.4867187499999999 0.11953125 0.19453125
0 0.4546875 0.5265625 0.11875 0.1765625
1 0.0484375 0.61328125 0.096875 0.19609375
0 0.35546875 0.54765625 0.12265625 0.18671875
0 0.73828125 0.453125 0.125 0.19140625
1 0.928125 0.89375 0.11484375 0.21171875
1 0.35703125 0.234375 0.09765625 0.128125
0 0.43203125 0.209375 0.0875 0.103125
1 0.51796875 0.19296875 0.09375 0.11796875
1 0.66484375 0.153125 0.09296875 0.1265625
1 0.83203125 0.909375 0.1421875 0.17265625
0 0.64296875 0.47734375 0.12421875 0.18046875
0 0.58203125 0.18359375 0.09296875 0.11484375
1 0.74375 0.14609375 0.090625 0.134375
0 0.28046875 0.2484375 0.090625 0.09296875
0 0.821875 0.43046875 0.125 0.2046875
1 0.91484375 0.41015625 0.128125 0.20390625
0 0.1453125 0.5875 0.1140625 0.178125
0 0.6984375 0.9390625 0.15 0.121875
1 0.95078125 0.1046875 0.0984375 0.13125
0 0.8757812499999998 0.11796875 0.0921875 0.1140625
1 0.8046875 0.13125 0.0890625 0.1265625
0 0.10859375 0.28984375 0.096875 0.09453125
0 0.19609375 0.265625 0.08828125 0.07890625
0 0.56875 0.95859375 0.14375 0.0828125
1 0.9734374999999998 0.37734375 0.053125 0.1828125
0 0.03671875 0.31171875 0.0625 0.11328125
1 0.446875 0.9765625 0.13125 0.046875
