0 0.2078125 0.06328125 0.16875 0.1265625
0 0.11953125 0.05859375 0.0921875 0.1171875
1 0.11015625 0.159375 0.1171875 0.140625
0 0.21171875 0.15859375 0.1578125 0.1421875
0 0.1 0.26015625 0.1375 0.1421875
0 0.20625 0.25625 0.171875 0.15
1 0.08828125 0.35703125 0.1484375 0.1328125
0 0.20703125 0.365625 0.1671875 0.153125
0 0.08359375 0.4671875 0.1546875 0.134375
0 0.209375 0.46875 0.171875 0.1625
1 0.08984375 0.57890625 0.1640625 0.1578125
0 0.2109375 0.57734375 0.1625 0.1515625
0 0.08671875 0.6812500000000001 0.1640625 0.153125
1 0.209375 0.6796875 0.153125 0.140625
1 0.08359374999999998 0.78515625 0.1609375 0.1484375
1 0.20703125 0.7882812500000002 0.1609375 0.1578125
0 0.0953125 0.884375 0.159375 0.109375
0 0.21484375 0.890625 0.1734375 0.146875
1 0.61640625 0.91171875 0.1859375 0.1765625
1 0.49453125 0.9109374999999998 0.1765625 0.178125
1 0.6140625 0.78984375 0.165625 0.1421875
0 0.49296875 0.79453125 0.1546875 0.1421875
0 0.6140625 0.6828125 0.1625 0.14375
1 0.49140624999999993 0.68359375 0.1609375 0.1484375
1 0.6125 0.57890625 0.1625 0.1515625
0 0.49609375 0.57265625 0.1609375 0.1578125
1 0.6140625 0.465625 0.1625 0.146875
1 0.496875 0.46015625 0.146875 0.1265625
1 0.61015625 0.36484375 0.1578125 0.1421875
1 0.49453125 0.35859375 0.1578125 0.1390625
0 0.61484375 0.25078125 0.1609375 0.1421875
1 0.49296875 0.24921875 0.1578125 0.1390625
0 0.61328125 0.1515625 0.1640625 0.146875
0 0.49453125 0.14921875 0.1609375 0.1546875
0 0.6125 0.05234375 0.15625 0.1046875
0 0.48828125 0.0515625 0.1546875 0.103125
0 0.8679687499999998 0.090625 0.1546875 0.075
0 0.96328125 0.15234375 0.0734375 0.1359375
0 0.88046875 0.15625 0.1515625 0.13125
0 0.9640625000000002 0.25859375 0.071875 0.1390625
0 0.8796875 0.25625 0.16875 0.159375
0 0.9617187499999998 0.35546875 0.0765625 0.1484375
0 0.8820312500000002 0.36718749999999994 0.1734375 0.159375
1 0.96484375 0.46171875 0.0703125 0.1328125
0 0.884375 0.46406249999999993 0.171875 0.153125
0 0.9656249999999998 0.5640625 0.06875 0.13125
1 0.88671875 0.5703125 0.1703125 0.1625
0 0.88515625 0.69140625 0.1609375 0.1515625
1 0.88046875 0.7859374999999998 0.1578125 0.146875
1 0.8703125000000002 0.8953125 0.134375 0.14375
