0 0.1203125 0.50234375 0.18125 0.2421875
1 0.109375 0.8156250000000002 0.21875 0.290625
1 0.2921875 0.8421875 0.16875 0.278125
0 0.275 0.55546875 0.15 0.3046875
1 0.440625 0.86875 0.165625 0.2625
1 0.4125 0.5609375 0.1375 0.265625
1 0.5375 0.590625 0.115625 0.25
0 0.61171875 0.86953125 0.1859375 0.2609375
0 0.6390625 0.6234375 0.1375 0.25
1 0.721875 0.8765625 0.18125 0.246875
1 0.7390625 0.63359375 0.140625 0.2578125
1 0.853125 0.6375 0.134375 0.25625
1 0.9390625 0.65625 0.121875 0.246875
0 0.8328125 0.8828125 0.175 0.234375
0 0.89453125 0.86953125 0.1640625 0.2609375
1 0.1296875 0.1578125 0.13125 0.23125
1 0.25859375 0.1890625 0.1484375 0.225
1 0.3625 0.2203125 0.13125 0.190625
1 0.459375 0.2421875 0.125 0.190625
0 0.553125 0.2734375 0.115625 0.16875
1 0.6375 0.28515625 0.121875 0.1765625
1 0.7234374999999998 0.315625 0.1 0.175
0 0.7890625 0.340625 0.103125 0.175
1 0.8578125 0.35625 0.121875 0.1625
0 0.921875 0.3609375000000001 0.1125 0.153125
1 0.9640625000000002 0.378125 0.071875 0.14375
0 0.2015625 0.0484375 0.25625 0.096875
0 0.4421875 0.11875 0.23125 0.14375
0 0.6375 0.1828125 0.16875 0.090625
0 0.8 0.2359375 0.153125 0.05625
0 0.61875 0.04609375 0.0875 0.0921875
0 0.678125 0.0671875 0.103125 0.121875
0 0.7414062500000002 0.0828125 0.1109375 0.1375
0 0.7984375 0.1 0.103125 0.1375
0 0.9343749999999998 0.28046875 0.13125 0.0859375
0 0.8546875 0.1140625 0.1125 0.14375
