0 0.14140625 0.89609375 0.1671875 0.2078125
0 0.2828125 0.9765625 0.15 0.046875
0 0.43281249999999993 0.9625 0.153125 0.075
0 0.57265625 0.9523437500000002 0.1703125 0.0953125
0 0.72578125 0.9250000000000002 0.15625 0.103125
0 0.86328125 0.90078125 0.1703125 0.096875
0 0.95859375 0.86796875 0.0828125 0.1015625
0 0.98046875 0.7726562500000002 0.0390625 0.1734375
0 0.9070312499999998 0.775 0.1859375 0.20625
0 0.79609375 0.803125 0.2015625 0.2234375
0 0.6703125 0.82265625 0.1859375 0.221875
0 0.5421875 0.8406249999999998 0.2078125 0.225
1 0.4125 0.8515625 0.1859375 0.2328125
1 0.2765625 0.8640624999999998 0.1703125 0.2171875
1 0.0578125 0.66015625 0.090625 0.1265625
1 0.14296875 0.64296875 0.1203125 0.1328125
1 0.25078125 0.628125 0.1234375 0.125
1 0.36640625 0.60703125 0.115625 0.1328125
1 0.46953125 0.59453125 0.11875 0.128125
1 0.56875 0.57890625 0.1359375 0.1390625
1 0.67265625 0.56640625 0.1328125 0.1375
1 0.77890625 0.5484375 0.1328125 0.14375
1 0.875 0.5234375 0.1359375 0.1359375
1 0.9609375 0.50703125 0.078125 0.1203125
0 0.96875 0.41484375 0.0625 0.1234375
0 0.9015625 0.42734375 0.1390625 0.13125
0 0.8078125 0.4328125 0.128125 0.1171875
0 0.7171875 0.44609375 0.1265625 0.1140625
1 0.61640625 0.446875 0.1078125 0.1203125
0 0.52421875 0.4734375 0.1109375 0.115625
1 0.43359375 0.47109375 0.1234375 0.134375
1 0.3382812499999999 0.50703125 0.1359375 0.128125
0 0.23984375 0.53359375 0.1109375 0.115625
0 0.15 0.55234375 0.1265625 0.1265625
0 0.0578125 0.56328125 0.115625 0.1296875
0 0.01796875 0.42890625 0.0359375 0.0859375
0 0.06875 0.4125 0.1 0.09375
0 0.15546875 0.40859375 0.103125 0.0953125
0 0.23046875 0.39375 0.0984375 0.0828125
0 0.3109375 0.37421875 0.121875 0.0984375
0 0.3984375 0.3640625 0.0984375 0.0859375
0 0.48125 0.3460937499999999 0.090625 0.0796875
0 0.55546875 0.33671875 0.1078125 0.0875
0 0.6375 0.3234375 0.1140625 0.0875
0 0.71484375 0.309375 0.09375 0.0828125
0 0.79921875 0.29765625 0.115625 0.1
0 0.87578125 0.2859375 0.1109375 0.090625
0 0.93203125 0.2765625 0.0734375 0.0703125
0 0.90078125 0.2203125 0.1109375 0.08125
0 0.8296875 0.2296875 0.1109375 0.075
0 0.75234375 0.24609375 0.1109375 0.071875
0 0.67734375 0.25703125 0.10625 0.0671875
0 0.6054687500000001 0.26875 0.103125 0.0734375
0 0.53203125 0.28046875 0.0921875 0.0640625
0 0.45078125 0.29765625 0.0953125 0.0671875
0 0.38125 0.31015625 0.090625 0.0703125
0 0.303125 0.31640625000000006 0.0921875 0.0671875
0 0.22734375 0.33125 0.0890625 0.075
0 0.14921875 0.340625 0.0921875 0.0828125
0 0.0734375 0.3515625 0.0984375 0.0828125
0 0.0234375 0.36015625 0.046875 0.0734375
0 0.03125 0.26015625 0.0625 0.0640625
0 0.08359375 0.25 0.08125 0.0609375
0 0.15 0.240625 0.090625 0.065625
0 0.215625 0.228125 0.078125 0.0546875
0 0.28359375 0.21796875 0.0796875 0.0625
0 0.353125 0.209375 0.075 0.0578125
0 0.4140625 0.20078125 0.0828125 0.0734375
0 0.48125 0.190625 0.0875 0.0625
0 0.55 0.178125 0.0796875 0.0609375
0 0.6171875000000001 0.16953125 0.0875 0.0625
0 0.68359375 0.165625 0.0890625 0.065625
0 0.75 0.1546875 0.0875 0.0625
0 0.81796875 0.146875 0.0921875 0.0671875
0 0.7703125 0.10625 0.09375 0.0625
0 0.7156249999999998 0.1203125 0.0921875 0.0578125
0 0.65390625 0.12734375 0.08125 0.0546875
0 0.59296875 0.1359375 0.08125 0.0484375
0 0.5296875 0.1453125 0.08125 0.0546875
0 0.46796875 0.15234375 0.075 0.0546875
0 0.4046875 0.16328125 0.075 0.05
0 0.3421875 0.17265625 0.075 0.0546875
0 0.2765625 0.18359375 0.071875 0.053125
0 0.21484375 0.1890625 0.06875 0.0515625
0 0.03125 0.2171875 0.0625 0.05
0 0.0859375 0.21015625 0.0796875 0.05
0 0.15078125 0.19843749999999996 0.078125 0.05625
0 0.0125 0.128125 0.025 0.04375
0 0.01171875 0.15703125 0.0234375 0.0578125
0 0.03984375 0.14921875 0.0703125 0.046875
0 0.04453125 0.11953125 0.0703125 0.046875
0 0.1 0.14140625 0.0703125 0.0515625
0 0.1 0.1140625 0.065625 0.0453125
0 0.15390625 0.13359375 0.06875 0.0515625
0 0.153125 0.10703125 0.06875 0.046875
0 0.21171875 0.12734375 0.0640625 0.05625
0 0.20703125 0.09375 0.0609375 0.04375
0 0.265625 0.11796875 0.06875 0.0484375
0 0.26171875 0.08828125 0.0609375 0.046875
0 0.31328125 0.078125 0.06875 0.040625
0 0.3218750000000001 0.10625 0.06875 0.046875
0 0.37109375 0.0734375 0.0671875 0.040625
0 0.378125 0.10546875 0.075 0.0484375
0 0.421875 0.0671875 0.071875 0.0453125
0 0.4359375 0.0953125 0.0703125 0.053125
0 0.4781250000000001 0.059375 0.0671875 0.0453125
0 0.4937500000000001 0.0859375 0.0671875 0.04375
0 0.53046875 0.05234375 0.06875 0.040625
0 0.5484375 0.08046875 0.0640625 0.040625
0 0.5796875 0.04375 0.0734375 0.046875
0 0.6015625 0.06875 0.075 0.05
0 0.634375 0.03515625 0.078125 0.0484375
0 0.65703125 0.0625 0.071875 0.0421875
0 0.68203125 0.03046875 0.075 0.046875
0 0.7125 0.0515625 0.0703125 0.0484375
0 0.05703125 0.0875 0.0609375 0.021875
0 0.1078125 0.0765625 0.059375 0.021875
0 0.15625 0.06875 0.0640625 0.025
0 0.20234374999999996 0.0609375 0.05625 0.028125
0 0.25546875 0.04921875 0.0640625 0.0296875
0 0.3015625 0.0421875 0.0609375 0.0328125
0 0.3499999999999999 0.03515625 0.0640625 0.040625
0 0.40078125 0.02421875 0.0640625 0.040625
0 0.45390625 0.01953125 0.0625 0.034375
0 0.48359375 0.00625 0.0609375 0.0125
0 0.5 0.01484375 0.05625 0.0296875
0 0.54609375 0.00859375 0.0515625 0.0171875
0 0.59296875 0.00703125 0.0578125 0.0140625
