1 0.925 0.8375 0.1125 0.325
1 0.859375 0.809375 0.253125 0.38125
1 0.6953125 0.78125 0.321875 0.4375
1 0.54140625 0.7671875 0.3140625 0.440625
1 0.39296875 0.7359375 0.3140625 0.440625
1 0.26328125 0.7046875 0.3203125 0.459375
1 0.13359375 0.709375 0.2671875 0.428125
1 0.06953125 0.65390625 0.1390625 0.3859375
0 0.9343749999999998 0.42578125 0.13125 0.2609375
0 0.9390625 0.109375 0.121875 0.13125
1 0.8453125 0.40703125 0.209375 0.2578125
1 0.7265625 0.4015625 0.209375 0.246875
1 0.60078125 0.37421875 0.2359375 0.2984375
1 0.4921875 0.3640625 0.19375 0.25625
1 0.38125 0.3203125 0.23125 0.296875
0 0.303125 0.3265625 0.19375 0.275
1 0.20546875 0.28828125 0.2078125 0.2703125
1 0.13203125 0.24921875 0.2328125 0.3109375
1 0.08515625 0.23984375 0.1390625 0.2515625
1 0.86640625 0.1109375 0.1171875 0.15
0 0.7859375 0.0984375 0.11875 0.14375
0 0.71796875 0.078125 0.1046875 0.11875
0 0.6390625 0.0828125 0.128125 0.15
1 0.55625 0.06640625 0.1125 0.1328125
0 0.48984375 0.05703125 0.1265625 0.1140625
1 0.4265625 0.04609375 0.103125 0.0921875
0 0.35546875 0.03359375 0.0921875 0.0671875
