1 0.22265625 0.1765625 0.14296875 0.240625
0 0.6500000000000001 0.23125 0.1375 0.259375
1 0.9296875 0.25078125 0.13515625 0.27734375
1 0.515625 0.2015625 0.13359375 0.2765625
1 0.4351562500000001 0.7578125 0.17265625 0.30390625
0 0.1390625 0.71953125 0.17265625 0.28125
1 0.08046875 0.1515625 0.1421875 0.24375
1 0.2765625 0.71953125 0.16875 0.28984375
1 0.37421875 0.19140625 0.14375 0.259375
0 0.79609375 0.2484375 0.13671875 0.26953125
0 0.74921875 0.78671875 0.175 0.2859375
1 0.5875 0.759375 0.175 0.3015625
1 0.9109375 0.81640625 0.16796875 0.3359375
1 0.0359375 0.68046875 0.07109375 0.30390625
