1 0.90078125 0.1609375 0.1984375 0.134375
1 0.8820312500000002 0.2125 0.2359375 0.21875
1 0.87421875 0.2828125 0.234375 0.209375
1 0.859375 0.34921875 0.25 0.2140625
0 0.8328125 0.41875 0.234375 0.2078125
1 0.8203125 0.48984375 0.2515625 0.2125
0 0.80390625 0.56484375 0.2328125 0.190625
0 0.79453125 0.634375 0.2515625 0.20625
1 0.78046875 0.71171875 0.2546875 0.20625
0 0.7625 0.78125 0.2234375 0.1703125
1 0.7375 0.85859375 0.24375 0.209375
1 0.6914062500000001 0.9226562499999998 0.2671875 0.1546875
1 0.6203125 0.93359375 0.25 0.1328125
1 0.53828125 0.9406250000000002 0.2203125 0.11875
0 0.4609375 0.9460937499999998 0.178125 0.1078125
1 0.40078125 0.93671875 0.1625 0.125
0 0.3375 0.9375 0.1390625 0.1
1 0.27109375 0.9296875 0.128125 0.0765625
0 0.5671875 0.33515625 0.1578125 0.14375
0 0.51796875 0.3796875 0.1875 0.1546875
0 0.47187499999999993 0.41953125 0.1765625 0.1359375
0 0.43515625 0.46015625 0.171875 0.140625
0 0.390625 0.50234375 0.1625 0.1296875
0 0.34375 0.54375 0.1671875 0.1328125
0 0.31171875 0.5859375 0.1421875 0.125
0 0.52890625 0.54609375 0.165625 0.13125
1 0.48046875 0.5984375 0.1828125 0.1484375
0 0.434375 0.6328125 0.171875 0.1484375
1 0.3890625 0.6875 0.1625 0.146875
0 0.34765625 0.71171875 0.16875 0.153125
1 0.30859375 0.753125 0.159375 0.1453125
1 0.2625 0.615625 0.15625 0.1390625
1 0.22421875 0.6546875 0.146875 0.1390625
1 0.103125 0.77734375 0.153125 0.15
1 0.1390625 0.7375 0.1515625 0.1328125
1 0.18203125 0.7046875 0.165625 0.15
1 0.01640625 0.6421875 0.0328125 0.1125
1 0.028125 0.61484375 0.05625 0.1046875
1 0.0484375 0.5859374999999999 0.096875 0.115625
1 0.071875 0.540625 0.1359375 0.1171875
1 0.10859375 0.503125 0.115625 0.125
0 0.14375 0.459375 0.121875 0.125
1 0.1796875 0.4234375 0.1203125 0.11875
0 0.21953125 0.384375 0.121875 0.1265625
1 0.25390625 0.35 0.1171875 0.1265625
1 0.28828125 0.31015625 0.1234375 0.1171875
1 0.3265625 0.25859375 0.11875 0.1234375
1 0.3703125 0.2203125 0.1234375 0.1296875
1 0.40546875 0.17421875 0.1171875 0.115625
1 0.44140625 0.1265625 0.1078125 0.103125
1 0.4921875 0.084375 0.11875 0.1171875
1 0.53359375 0.04921875 0.1234375 0.0984375
1 0.5664062500000001 0.02109375 0.11875 0.0421875
