0 0.109375 0.13515625 0.20625 0.1640625
0 0.01015625 0.14453125 0.0203125 0.1140625
0 0.02421875 0.2734375 0.0484375 0.15
0 0.03671875 0.4234375000000001 0.0734375 0.153125
0 0.0453125 0.5640625 0.090625 0.16875
0 0.07109375 0.71875 0.1015625 0.1546875
0 0.09296875 0.85625 0.0953125 0.16875
0 0.121875 0.95546875 0.1 0.0890625
0 0.2171875 0.97890625 0.171875 0.0421875
0 0.215625 0.9054687500000002 0.203125 0.1890625
0 0.1921875 0.790625 0.221875 0.2
0 0.17421875 0.6640625 0.2203125 0.1828125
0 0.15859375 0.5359375 0.2234375 0.20625
1 0.15 0.40625 0.23125 0.1828125
1 0.13984375 0.26953125 0.215625 0.1671875
1 0.34765625 0.05546875 0.125 0.0890625
1 0.36328125 0.140625 0.1328125 0.11875
1 0.3765625 0.2484375 0.1234375 0.121875
1 0.3953125 0.3640625 0.13125 0.1140625
1 0.40625 0.46796875 0.1265625 0.1171875
1 0.4203125 0.5671875 0.1375 0.134375
1 0.43046875000000007 0.671875 0.1359375 0.13125
1 0.446875 0.7781249999999998 0.1421875 0.13125
1 0.4703125 0.8742187500000002 0.134375 0.134375
1 0.484375 0.9609375 0.11875 0.078125
0 0.57578125 0.9695312499999998 0.1234375 0.0609375
0 0.565625 0.90234375 0.1296875 0.1375
0 0.56171875 0.80859375 0.115625 0.128125
0 0.55 0.71796875 0.1125 0.125
1 0.55078125 0.6171875 0.11875 0.10625
0 0.5265625 0.52421875 0.1140625 0.109375
1 0.53046875 0.434375 0.1328125 0.121875
1 0.4953125 0.33828125 0.1265625 0.134375
0 0.47109375 0.2390625 0.1140625 0.109375
0 0.45390625 0.14921875 0.125 0.125
0 0.4437499999999999 0.05703125 0.128125 0.1140625
0 0.57890625 0.01875 0.0859375 0.0375
0 0.59453125 0.0703125 0.09375 0.1
0 0.59765625 0.15703125 0.09375 0.1015625
0 0.6109375 0.2328125 0.0828125 0.096875
0 0.62890625 0.31328125 0.096875 0.1203125
0 0.6375 0.40078125 0.0859375 0.0984375
0 0.6546875 0.484375 0.0796875 0.0890625
0 0.6625 0.55859375 0.0859375 0.10625
0 0.67421875 0.640625 0.0859375 0.1125
0 0.68671875 0.71875 0.08125 0.0921875
0 0.69765625 0.803125 0.0984375 0.115625
0 0.70703125 0.87890625 0.0890625 0.1109375
0 0.7156249999999998 0.93515625 0.06875 0.071875
0 0.7726562500000002 0.90546875 0.0796875 0.109375
0 0.76484375 0.834375 0.0734375 0.109375
0 0.75 0.7570312500000002 0.0703125 0.1109375
0 0.73984375 0.68203125 0.065625 0.10625
0 0.72890625 0.61015625 0.071875 0.103125
0 0.71875 0.53515625 0.0625 0.0921875
0 0.703125 0.45390625 0.065625 0.0953125
0 0.69140625 0.3843750000000001 0.06875 0.090625
0 0.68671875 0.30625 0.065625 0.0921875
0 0.6734375 0.23046875 0.0734375 0.0875
0 0.665625 0.1515625 0.08125 0.090625
0 0.65546875 0.07578125 0.0828125 0.096875
0 0.6484375 0.02421875 0.071875 0.0484375
0 0.746875 0.0328125 0.0625 0.065625
0 0.75703125 0.0875 0.059375 0.08125
0 0.765625 0.1546875 0.065625 0.090625
0 0.7765625 0.2203125 0.053125 0.078125
0 0.7859374999999998 0.28828125 0.0609375 0.0796875
0 0.79296875 0.3578125 0.0578125 0.075
0 0.80078125 0.41953125 0.071875 0.08125
0 0.8093749999999998 0.48671875 0.0609375 0.0875
0 0.82109375 0.55546875 0.059375 0.0796875
0 0.828125 0.6234375 0.0609375 0.0875
0 0.8312500000000002 0.68984375 0.0640625 0.0875
0 0.84140625 0.75625 0.0609375 0.0875
0 0.84765625 0.82421875 0.065625 0.0921875
0 0.8890625 0.77734375 0.0609375 0.09375
0 0.87578125 0.721875 0.05625 0.0921875
0 0.8703125 0.66015625 0.0546875 0.08125
0 0.8625 0.59921875 0.046875 0.08125
0 0.85390625 0.5359375 0.0546875 0.08125
0 0.8484374999999998 0.4734375 0.053125 0.075
0 0.83828125 0.41015625 0.0484375 0.075
0 0.83046875 0.3484375 0.053125 0.075
0 0.8203125 0.2828125 0.0515625 0.0703125
0 0.815625 0.22031249999999997 0.05 0.06875
0 0.7828125 0.00625 0.05 0.0125
0 0.790625 0.034375 0.05 0.06875
0 0.796875 0.09140625 0.05 0.0796875
0 0.8078125 0.15625 0.0546875 0.0765625
0 0.87890625 0.015625 0.0421875 0.03125
0 0.85 0.0140625 0.05625 0.028125
0 0.859375 0.04609375 0.0453125 0.06875
0 0.8890625 0.0515625 0.0453125 0.06875
0 0.865625 0.10703125 0.05 0.0703125
0 0.89296875 0.10703125 0.0453125 0.0640625
0 0.87265625 0.16015625000000003 0.05 0.06875
0 0.8984375 0.16015625 0.0453125 0.0671875
0 0.87734375 0.21796874999999996 0.0546875 0.0640625
0 0.91171875 0.2140625 0.0421875 0.059375
0 0.8859375 0.271875 0.046875 0.06875
0 0.915625 0.26875 0.0453125 0.0609375
0 0.925 0.32109375000000007 0.0390625 0.06875
0 0.896875 0.32890625 0.0453125 0.0671875
0 0.928125 0.37890625 0.0390625 0.0671875
0 0.89609375 0.3851562499999999 0.046875 0.0734375
0 0.9343749999999998 0.42890625 0.0453125 0.071875
0 0.90625 0.44375 0.0515625 0.06875
0 0.940625 0.4859375000000001 0.04375 0.0671875
0 0.9140625 0.50078125 0.0421875 0.0671875
0 0.946875 0.53828125 0.0390625 0.06875
0 0.91796875 0.55546875 0.0390625 0.0640625
0 0.9546875 0.5875 0.046875 0.071875
0 0.9296875 0.609375 0.0484375 0.075
0 0.9625 0.6421875 0.046875 0.0765625
0 0.934375 0.66484375 0.040625 0.071875
0 0.9656249999999998 0.690625 0.0453125 0.075
0 0.94453125 0.7203125 0.046875 0.0703125
0 0.91953125 0.0640625 0.0203125 0.0609375
0 0.9296875 0.115625 0.0203125 0.059375
0 0.9375 0.16328124999999996 0.0234375 0.0640625
0 0.94453125 0.21015625 0.0265625 0.0546875
0 0.9546875 0.26328125 0.028125 0.0640625
0 0.9609375 0.309375 0.0328125 0.0609375
0 0.9671875 0.3578125 0.0390625 0.0640625
0 0.97734375 0.40859375 0.0390625 0.0640625
0 0.98125 0.4625 0.0328125 0.0625
0 0.99375 0.49140625 0.0125 0.0609375
0 0.9851562499999998 0.509375 0.0296875 0.05625
0 0.99765625 0.53828125 0.0046875 0.0484375
0 0.990625 0.55546875 0.01875 0.0515625
0 0.9921875 0.60234375 0.015625 0.0578125
0 0.9953125000000002 0.64765625 0.009375 0.0609375
