1 0.33828125 0.22890625 0.20390625 0.296875
0 0.64453125 0.228125 0.19609375 0.296875
1 0.4945312499999999 0.221875 0.190625 0.30390625
1 0.196875 0.2390625 0.1921875 0.29140625
0 0.2140625 0.80625 0.234375 0.31328125
0 0.79921875 0.2203125 0.18828125 0.30390625
1 0.91015625 0.18515625 0.13203125 0.275
0 0.86640625 0.7671875 0.24921875 0.32265625
1 0.52421875 0.796875 0.225 0.33984375
1 0.6828125 0.771875 0.2328125 0.334375
1 0.37578125 0.784375 0.22890625 0.32265625
1 0.07109375 0.2390625 0.1390625 0.27734375
1 0.0796875 0.80625 0.14921875 0.35390625
1 0.9421875 0.75234375 0.10234375 0.35546875
