0 0.51953125 0.46640625 0.059375 0.1046875
0 0.21640625 0.31640625 0.06328125 0.11875
0 0.18828125 0.325 0.0640625 0.1234375
0 0.55078125 0.459375 0.0578125 0.10546875
0 0.5765625 0.45234375 0.0578125 0.10390625
0 0.48671875 0.475 0.059375 0.10390625
0 0.12421875 0.3375 0.06171875 0.115625
1 0.05390625 0.34765625 0.0625 0.11875
0 0.32890625 0.5125 0.0609375 0.1125
0 0.66640625 0.54140625 0.0640625 0.115625
0 0.24687500000000004 0.309375 0.0609375 0.11640625
0 0.64375 0.44140625 0.06015625 0.10703125
0 0.6359375 0.5453125 0.06328125 0.11796875
0 0.60703125 0.446875 0.06015625 0.1078125
0 0.3890625 0.5 0.059375 0.10859375
0 0.72890625 0.521875 0.065625 0.12109375
0 0.69609375 0.534375 0.06171875 0.11484375
0 0.73671875 0.41875 0.06015625 0.11171875
0 0.35078125 0.61328125 0.06171875 0.1171875
0 0.15 0.325 0.0609375 0.1203125
0 0.4124999999999999 0.59921875 0.06171875 0.1171875
0 0.42265625 0.49296875 0.0578125 0.10703125
0 0.5125 0.571875 0.0625 0.12109375
0 0.85234375 0.49453125 0.06328125 0.1171875
0 0.40234375 0.2703125 0.06171875 0.11796875
0 0.3609375000000001 0.5046875 0.06328125 0.115625
0 0.62421875 0.21875 0.0609375 0.11875
0 0.67265625 0.43046875 0.06171875 0.10859375
0 0.5421875 0.56796875 0.06171875 0.11875
0 0.3234375 0.615625 0.06171875 0.11640625
0 0.45390625 0.4796875 0.0578125 0.1078125
0 0.7984375 0.4000000000000001 0.0609375 0.11015625
0 0.4007812499999999 0.82421875 0.06171875 0.11171875
0 0.38359375 0.6078125 0.0609375 0.11875
0 0.29140625 0.6296875 0.06328125 0.11796875
0 0.790625 0.5078125 0.0640625 0.11796875
0 0.76171875 0.5171875 0.06328125 0.11640625
0 0.44375 0.58359375 0.0625 0.121875
0 0.70625 0.42421875 0.0609375 0.1078125
0 0.56171875 0.23203124999999997 0.0609375 0.1234375
0 0.6 0.553125 0.059375 0.1203125
0 0.5328125 0.2375 0.06328125 0.1203125
0 0.3109375 0.2921875 0.06171875 0.1171875
0 0.2265625 0.64296875 0.0609375 0.11640625
0 0.76953125 0.4117187500000001 0.059375 0.10625
0 0.50234375 0.2453125 0.065625 0.121875
0 0.6875 0.2046875 0.06171875 0.11796875
0 0.821875 0.50078125 0.06640625 0.1171875
0 0.20078125 0.5421875 0.059375 0.11328125
0 0.37421875 0.27734375 0.06015625 0.11640625
0 0.19296875 0.65 0.06015625 0.11484375
0 0.2984375 0.5203125 0.0625 0.10859375
0 0.2640625 0.528125 0.05859375 0.10859375
0 0.27890625 0.29921875 0.0609375 0.11796875
0 0.23203125 0.5359375 0.06171875 0.1125
0 0.74921875 0.18828125 0.06171875 0.1203125
0 0.653125 0.7671875 0.0609375 0.1125
0 0.4554687499999999 0.9171875 0.065625 0.11953125
0 0.47578125 0.578125 0.06171875 0.125
0 0.465625 0.25625 0.06328125 0.12421875
0 0.2625 0.6328124999999999 0.071875 0.11953125
0 0.7156249999999998 0.7546875 0.0609375 0.1109375
0 0.3390625 0.8390625 0.06015625 0.11328125
0 0.59140625 0.22578125 0.0625 0.11796875
0 0.7390625 0.8546875 0.065625 0.12109375
0 0.68515625 0.7625 0.06328125 0.11328125
0 0.778125 0.7375000000000002 0.06171875 0.1109375
0 0.37109375 0.8328125 0.0609375 0.109375
0 0.2359375 0.95546875 0.065625 0.0890625
1 0.56953125 0.55703125 0.059375 0.12265625
0 0.43828125 0.265625 0.0625 0.12265625
0 0.61953125 0.775 0.059375 0.10859375
0 0.1703125 0.55 0.0609375 0.11171875
0 0.3609375000000001 0.9390625 0.06328125 0.115625
0 0.2765625 0.8515625 0.0609375 0.11171875
0 0.39296875 0.93359375 0.06484375 0.1171875
0 0.1390625 0.55546875 0.059375 0.10859375
0 0.65703125 0.21015625 0.0625 0.1171875
0 0.5875 0.78046875 0.0609375 0.1125
0 0.2140625 0.86953125 0.0625 0.11328125
0 0.4625000000000001 0.8109375 0.059375 0.1125
0 0.74609375 0.74453125 0.0609375 0.10703125
0 0.89609375 0.8203125 0.065625 0.12109375
0 0.3046875 0.846875 0.05859375 0.1078125
0 0.525 0.79375 0.06015625 0.11015625
0 0.9296875 0.81015625 0.0671875 0.1234375
0 0.34140625 0.28515625 0.06171875 0.11953125
0 0.2421875 0.859375 0.0609375 0.109375
0 0.265625 0.9523437500000002 0.0625 0.0953125
0 0.71796875 0.1953125 0.06328125 0.1171875
0 0.78125 0.184375 0.0625 0.11953125
0 0.43203125 0.81796875 0.0609375 0.11171875
0 0.42578125 0.92265625 0.06484375 0.11640625
0 0.840625 0.72421875 0.06171875 0.11015625
0 0.80078125 0.840625 0.0640625 0.121875
0 0.90234375 0.7109375 0.06328125 0.11484375
0 0.33046875 0.94375 0.065625 0.1125
0 0.09375 0.34140625 0.0625 0.11640625
0 0.83046875 0.39453125 0.06171875 0.10859375
0 0.48984375 0.9125 0.0640625 0.121875
0 0.6125 0.8835937499999998 0.065625 0.1234375
0 0.5585937499999999 0.78671875 0.0609375 0.109375
0 0.1609375 0.6578125 0.06171875 0.1125
0 0.8125 0.72890625 0.0609375 0.1109375
0 0.9578124999999998 0.80078125 0.06875 0.12265625
0 0.88359375 0.4875 0.06640625 0.115625
0 0.8640625 0.82578125 0.06640625 0.1234375
0 0.871875 0.71796875 0.0640625 0.11171875
0 0.815625 0.1765625 0.06328125 0.11796875
0 0.4921875 0.7984375 0.06171875 0.109375
0 0.7703125 0.846875 0.065625 0.1234375
0 0.29765625 0.946875 0.065625 0.103125
0 0.64296875 0.87890625 0.06484375 0.12265625
0 0.51796875 0.90390625 0.065625 0.11875
0 0.83359375 0.834375 0.0640625 0.12265625
0 0.978125 0.79375 0.04375 0.125
0 0.70546875 0.8609375 0.06171875 0.12109375
0 0.5796875 0.8890625 0.065625 0.11953125
0 0.8609375 0.3890624999999999 0.06171875 0.1125
0 0.9343749999999998 0.7046875 0.06484375 0.11328125
0 0.5507812499999999 0.8953125 0.06484375 0.1171875
0 0.67578125 0.8703125000000002 0.06484375 0.12265625
0 0.1078125 0.5609375 0.06171875 0.11015625
0 0.134375 0.6609375 0.05859375 0.11171875
0 0.96796875 0.69453125 0.06328125 0.115625
0 0.18046875000000004 0.87578125 0.06484375 0.1125
