0 0.9078125 0.38046875 0.153125 0.2265625
0 0.771875 0.415625 0.125 0.234375
1 0.89453125 0.6734375 0.1953125 0.325
1 0.73359375 0.68125 0.1828125 0.3125
1 0.6046875 0.6671875 0.171875 0.315625
1 0.659375 0.4109375 0.121875 0.209375
1 0.55703125 0.4015625 0.1171875 0.203125
0 0.48515625 0.665625 0.1546875 0.296875
1 0.38125 0.66171875 0.140625 0.2828125
0 0.2953125 0.64765625 0.146875 0.2859375
0 0.2140625 0.640625 0.1625 0.284375
1 0.11328125 0.6203125 0.1640625 0.278125
0 0.465625 0.4234375 0.11875 0.21875
1 0.390625 0.4140625 0.115625 0.184375
1 0.3015625 0.4109375 0.103125 0.20625
1 0.2296875 0.41015625 0.09375 0.1578125
0 0.175 0.4125 0.10625 0.1625
1 0.11015625 0.415625 0.1265625 0.1625
1 0.03984375 0.61953125 0.0765625 0.2484375
1 0.93203125 0.08984375 0.1140625 0.1484375
1 0.825 0.09921875 0.109375 0.1546875
1 0.73359375 0.1140625 0.1046875 0.15625
1 0.64921875 0.128125 0.0921875 0.15625
0 0.5765625 0.1453125 0.090625 0.11875
1 0.50390625 0.15390625 0.0984375 0.1328125
1 0.43515625 0.16171875 0.0859375 0.1328125
0 0.37421875 0.18515625 0.0859375 0.1453125
1 0.32578125 0.1828125 0.0984375 0.134375
0 0.27109375 0.1875 0.0703125 0.134375
1 0.215625 0.196875 0.078125 0.134375
0 0.1625 0.21875 0.090625 0.134375
0 0.1171875 0.23281250000000003 0.090625 0.134375
1 0.0375 0.4296875 0.075 0.1875
