1 0.5921875 0.790625 0.209375 0.2125
0 0.659375 0.8171875 0.171875 0.2125
1 0.75 0.8546875 0.16875 0.20625
1 0.85625 0.8875 0.165625 0.1875
1 0.9359375 0.9203125 0.128125 0.11875
1 0.7375 0.5734375 0.1875 0.153125
0 0.81796875 0.6296875 0.1796875 0.171875
1 0.89921875 0.63984375 0.1484375 0.1984375
1 0.36640625 0.70078125 0.2171875 0.2140625
1 0.2359375 0.66484375 0.203125 0.2265625
1 0.10546875 0.63359375 0.2078125 0.2140625
1 0.04765625 0.5765625 0.0953125 0.20625
1 0.54140625 0.5234375 0.1921875 0.165625
1 0.4320312499999999 0.48359374999999993 0.1828125 0.1765625
1 0.33046875 0.4640625 0.1609375 0.196875
1 0.25 0.43203125 0.16875 0.1921875
1 0.1640625 0.38984375 0.1625 0.1640625
1 0.084375 0.34765625 0.16875 0.2234375
1 0.028125 0.29296875 0.05625 0.1921875
1 0.71953125 0.15859375 0.1609375 0.1796875
1 0.62109375 0.10859375 0.1640625 0.1578125
1 0.5265625 0.0921875 0.1625 0.184375
1 0.41875 0.0609375 0.13125 0.121875
1 0.9679687500000002 0.6765625 0.0640625 0.2
1 0.334375 0.06171875 0.1375 0.1140625
0 0.803125 0.1703125 0.1375 0.19375
