0 0.265625 0.84765625 0.075 0.1296875
0 0.20390625000000004 0.840625 0.0765625 0.128125
1 0.1453125 0.8406249999999998 0.06875 0.115625
0 0.08828125 0.834375 0.0703125 0.1125
1 0.275 0.73671875 0.065625 0.1015625
0 0.22109375 0.73671875 0.0609375 0.1046875
0 0.1625 0.73125 0.065625 0.10625
0 0.11015625 0.7296875 0.0671875 0.1125
1 0.0515625 0.7203125 0.065625 0.10625
1 0.384375 0.75546875 0.065625 0.1078125
0 0.37578125 0.859375 0.0703125 0.1125
0 0.4328125 0.86875 0.071875 0.115625
0 0.44296875 0.7585937499999998 0.0640625 0.1078125
0 0.49453125 0.76953125 0.0703125 0.1171875
1 0.49296875 0.8765625 0.0703125 0.1125
0 0.5453125 0.88046875 0.071875 0.1265625
0 0.553125 0.76484375 0.059375 0.1078125
0 0.6054687499999999 0.7765625 0.0609375 0.109375
0 0.65234375 0.790625 0.0609375 0.1
0 0.7046875 0.78984375 0.0625 0.0984375
0 0.63203125 0.86796875 0.1171875 0.0640625
1 0.740625 0.87734375 0.11875 0.0671875
1 0.7609375 0.80234375 0.059375 0.1015625
0 0.81171875 0.80625 0.0671875 0.109375
1 0.865625 0.81484375 0.0625 0.1109375
0 0.84921875 0.9 0.1140625 0.075
0 0.9140625 0.82265625 0.071875 0.1109375
0 0.30234375 0.46171875 0.0546875 0.0859375
0 0.25390625 0.45546875 0.0578125 0.0859375
0 0.20234375 0.44921875 0.0578125 0.0859375
0 0.153125 0.45 0.059375 0.0875
1 0.290625 0.54609375 0.0625 0.0859375
1 0.24453125000000003 0.53828125 0.0640625 0.1015625
1 0.19140624999999997 0.53359375 0.0640625 0.0984375
1 0.103125 0.44140625 0.059375 0.0796875
1 0.05703125 0.43203125 0.0546875 0.0828125
0 0.13984375 0.53359375 0.0609375 0.0953125
0 0.0890625 0.52578125 0.06875 0.0921875
0 0.0375 0.51875 0.0625 0.090625
0 0.40546875 0.559375 0.0578125 0.1
0 0.4125 0.47265625 0.0625 0.0859375
0 0.45390625 0.56328125 0.0609375 0.0953125
0 0.46171875 0.47578125 0.0609375 0.0828125
0 0.50859375 0.48828125 0.0546875 0.0828125
0 0.50546875 0.56953125 0.0640625 0.0859375
0 0.55 0.571875 0.059375 0.090625
1 0.55546875 0.48828125 0.0578125 0.0828125
1 0.6 0.5859375 0.059375 0.09375
0 0.6046875 0.49453125 0.059375 0.0828125
0 0.65234375 0.50625 0.0546875 0.078125
0 0.64453125 0.5890625 0.0609375 0.09375
1 0.7 0.59140625 0.071875 0.0953125
1 0.69609375 0.50703125 0.0546875 0.0796875
1 0.74765625 0.5140625 0.0546875 0.09375
1 0.7937499999999998 0.52109375 0.053125 0.0859375
0 0.7421875 0.596875 0.059375 0.0875
0 0.79375 0.61015625 0.071875 0.0953125
0 0.84296875 0.61953125 0.0671875 0.0890625
0 0.8359375 0.5328125 0.065625 0.084375
0 0.8828125 0.53984375 0.059375 0.0859375
0 0.89296875 0.625 0.0671875 0.090625
0 0.9375 0.63046875 0.075 0.0890625
0 0.93203125 0.54140625 0.0671875 0.0859375
0 0.9703125 0.6328125 0.04375 0.090625
1 0.9703125 0.54921875 0.059375 0.0890625
0 0.3140625 0.30390625 0.046875 0.0703125
0 0.3234375 0.23671875 0.046875 0.0703125
0 0.28046875 0.23828125 0.0515625 0.0734375
1 0.26875 0.303125 0.046875 0.071875
0 0.228125 0.29921875 0.05625 0.0703125
0 0.2359375 0.23359375 0.05625 0.0703125
0 0.18359375 0.2953125 0.0515625 0.078125
1 0.19375 0.22890625 0.05 0.0703125
0 0.14765625 0.22109375 0.0484375 0.0703125
0 0.13984375 0.28828125 0.0578125 0.0765625
0 0.10703124999999998 0.215625 0.0515625 0.078125
1 0.09140625 0.28515625 0.0609375 0.0796875
0 0.059375 0.21484375 0.046875 0.0703125
1 0.05 0.27578125 0.05 0.0734375
0 0.4195312500000001 0.3234375 0.0515625 0.078125
0 0.425 0.2546875 0.05625 0.075
0 0.465625 0.33359375 0.05625 0.0796875
0 0.47265625 0.25703125 0.0515625 0.0703125
0 0.50859375 0.33515625 0.0546875 0.0859375
1 0.51796875 0.259375 0.0515625 0.078125
0 0.553125 0.34296875 0.059375 0.0828125
0 0.559375 0.265625 0.05625 0.075
0 0.5984375 0.34453125 0.059375 0.0828125
1 0.6 0.2734375 0.05625 0.078125
0 0.6421875 0.28046875 0.05625 0.0796875
0 0.64375 0.35078124999999993 0.05625 0.0796875
1 0.6882812499999998 0.35703125 0.0609375 0.0828125
1 0.6859375 0.284375 0.05 0.075
1 0.7265625 0.359375 0.059375 0.08125
0 0.73046875 0.2875 0.0546875 0.078125
0 0.77578125 0.37265625 0.0703125 0.0796875
0 0.76796875 0.30078125 0.0671875 0.0796875
0 0.81015625 0.30625 0.0640625 0.078125
0 0.81640625 0.37890625 0.0671875 0.0828125
0 0.85859375 0.3828125 0.0671875 0.09375
1 0.8515625 0.3078125 0.0625 0.090625
0 0.89453125 0.3203125 0.0671875 0.084375
0 0.90390625 0.39453125 0.0703125 0.0828125
0 0.94296875 0.39921875 0.0671875 0.0703125
0 0.9367187500000002 0.3234375 0.0796875 0.090625
0 0.98046875 0.4 0.0390625 0.078125
0 0.9757812500000002 0.3296875 0.0484375 0.090625
1 0.98203125 0.20703125 0.0359375 0.0828125
0 0.95078125 0.203125 0.0359375 0.075
0 0.91171875 0.2 0.0421875 0.078125
0 0.928125 0.14609375 0.0875 0.0515625
0 0.8679687499999998 0.12265625 0.0609375 0.0703125
0 0.87421875 0.19140624999999997 0.0515625 0.0796875
0 0.83203125 0.1828125 0.0515625 0.078125
0 0.83125 0.11953125 0.0625 0.0859375
0 0.79296875 0.17890625 0.0546875 0.0703125
0 0.7515625 0.17421875 0.04375 0.0796875
0 0.71640625 0.1671875 0.0484375 0.075
0 0.675 0.1609375 0.046875 0.071875
0 0.6359375 0.15390625 0.059375 0.0765625
0 0.5921875 0.146875 0.059375 0.075
0 0.5546875 0.14765625 0.059375 0.0796875
0 0.515625 0.140625 0.04375 0.075
0 0.47421875 0.1375 0.0484375 0.078125
1 0.4359374999999999 0.12421875 0.05 0.0765625
0 0.39453125 0.1171875 0.0515625 0.071875
0 0.3546875 0.1140625 0.046875 0.071875
1 0.79140625 0.11484375 0.0515625 0.0578125
1 0.75078125 0.1046875 0.0546875 0.0625
0 0.71328125 0.09921875 0.0515625 0.0640625
1 0.67421875 0.09765625 0.0515625 0.0640625
0 0.63515625 0.09609375 0.0515625 0.0609375
0 0.596875 0.08671875 0.053125 0.0546875
0 0.56171875 0.08125 0.0546875 0.065625
0 0.51796875 0.07578125 0.0515625 0.0609375
0 0.47890625 0.075 0.0484375 0.05625
0 0.440625 0.06640625 0.046875 0.0609375
0 0.3984375 0.06328125 0.046875 0.0609375
0 0.08046875 0.0921875 0.0734375 0.075
1 0.11171875 0.07578125 0.0703125 0.0828125
1 0.146875 0.05546875 0.078125 0.0671875
1 0.16953125 0.03828125 0.0890625 0.0765625
0 0.21953125 0.03046875 0.0859375 0.0609375
0 0.24453125 0.025 0.0859375 0.05
0 0.27421875 0.0171875 0.0796875 0.034375
1 0.30859374999999994 0.0109375 0.0734375 0.021875
