0 0.30546875 0.41640625 0.0546875 0.0984375
1 0.25546875 0.52578125 0.05859375 0.090625
1 0.31328125 0.5171875 0.0640625 0.103125
0 0.1859375 0.16171875 0.05625 0.0828125
0 0.08125 0.16875 0.05625 0.08125
1 0.46875 0.7429687499999998 0.06875 0.1234375
1 0.0265625 0.2546875 0.053125 0.0875
0 0.534375 0.74140625 0.065625 0.1234375
0 0.7421875 0.496875 0.06875 0.10625
0 0.028125 0.17265625 0.05625 0.0828125
0 0.18671875 0.24453125 0.0578125 0.0828125
1 0.1328125 0.165625 0.05625 0.084375
0 0.25078125 0.4195312500000001 0.0609375 0.0984375
0 0.1359375 0.53125 0.06875 0.10625
1 0.79921875 0.49140625 0.0703125 0.1109375
1 0.19375 0.52421875 0.065625 0.1015625
0 0.0796875 0.2515625 0.059375 0.0875
0 0.85546875 0.49140625 0.0640625 0.1078125
0 0.27421875 0.88125 0.0765625 0.1375
0 0.678125 0.86015625 0.071875 0.1296875
1 0.209375 0.8875 0.075 0.1375
1 0.07421875 0.43125 0.0640625 0.1
0 0.29296875000000006 0.23671875 0.0515625 0.0828125
1 0.24140625 0.240625 0.0578125 0.084375
0 0.54765625 0.86640625 0.0734375 0.1359375
0 0.6296875 0.21640625 0.04375 0.0890625
1 0.71875 0.13203125 0.05625 0.0828125
0 0.13515625 0.43046875 0.0609375 0.0953125
0 0.26875 0.753125 0.06875 0.121875
1 0.33203125 0.7492187500000002 0.0703125 0.1265625
0 0.47734375 0.2328125 0.05703125 0.09453125
0 0.58515625 0.22265625 0.0578125 0.09140625
0 0.671875 0.1359375 0.05625 0.08125
0 0.13515625 0.24843750000000003 0.0578125 0.0875
0 0.84296875 0.21171875 0.0609375 0.0859375
0 0.56484375 0.50625 0.065625 0.109375
0 0.66640625 0.39765625 0.0640625 0.0984375
1 0.07265625 0.7640625 0.0734375 0.121875
0 0.19296875 0.42578125 0.0609375 0.0984375
0 0.915625 0.490625 0.0671875 0.09609375
0 0.96796875 0.4875 0.0578125 0.103125
1 0.79140625 0.21171875 0.0578125 0.0859375
0 0.23828125 0.15703125 0.0546875 0.0828125
1 0.6109375 0.8625000000000002 0.075 0.134375
0 0.13828125 0.7625 0.0703125 0.125
0 0.6234375 0.5 0.06875 0.10625
0 0.5671875 0.1390625 0.05625 0.084375
0 0.4789062499999999 0.86953125 0.0734375 0.1359375
1 0.61796875 0.13671875 0.0578125 0.0859375
1 0.68203125 0.4984375 0.0671875 0.10625
1 0.9109375 0.71328125 0.0625 0.1109375
0 0.85 0.72265625 0.0625 0.1171875
0 0.66015625 0.73203125 0.0640625 0.1265625
1 0.8328125 0.3890624999999999 0.0625 0.096875
0 0.6828125 0.21718750000000003 0.059375 0.0875
0 0.8234375 0.12890625 0.053125 0.0859375
0 0.89609375 0.20859375 0.06796875 0.08125
0 0.94453125 0.209375 0.0578125 0.084375
0 0.4953125 0.40234375 0.0609375 0.0890625
1 0.61015625 0.40078125 0.0640625 0.0953125
0 0.77265625 0.13046875 0.0546875 0.0796875
0 0.94921875 0.38828125 0.0640625 0.1015625
0 0.5984375 0.7359375 0.065625 0.125
1 0.51640625 0.14140625 0.0578125 0.0859375
0 0.13828125 0.8914062499999998 0.0765625 0.1390625
0 0.96953125 0.71640625 0.0578125 0.1203125
1 0.8914062499999998 0.3859375 0.0609375 0.10625
0 0.453125 0.51328125 0.0703125 0.10625
0 0.50546875 0.50625 0.0671875 0.10625
0 0.52578125 0.22500000000000003 0.0609375 0.0875
0 0.87265625 0.12890625 0.0515625 0.0859375
1 0.9234375 0.125 0.05625 0.0875
0 0.78671875 0.728125 0.0671875 0.125
0 0.20468749999999997 0.75625 0.06875 0.121875
0 0.725 0.72890625 0.0625 0.1265625
1 0.0234375 0.4359375 0.046875 0.10625
0 0.5515625 0.40625 0.0625 0.1
0 0.4625 0.14453125 0.05625 0.0859375
0 0.0234375 0.54140625 0.046875 0.1078125
0 0.54453125 0.01640625 0.0515625 0.0328125
0 0.984375 0.81640625 0.028125 0.0734375
0 0.49453125 0.0171875 0.0515625 0.034375
0 0.96171875 0.12421875000000002 0.0359375 0.0828125
0 0.2875 0.1546875 0.05 0.08125
0 0.6390625 0.01328125 0.05625 0.0265625
1 0.39765625 0.01953125 0.0578125 0.0359375
1 0.90390625 0.8132812499999998 0.1265625 0.0765625
0 0.7375000000000002 0.01171875 0.05625 0.0234375
0 0.41953125 0.23125 0.0609375 0.0875
0 0.834375 0.01015625 0.05625 0.0203125
0 0.446875 0.01875 0.053125 0.0375
0 0.35 0.02421875 0.05625 0.0359375
0 0.93125 0.01015625 0.05625 0.0203125
0 0.43828125 0.4125 0.0640625 0.1
0 0.41171875 0.1484375 0.0578125 0.0875
1 0.06953125 0.896875 0.0765625 0.146875
0 0.725 0.39765625 0.0625 0.0984375
0 0.07421875 0.53515625 0.0671875 0.1078125
0 0.7765625 0.8296875 0.125 0.08125
0 0.35 0.88125 0.05703125 0.128125
