0 0.77109375 0.6765625 0.3703125 0.203125
1 0.7421875 0.5875 0.3625 0.2
1 0.70546875 0.49453125 0.3796875 0.2109375
1 0.665625 0.3953125 0.35625 0.1828125
0 0.63359375 0.29921875 0.365625 0.2125
1 0.6140625 0.1984375 0.365625 0.221875
0 0.5921875 0.12265625 0.384375 0.2453125
0 0.553125 0.08046875 0.375 0.1609375
1 0.29921875 0.8890625 0.26875 0.1640625
1 0.26875 0.81796875 0.2765625 0.15
0 0.24375 0.7484375 0.234375 0.1375
1 0.20703125 0.68125 0.2359375 0.14375
1 0.18203125 0.6093749999999999 0.2328125 0.1546875
1 0.159375 0.52734375 0.253125 0.171875
1 0.134375 0.45234375 0.26875 0.1859375
0 0.11328125 0.38359375 0.2265625 0.1734375
0 0.1046875 0.315625 0.209375 0.171875
