0 0.784375 0.74140625 0.25 0.3859375
1 0.7 0.78203125 0.24375 0.3765625
1 0.603125 0.81015625 0.253125 0.3796875
1 0.50234375 0.8367187499999998 0.2203125 0.3265625
0 0.40546875 0.85703125 0.2453125 0.2859375
1 0.315625 0.884375 0.246875 0.23125
0 0.2375 0.8992187499999998 0.278125 0.2015625
0 0.18203125 0.9132812500000002 0.2015625 0.1734375
1 0.60625 0.24765625 0.196875 0.2828125
1 0.5328125 0.27421875 0.184375 0.2890625
0 0.465625 0.30625 0.165625 0.246875
1 0.390625 0.32578125 0.171875 0.2484375
1 0.31953125 0.35859375 0.1828125 0.2453125
1 0.24609375 0.40078125 0.2015625 0.2671875
1 0.16796875 0.4296875 0.2203125 0.3
0 0.1 0.45781250000000007 0.2 0.26875
0 0.0671875 0.47734375 0.134375 0.2859375
