1 0.06484375 0.73203125 0.1296875 0.3703125
1 0.13828125 0.7578125 0.2765625 0.415625
1 0.32265625 0.80546875 0.3109375 0.3796875
1 0.4984375 0.828125 0.334375 0.34375
1 0.6945312500000002 0.8703125000000002 0.3140625 0.259375
1 0.83359375 0.8992187499999998 0.2484375 0.2015625
1 0.22109375 0.06328125 0.2171875 0.1265625
1 0.3453125 0.08359375 0.2875 0.1671875
1 0.47421875 0.10546875 0.2515625 0.2109375
1 0.5984375 0.1359375 0.28125 0.271875
1 0.7671875 0.1765625 0.2875 0.31875
1 0.8742187500000002 0.21640625 0.2515625 0.3609375
1 0.9328125000000002 0.2421875 0.134375 0.3375
