0 0.30546875 0.41640625 0.0546875 0.0984375
1 0.31328125 0.5171875 0.0640625 0.103125
0 0.1859375 0.16171875 0.05625 0.0828125
0 0.25078125 0.4195312500000001 0.0609375 0.0984375
0 0.08125 0.16875 0.05625 0.08125
1 0.0265625 0.25390625 0.053125 0.0859375
1 0.46875 0.7429687499999998 0.06875 0.1234375
0 0.028125 0.17265625 0.05625 0.0828125
0 0.18671875 0.24453125 0.0578125 0.0828125
0 0.534375 0.74140625 0.065625 0.1234375
1 0.13515625 0.165625 0.0546875 0.084375
0 0.1359375 0.53125 0.06875 0.10625
0 0.7421875 0.496875 0.06875 0.10625
1 0.8 0.49140625 0.06875 0.1109375
1 0.07421875 0.43203125 0.0640625 0.0984375
0 0.678125 0.86015625 0.071875 0.1296875
1 0.19375 0.52421875 0.06875 0.1015625
0 0.671875 0.1359375 0.05625 0.08125
0 0.0796875 0.2515625 0.059375 0.0875
1 0.24140625 0.240625 0.0578125 0.084375
0 0.54765625 0.865625 0.0734375 0.134375
0 0.85546875 0.49140625 0.0640625 0.1078125
0 0.3421875 0.878125 0.075 0.140625
1 0.209375 0.88671875 0.075 0.1359375
1 0.71875 0.13203125 0.05625 0.0828125
0 0.72421875 0.3953125 0.0640625 0.096875
0 0.29296875000000006 0.23671875 0.0515625 0.0828125
0 0.26875 0.75390625 0.06875 0.1203125
0 0.13515625 0.43046875 0.0609375 0.0953125
0 0.5671875 0.1390625 0.05625 0.084375
0 0.84296875 0.21171875 0.0609375 0.0859375
1 0.33281250000000007 0.75 0.06875 0.125
0 0.1328125 0.24843750000000003 0.05625 0.0875
0 0.19296875 0.42578125 0.0609375 0.0984375
1 0.07265625 0.7640625 0.0734375 0.121875
1 0.61171875 0.8625000000000002 0.0734375 0.134375
1 0.79140625 0.21171875 0.0578125 0.0859375
1 0.61796875 0.13671875 0.0578125 0.0859375
0 0.23828125 0.15703125 0.0546875 0.0828125
0 0.6249999999999999 0.5 0.06875 0.10625
0 0.13828125 0.7625 0.0703125 0.125
0 0.4789062499999999 0.86953125 0.0734375 0.1359375
0 0.96796875 0.48828125 0.0578125 0.1015625
0 0.8234375 0.12890625 0.053125 0.0859375
0 0.85 0.72265625 0.0625 0.1171875
0 0.6828125 0.21718750000000003 0.059375 0.0875
1 0.68203125 0.4984375 0.0671875 0.10625
0 0.94453125 0.209375 0.0578125 0.084375
1 0.9109375 0.71328125 0.0625 0.1109375
0 0.66015625 0.73203125 0.0640625 0.1265625
1 0.5140625 0.14140625 0.05625 0.0859375
1 0.8328125 0.3890624999999999 0.0625 0.096875
1 0.73671875 0.2125 0.0609375 0.0875
1 0.61015625 0.39921875 0.0640625 0.0984375
0 0.77265625 0.13046875 0.0546875 0.0796875
0 0.94921875 0.38828125 0.0640625 0.1015625
0 0.13828125 0.8921875 0.0765625 0.1375
0 0.5984375 0.7359375 0.065625 0.125
0 0.96953125 0.71640625 0.0578125 0.1203125
0 0.87265625 0.12890625 0.0515625 0.0859375
1 0.9234375 0.125 0.05625 0.0875
0 0.5796875 0.22265625 0.0625 0.0859375
0 0.78671875 0.72890625 0.0671875 0.1234375
1 0.8914062499999998 0.3859375 0.0609375 0.10625
0 0.20468749999999997 0.75625 0.06875 0.121875
0 0.50546875 0.50625 0.0640625 0.10625
0 0.725 0.72890625 0.0625 0.1265625
0 0.5515625 0.40625 0.0625 0.1
1 0.0234375 0.4359375 0.046875 0.10625
0 0.4625 0.14453125 0.05625 0.0859375
0 0.0234375 0.54140625 0.046875 0.1078125
0 0.59296875 0.01484375 0.0546875 0.0296875
0 0.47265625 0.2265625 0.0609375 0.0875
0 0.98359375 0.81640625 0.0296875 0.0734375
0 0.2875 0.1546875 0.05 0.08125
0 0.96171875 0.12421875000000002 0.0359375 0.0828125
0 0.49453125 0.01640625 0.0546875 0.0328125
1 0.39765625 0.01953125 0.0578125 0.0359375
0 0.68828125 0.0125 0.0546875 0.025
0 0.834375 0.01015625 0.05625 0.0203125
1 0.9046875 0.8132812499999998 0.125 0.0765625
0 0.35078125 0.02421875 0.0578125 0.0359375
0 0.446875 0.01875 0.053125 0.0375
0 0.93125 0.01015625 0.05625 0.0203125
0 0.43828125 0.4125 0.0640625 0.1
1 0.06953125 0.89453125 0.0765625 0.1484375
0 0.41171875 0.1484375 0.0578125 0.0875
0 0.77890625 0.8296875 0.1234375 0.08125
0 0.4 0.74765625 0.08125 0.1234375
0 0.07421875 0.53515625 0.0671875 0.1078125
