0 0.30546875 0.41953125 0.05546875 0.10078125
1 0.31484375 0.51640625 0.065625 0.10390625
0 0.18984375 0.16484375 0.05625 0.0828125
0 0.02734375 0.175 0.0546875 0.08125
0 0.678125 0.86328125 0.075 0.1328125
1 0.2421875 0.240625 0.0609375 0.08515625
0 0.2734375 0.8835937499999998 0.07734375 0.1390625
1 0.46953125 0.7453125 0.06953125 0.1234375
1 0.0265625 0.25078125 0.053125 0.0859375
1 0.13359375 0.16796875 0.05546875 0.08359375
0 0.13515625 0.53125 0.06953125 0.109375
0 0.3421875 0.878125 0.0765625 0.14140625
0 0.25234375 0.42265625 0.0609375 0.10078125
1 0.19375 0.5265625 0.06875 0.1046875
1 0.25546875 0.5234375 0.06796875 0.10546875
0 0.53671875 0.74140625 0.06796875 0.125
0 0.08359375 0.17265625 0.05625 0.08359375
0 0.29375 0.23671875 0.05390625 0.084375
1 0.21171875 0.8875 0.07734375 0.13828125
0 0.54765625 0.86875 0.07578125 0.13515625
0 0.4789062499999999 0.8703125 0.0734375 0.1359375
0 0.18828125 0.24453125 0.0578125 0.0859375
0 0.74609375 0.50078125 0.07109375 0.1078125
1 0.334375 0.75078125 0.07109375 0.1265625
0 0.2734375 0.75546875 0.0703125 0.125
1 0.79921875 0.4890625 0.071875 0.11328125
0 0.13671875 0.43125 0.06328125 0.1
0 0.9695312499999998 0.4898437500000001 0.0609375 0.10625
0 0.19765625 0.4265625 0.0625 0.1015625
0 0.23984375 0.15546875 0.05546875 0.08203125
0 0.13359375 0.24609375 0.05859375 0.0890625
1 0.71796875 0.13125 0.0578125 0.084375
1 0.790625 0.2140625 0.06015625 0.08671875
0 0.0828125 0.25 0.05859375 0.0890625
1 0.06875 0.7648437500000002 0.07421875 0.12265625
0 0.6203125 0.50546875 0.06953125 0.10859375
0 0.665625 0.39765625 0.0671875 0.0984375
0 0.9109375 0.4937500000000001 0.07109375 0.10625
0 0.85859375 0.48984375 0.0703125 0.109375
0 0.071875 0.53828125 0.06875 0.10859375
1 0.60859375 0.86640625 0.07578125 0.13515625
0 0.13828125 0.7625 0.071875 0.12578125
0 0.1375 0.88984375 0.07890625 0.1375
0 0.7234375 0.39453125 0.065625 0.1
0 0.56640625 0.50625 0.06953125 0.109375
0 0.6625 0.7359375 0.06640625 0.13046875
1 0.07421875 0.4328125 0.06484375 0.09921875
1 0.615625 0.13515625 0.0578125 0.08515625
1 0.68203125 0.5015625 0.06953125 0.1078125
0 0.84765625 0.21328125 0.06171875 0.0859375
0 0.50390625 0.51171875 0.06796875 0.10703125
0 0.85234375 0.725 0.0671875 0.11953125
1 0.60703125 0.4015625 0.065625 0.1
0 0.2078125 0.7578125 0.07109375 0.125
0 0.684375 0.2171875 0.06171875 0.0890625
1 0.73984375 0.21562500000000004 0.0609375 0.08828125
1 0.51953125 0.14140625 0.05703125 0.08671875
1 0.909375 0.7109375 0.06640625 0.1140625
1 0.77734375 0.39453125 0.0625 0.0953125
0 0.89453125 0.21171875000000004 0.059375 0.08828125
1 0.83828125 0.38671875 0.06484375 0.096875
0 0.82109375 0.128125 0.05625 0.08515625
0 0.9695312499999998 0.7179687500000002 0.0609375 0.1265625
0 0.94765625 0.21015625 0.06328125 0.0890625
0 0.67109375 0.13359375 0.0578125 0.08359375
0 0.5984375 0.734375 0.06875 0.12734375
0 0.7742187499999998 0.12890625 0.05703125 0.08359375
0 0.7890625 0.7312499999999998 0.06875 0.12734375
1 0.8914062499999998 0.3890624999999999 0.06484375 0.1046875
0 0.5664062499999999 0.1421875 0.05703125 0.08515625
0 0.4476562499999999 0.51015625 0.06953125 0.10703125
0 0.9484375 0.38828125 0.0703125 0.10390625
0 0.634375 0.21953125 0.0625 0.0890625
0 0.875 0.12734375 0.05703125 0.0875
1 0.0234375 0.4359375 0.046875 0.10703125
1 0.921875 0.12421875 0.05859375 0.0875
0 0.72890625 0.73046875 0.06796875 0.1296875
0 0.5546875 0.409375 0.06328125 0.1015625
0 0.29296875 0.15390625 0.05234375 0.08359375
0 0.57734375 0.2234375 0.06328125 0.08984375
0 0.4640625 0.14296875 0.05703125 0.08515625
0 0.52578125 0.22578124999999996 0.06171875 0.0875
0 0.49765625 0.4078125000000001 0.0640625 0.10234375
0 0.0234375 0.5421875 0.046875 0.11015625
0 0.5453125 0.015625 0.053125 0.03125
1 0.9046875 0.81875 0.1296875 0.08125
0 0.496875 0.0171875 0.0546875 0.034375
0 0.590625 0.01484375 0.05625 0.0296875
0 0.63828125 0.0140625 0.05703125 0.028125
0 0.47265625 0.228125 0.06171875 0.0890625
1 0.39765625 0.0203125 0.06015625 0.034375
0 0.9640625 0.12265625 0.0375 0.08828125
0 0.6890625 0.0140625 0.05625 0.02734375
0 0.35 0.02421875 0.05703125 0.0359375
0 0.421875 0.23203124999999997 0.06171875 0.08828125
0 0.7421875 0.01328125 0.05703125 0.025
0 0.4390625 0.4125 0.06484375 0.103125
0 0.9835937500000002 0.81796875 0.0328125 0.0796875
0 0.4468750000000001 0.01875 0.05546875 0.0375
0 0.78671875 0.0125 0.0546875 0.0234375
0 0.41484375 0.14765625 0.05859375 0.0875
0 0.93203125 0.0109375 0.0578125 0.021875
0 0.834375 0.01171875 0.05703125 0.02265625
1 0.07421875 0.89921875 0.0796875 0.15
0 0.88359375 0.0109375 0.05859375 0.021875
