0 0.50078125 0.425 0.0984375 0.06875
1 0.72421875 0.7546874999999998 0.0984375 0.06875
1 0.8601562499999998 0.81953125 0.0921875 0.0703125
0 0.8601562499999998 0.75546875 0.0921875 0.0671875
0 0.50390625 0.6234375 0.0984375 0.06875
1 0.18671875 0.36640625 0.0984375 0.0671875
1 0.18828125 0.69296875 0.0953125 0.0671875
1 0.503125 0.55703125 0.096875 0.0703125
1 0.50390625 0.2296875 0.0953125 0.06875
1 0.08828125 0.76171875 0.1015625 0.0703125
1 0.5 0.29375 0.09375 0.06875
1 0.50078125 0.49140625 0.0953125 0.0703125
1 0.8546875 0.359375 0.1 0.065625
0 0.7234374999999998 0.81796875 0.1 0.0671875
1 0.503125 0.1625 0.09375 0.065625
1 0.4007812499999999 0.22968749999999996 0.1046875 0.071875
1 0.8546875 0.5546874999999999 0.1 0.06875
1 0.40703125 0.75625 0.0953125 0.06875
1 0.1875 0.62890625 0.1 0.0703125
1 0.853125 0.6203125 0.096875 0.06875
1 0.4000000000000001 0.49296875 0.10625 0.0703125
0 0.85703125 0.690625 0.0984375 0.06875
1 0.08046875 0.2296875 0.1109375 0.078125
1 0.1859375 0.29921875 0.1 0.0734375
1 0.19296875 0.76015625 0.1046875 0.0703125
0 0.4000000000000001 0.29453125 0.10625 0.0671875
1 0.18515625 0.5609375 0.0921875 0.06875
1 0.50078125 0.35703125 0.0953125 0.0703125
1 0.0828125 0.3015625 0.103125 0.071875
1 0.403125 0.16171875 0.1 0.0703125
1 0.84921875 0.29140625 0.0984375 0.0703125
1 0.4046875 0.88515625 0.10625 0.0703125
1 0.0859375 0.43203125 0.1 0.0640625
1 0.08671875 0.3671875 0.0953125 0.06875
1 0.7234375 0.35625 0.103125 0.06875
0 0.71875 0.5546874999999999 0.1 0.06875
1 0.18828125 0.89765625 0.0953125 0.0671875
1 0.4000000000000001 0.42890625 0.10625 0.0703125
1 0.0859375 0.496875 0.109375 0.075
0 0.85625 0.2296875 0.09375 0.065625
0 0.40390625 0.82265625 0.1046875 0.0671875
1 0.50546875 0.81953125 0.0984375 0.0765625
0 0.503125 0.75546875 0.096875 0.0671875
1 0.18671875 0.43046875 0.0984375 0.0640625
1 0.84921875 0.4875 0.0984375 0.06875
1 0.50625 0.8874999999999998 0.1 0.06875
1 0.4000000000000001 0.36015625 0.10625 0.0703125
1 0.71875 0.4867187499999999 0.1 0.0734375
1 0.2 0.8265625 0.11875 0.06875
1 0.4015625 0.62265625 0.10625 0.0703125
1 0.0890625 0.8296875 0.103125 0.06875
1 0.72421875 0.2875 0.1046875 0.06875
1 0.85703125 0.8859375 0.0921875 0.0625
1 0.0875 0.9 0.10625 0.075
1 0.8515625 0.4234375 0.1 0.06875
0 0.0859375 0.56640625 0.10625 0.0703125
1 0.18828125 0.22343750000000004 0.1109375 0.084375
0 0.72265625 0.68671875 0.1015625 0.0703125
1 0.0875 0.62890625 0.1 0.0734375
1 0.721875 0.8874999999999998 0.1 0.06875
1 0.73046875 0.61875 0.1140625 0.075
1 0.18515625 0.4953125 0.0921875 0.065625
1 0.08046875 0.16093750000000004 0.1109375 0.06875
1 0.72421875 0.21640625 0.1140625 0.0734375
1 0.403125 0.5578125 0.103125 0.065625
1 0.08671875 0.6953125 0.1046875 0.06875
1 0.721875 0.14921875 0.10625 0.0640625
1 0.184375 0.15703125 0.08671875 0.05
