1 0.378125 0.25234375 0.12421875 0.2234375
1 0.4515625 0.2703125 0.1140625 0.20234375
1 0.5265625 0.28828125 0.1046875 0.19453125
0 0.3203125 0.2421875 0.11796875 0.21171875
0 0.659375 0.3140625 0.09140625 0.1984375
1 0.590625 0.296875 0.09453125 0.19609375
1 0.71953125 0.325 0.1015625 0.2171875
1 0.78515625 0.34609375 0.1 0.22265625
0 0.0890625 0.6843749999999998 0.1671875 0.3109375
0 0.25390625 0.234375 0.12109375 0.215625
1 0.59375 0.76875 0.12109375 0.30078125
0 0.32812500000000006 0.72578125 0.1375 0.30859375
0 0.1625 0.70390625 0.16796875 0.3125
1 0.5109375 0.7515625 0.13125 0.3171875
1 0.42109375 0.7351562499999998 0.1140625 0.29921875
0 0.67578125 0.78359375 0.12890625 0.3078125
1 0.23984375 0.7125 0.140625 0.30625
