1 0.271875 0.8265625 0.328125 0.346875
1 0.1515625 0.88125 0.23125 0.2375
0 0.42734375 0.775 0.3296875 0.434375
1 0.578125 0.69140625 0.3375 0.4203125
1 0.7109375 0.5765625 0.325 0.403125
1 0.84609375 0.49375 0.3078125 0.403125
1 0.9226562499999998 0.390625 0.1546875 0.378125
1 0.11640625 0.525 0.2328125 0.340625
1 0.228125 0.41171875 0.3125 0.3703125
1 0.37578125 0.36640625 0.3234375 0.3796875
1 0.521875 0.2625 0.31875 0.340625
1 0.665625 0.17578125 0.328125 0.3515625
1 0.8265624999999999 0.121875 0.275 0.24375
