0 0.26796875 0.55 0.14296875 0.1640625
0 0.1890625 0.57734375 0.1421875 0.1640625
0 0.3375 0.5234375 0.13984375 0.15703125
0 0.67265625 0.55234375 0.1875 0.1625
0 0.47734375 0.65 0.19140625 0.1921875
0 0.4046875 0.49296875 0.14453125 0.1546875
0 0.47265625 0.46796874999999993 0.14765625 0.14921875
0 0.6125 0.578125 0.18984375 0.1640625
0 0.2578125 0.32890625 0.103125 0.11875
0 0.10625 0.609375 0.1453125 0.16796875
0 0.39609375 0.68046875 0.18984375 0.1984375
0 0.5859375 0.4203125 0.14140625 0.1296875
0 0.73046875 0.52578125 0.18515625 0.153125
0 0.53359375 0.446875 0.14296875 0.13671875
0 0.5546875 0.6171875 0.2046875 0.18046875
1 0.31640624999999994 0.31171875 0.10078125 0.1125
1 0.5671875 0.2328125 0.1109375 0.11015625
0 0.878125 0.45234375 0.17421875 0.12890625
1 0.4265625 0.278125 0.103125 0.11015625
1 0.37109375 0.29453125 0.103125 0.1171875
0 0.78046875 0.5046875 0.17890625 0.15078125
0 0.7328125 0.36875 0.1375 0.11484375
0 0.2015625 0.3484375 0.10703125 0.125
0 0.5296875 0.25 0.09921875 0.1015625
1 0.3328125 0.2078125 0.09140625 0.096875
1 0.07421875 0.3828125 0.11015625 0.134375
1 0.65546875 0.2109375 0.10546875 0.09453125
1 0.22734375 0.1171875 0.071875 0.07578125
0 0.91640625 0.43203125 0.1578125 0.13125
0 0.828125 0.4734375 0.178125 0.134375
0 0.728125 0.1921875 0.10234375 0.084375
0 0.171875 0.24921875 0.09375 0.1
0 0.22890625 0.76484375 0.196875 0.22890625
0 0.6921875 0.3859375 0.14921875 0.12421875
1 0.275 0.1078125 0.075 0.08046875
0 0.78046875 0.34921875 0.1390625 0.1171875
1 0.1390625 0.14765625 0.07265625 0.08125
1 0.3765625000000001 0.1921875 0.08671875 0.09453125
1 0.47421875 0.25859375 0.1 0.10546875
0 0.13359375 0.36015625 0.10546875 0.12109375
1 0.22812499999999997 0.2359375 0.0921875 0.10078125
0 0.63984375 0.40703125 0.1421875 0.1296875
1 0.1671875 0.07734375 0.06875 0.07421875
0 0.8234375000000002 0.334375 0.1421875 0.11328125
1 0.36015625 0.0859375 0.071875 0.08046875
0 0.621875 0.225 0.09296875 0.090625
0 0.95625 0.21171875 0.08671875 0.0828125
0 0.27578125 0.22578125 0.09609375 0.09609375
0 0.18359375 0.1328125 0.0734375 0.075
1 0.0921875 0.1546875 0.06796875 0.084375
0 0.86171875 0.321875 0.12890625 0.10546875
1 0.11171875 0.26953125 0.09140625 0.09765625
0 0.69765625 0.2046875 0.1015625 0.090625
0 0.31640624999999994 0.10234375 0.06953125 0.071875
0 0.465625 0.175 0.0890625 0.0875
1 0.4359375 0.078125 0.0703125 0.06640625
1 0.51015625 0.06328125 0.0703125 0.06484375
0 0.8984375 0.309375 0.1328125 0.10546875
0 0.896875 0.1671875 0.0921875 0.07734375
0 0.3234375 0.7203125 0.19765625 0.2203125
0 0.40234375 0.0875 0.06875 0.06953125
0 0.92265625 0.19296875 0.09296875 0.084375
1 0.76640625 0.178125 0.10234375 0.0875
1 0.37109375 0.03046875 0.0609375 0.0609375
0 0.58671875 0.14921875 0.090625 0.075
0 0.12578125 0.79609375 0.20625 0.23359375
1 0.40234375 0.02890625 0.0609375 0.0578125
0 0.47578125 0.07109375 0.0671875 0.06328125
1 0.25390625 0.05078125 0.06640625 0.06328125
1 0.29296875 0.046875 0.0609375 0.07109375
1 0.06171875 0.2828125 0.075 0.09453125
0 0.51015625 0.16640625 0.0875 0.0828125
1 0.57578125 0.04765625 0.0734375 0.06640625
0 0.8484375 0.12265625 0.0828125 0.065625
1 0.33203125 0.040625 0.059375 0.0671875
0 0.97265625 0.2359375 0.0546875 0.0875
0 0.55078125 0.0578125 0.0703125 0.065625
0 0.11875 0.09296875 0.06953125 0.0625
0 0.871875 0.1421875 0.0859375 0.07421875
1 0.2125 0.065625 0.06640625 0.07109375
0 0.4273437500000001 0.1859375 0.08671875 0.08515625
0 0.55234375 0.15625 0.0953125 0.08359375
0 0.66171875 0.13046875 0.0859375 0.07109375
0 0.9609375 0.390625 0.078125 0.109375
1 0.61015625 0.04296875 0.07265625 0.06484375
0 0.6250000000000001 0.140625 0.0875 0.0703125
0 0.44140625 0.0265625 0.0546875 0.053125
0 0.696875 0.12578125 0.084375 0.0703125
0 0.94140625 0.4109375 0.1171875 0.1171875
1 0.8046875 0.08359375 0.0859375 0.07265625
0 0.82421875 0.1015625 0.0875 0.07421875
0 0.64921875 0.9460937499999998 0.2046875 0.1078125
1 0.77265625 0.06875 0.07734375 0.05703125
0 0.02890625 0.40859375 0.0578125 0.125
1 0.7421875 0.0578125 0.07421875 0.04453125
0 0.525 0.021875 0.07109375 0.04375
0 0.46640625 0.025 0.05625 0.04921875
