0 0.9046875 0.40546875 0.1515625 0.171875
0 0.88046875 0.22109375 0.1984375 0.21875
0 0.8109375 0.4375 0.1234375 0.1734375
0 0.7796875 0.2390625 0.1734375 0.240625
0 0.68515625 0.28515625 0.2 0.2234375
0 0.73046875 0.46953125 0.1359375 0.16875
0 0.6656250000000001 0.4781250000000001 0.1453125 0.184375
0 0.596875 0.5109375 0.153125 0.1703125
0 0.53125 0.5296875 0.14375 0.146875
0 0.46640625 0.55390625 0.146875 0.1546875
0 0.41718749999999993 0.575 0.1375 0.1390625
0 0.3609375 0.59765625 0.1515625 0.1375
0 0.30703125 0.6054687499999999 0.1453125 0.1234375
0 0.259375 0.6234375 0.1421875 0.125
0 0.21171875 0.640625 0.140625 0.1125
0 0.1671875 0.65859375 0.1328125 0.1109375
0 0.13515625 0.66484375 0.1265625 0.103125
0 0.08984375 0.6875 0.121875 0.1109375
0 0.609375 0.3234375 0.2078125 0.2171875
0 0.52421875 0.3578125 0.2171875 0.20625
0 0.45 0.3890625 0.2078125 0.2
0 0.3890625 0.409375 0.1875 0.1796875
0 0.33125 0.43984375 0.2046875 0.1765625
0 0.271875 0.46875 0.190625 0.1625
0 0.215625 0.490625 0.1859375 0.1546875
0 0.1734375 0.5140625 0.190625 0.1453125
0 0.128125 0.534375 0.1828125 0.1515625
0 0.08359375 0.54921875 0.1640625 0.134375
0 0.0640625 0.56875 0.128125 0.1375
0 0.034375 0.59140625 0.06875 0.1109375
1 0.93125 0.6296875 0.115625 0.1453125
1 0.93125 0.73203125 0.06875 0.0984375
1 0.8796875 0.75 0.0984375 0.1109375
0 0.86640625 0.64453125 0.109375 0.1234375
0 0.79921875 0.66171875 0.109375 0.115625
0 0.73828125 0.6671875 0.109375 0.1046875
0 0.82421875 0.74765625 0.096875 0.10625
1 0.76328125 0.77265625 0.0859375 0.1078125
1 0.68359375 0.69453125 0.109375 0.1109375
1 0.6203125 0.70703125 0.1078125 0.1015625
0 0.70859375 0.7859375 0.08125 0.109375
1 0.57109375 0.73671875 0.096875 0.10625
1 0.5234375 0.7421875 0.1109375 0.1015625
1 0.65625 0.7953125 0.096875 0.1203125
1 0.609375 0.80859375 0.090625 0.1
0 0.5625 0.8203125 0.090625 0.0953125
0 0.5203125 0.8273437500000002 0.0921875 0.103125
0 0.47265625 0.83984375 0.090625 0.090625
0 0.4625000000000001 0.74375 0.0984375 0.1078125
1 0.42578125 0.76796875 0.1109375 0.1
0 0.3765625 0.76953125 0.103125 0.096875
0 0.4390625 0.840625 0.0890625 0.08125
0 0.39765625 0.84296875 0.10625 0.0890625
0 0.365625 0.84921875 0.09375 0.0859375
0 0.3265625 0.859375 0.08125 0.0734375
0 0.29453125 0.8671875 0.08125 0.0734375
1 0.33515625 0.7882812500000002 0.103125 0.0875
0 0.2953125 0.79375 0.0921875 0.0828125
0 0.259375 0.79453125 0.09375 0.071875
1 0.22265625 0.8140625 0.0796875 0.090625
1 0.8976562500000002 0.86015625 0.05625 0.065625
1 0.89609375 0.9140625 0.034375 0.0671875
1 0.8523437499999998 0.8734375 0.0765625 0.0875
0 0.8640624999999998 0.92265625 0.0609375 0.0703125
0 0.803125 0.8734375 0.071875 0.08125
1 0.8171875 0.9328125 0.0546875 0.075
1 0.75390625 0.8921875 0.0640625 0.0609375
1 0.7765625 0.94453125 0.0625 0.0765625
1 0.7335937500000002 0.9578125 0.05625 0.065625
1 0.69140625 0.95390625 0.0625 0.0671875
1 0.71328125 0.903125 0.0796875 0.071875
0 0.671875 0.9078125 0.0703125 0.059375
1 0.6265625 0.91484375 0.0671875 0.065625
1 0.65234375 0.9671875 0.0578125 0.065625
1 0.61328125 0.9695312499999998 0.0546875 0.0609375
1 0.5796875 0.9718750000000002 0.059375 0.05625
0 0.5859375 0.921875 0.075 0.065625
1 0.54609375 0.93125 0.0796875 0.06875
0 0.51484375 0.93515625 0.0859375 0.0625
1 0.47734375 0.9359375 0.084375 0.0671875
0 0.4359375 0.940625 0.0765625 0.0609375
0 0.55 0.9757812500000002 0.059375 0.0484375
0 0.515625 0.9773437499999998 0.059375 0.0453125
0 0.4859375000000001 0.9796875000000002 0.059375 0.040625
0 0.4546875 0.98125 0.0609375 0.0359375
0 0.428125 0.9859375 0.0609375 0.025
1 0.40625 0.94765625 0.0671875 0.065625
1 0.37109375 0.9578125 0.0765625 0.0640625
0 0.00546875 0.715625 0.0109375 0.0875
0 0.021875 0.74140625 0.04375 0.0828125
0 0.0390625 0.7671875 0.078125 0.078125
0 0.065625 0.80078125 0.0875 0.078125
0 0.08828125 0.82265625 0.09375 0.0765625
0 0.11796875 0.84453125 0.0921875 0.08125
0 0.1375 0.86796875 0.0796875 0.0828125
0 0.16796875 0.8921875 0.0921875 0.0859375
1 0.18359375 0.90859375 0.0953125 0.0671875
1 0.2140625 0.92578125 0.078125 0.0484375
1 0.23515625 0.93828125 0.075 0.034375
0 0.259375 0.9484375 0.05625 0.0234375
