0 0.35 0.1125 0.18125 0.1625
0 0.17109375 0.1625 0.23125 0.2125
0 0.39453125 0.20078125 0.1796875 0.134375
0 0.203125 0.259375 0.25 0.1890625
0 0.26171875 0.346875 0.2359375 0.2140625
0 0.43828125 0.2765625 0.1765625 0.146875
0 0.45546875 0.3390625 0.19375 0.1578125
0 0.49765625 0.403125 0.1796875 0.1640625
0 0.52578125 0.46484375 0.15625 0.153125
0 0.5578125 0.52578125 0.1640625 0.1578125
0 0.5859374999999999 0.571875 0.146875 0.146875
0 0.615625 0.62421875 0.146875 0.159375
0 0.63203125 0.6765624999999998 0.1328125 0.1515625
0 0.65625 0.72109375 0.134375 0.15
0 0.6796875 0.765625 0.121875 0.1484375
0 0.70390625 0.8078125 0.11875 0.140625
0 0.7140625000000002 0.83828125 0.1109375 0.1328125
0 0.74296875 0.8796875 0.11875 0.1296875
0 0.309375 0.41640625 0.23125 0.2203125
0 0.35546875 0.49531249999999993 0.21875 0.23125
0 0.396875 0.56484375 0.2140625 0.2203125
0 0.42578125 0.62265625 0.1921875 0.1984375
0 0.4640625 0.67578125 0.190625 0.215625
0 0.50078125 0.73046875 0.175 0.2015625
0 0.53046875 0.7828125 0.1671875 0.1953125
0 0.559375 0.82109375 0.1578125 0.2
0 0.5859374999999999 0.86328125 0.1625 0.1921875
0 0.60703125 0.90546875 0.14375 0.171875
0 0.63046875 0.925 0.1453125 0.140625
0 0.65625 0.95078125 0.1140625 0.08125
1 0.56875 0.05859375 0.153125 0.1171875
1 0.6703125 0.040625 0.103125 0.075
1 0.69453125 0.0890625 0.1171875 0.10625
0 0.5921875 0.1171875 0.13125 0.1171875
0 0.61875 0.18125 0.1234375 0.1171875
0 0.63203125 0.240625 0.1125 0.115625
0 0.7 0.14453125 0.1125 0.1046875
1 0.73359375 0.2015625 0.1125 0.09375
1 0.6671875 0.290625 0.11875 0.1171875
1 0.68828125 0.35234375 0.109375 0.1140625
0 0.75390625 0.253125 0.1140625 0.0890625
1 0.725 0.39609375 0.1125 0.1046875
1 0.73671875 0.44296875 0.109375 0.1171875
1 0.77109375 0.30390625 0.1265625 0.1046875
1 0.790625 0.3484375 0.10625 0.096875
0 0.80859375 0.39375 0.1015625 0.096875
0 0.82109375 0.434375 0.109375 0.0984375
0 0.840625 0.4796875 0.096875 0.096875
0 0.74609375 0.503125 0.1140625 0.10625
1 0.77578125 0.5359375 0.1078125 0.1171875
0 0.78359375 0.58515625 0.103125 0.109375
0 0.8453125 0.51328125 0.0859375 0.09375
0 0.85390625 0.55390625 0.096875 0.1109375
0 0.86484375 0.584375 0.0921875 0.0984375
0 0.8796875 0.621875 0.078125 0.084375
0 0.8921875 0.65234375 0.078125 0.084375
1 0.80859375 0.6234375 0.09375 0.1078125
0 0.81953125 0.66171875 0.0890625 0.096875
0 0.82578125 0.69765625 0.078125 0.0984375
1 0.84921875 0.73125 0.0953125 0.0859375
1 0.8015624999999998 0.05625 0.06875 0.0609375
1 0.8546875 0.05 0.06875 0.0390625
1 0.8210937499999998 0.09921875 0.0921875 0.08125
0 0.8671875 0.08046875 0.075 0.0640625
0 0.82734375 0.1484375 0.084375 0.0765625
1 0.884375 0.12578125 0.078125 0.059375
1 0.853125 0.19453125 0.065625 0.06875
1 0.9015625 0.1640625 0.08125 0.0671875
1 0.92109375 0.20546875 0.06875 0.0609375
1 0.92265625 0.24765625 0.071875 0.0671875
1 0.86953125 0.2328125 0.0765625 0.0828125
0 0.8796875 0.2734375 0.0625 0.075
1 0.89296875 0.3171875 0.0703125 0.071875
1 0.94453125 0.2828125 0.075 0.0625
1 0.95 0.32265625 0.065625 0.059375
1 0.95859375 0.35546875 0.0640625 0.0640625
0 0.90625 0.35625 0.0703125 0.0796875
1 0.92109375 0.39453125 0.0734375 0.084375
0 0.92890625 0.425 0.0671875 0.090625
1 0.93515625 0.46171875 0.071875 0.0890625
0 0.9453125 0.5015625 0.065625 0.08125
0 0.965625 0.384375 0.05625 0.0625
0 0.97109375 0.41796875 0.0515625 0.0625
0 0.9773437499999998 0.44765625 0.0453125 0.0609375
0 0.9812499999999998 0.4765625 0.0375 0.0625
0 0.98828125 0.50234375 0.0234375 0.0609375
1 0.95625 0.53046875 0.0703125 0.071875
1 0.9679687500000002 0.5625 0.0640625 0.08125
0 0.7828125 0.9640625 0.0890625 0.0265625
0 0.80625 0.94453125 0.0859375 0.059375
0 0.83046875 0.92421875 0.0828125 0.0921875
0 0.8578125 0.88828125 0.0828125 0.0921875
0 0.8765625 0.8625 0.0828125 0.0984375
0 0.89453125 0.83046875 0.0875 0.096875
0 0.91484375 0.8078125 0.0875 0.084375
0 0.93515625 0.77421875 0.0921875 0.096875
1 0.9484375 0.75625 0.0734375 0.1
1 0.9609375 0.72421875 0.053125 0.08125
1 0.9703125 0.70078125 0.0390625 0.0765625
0 0.97734375 0.67578125 0.028125 0.0578125
