0 0.18828125 0.8265625 0.2234375 0.1125
1 0.2140625 0.71015625 0.20625 0.1203125
1 0.27265625 0.63125 0.2046875 0.134375
1 0.30390625 0.5546875 0.1921875 0.08125
1 0.33203125 0.50546875 0.1671875 0.0921875
1 0.35859375 0.46015625 0.1671875 0.0953125
1 0.36953125 0.415625 0.1828125 0.08125
0 0.39140625 0.38359375 0.1578125 0.0578125
1 0.8078125 0.7359375 0.240625 0.121875
1 0.78828125 0.6421875 0.2140625 0.084375
1 0.77734375 0.5640625 0.2078125 0.0875
0 0.7453125000000002 0.49375 0.165625 0.05625
1 0.7531250000000002 0.44296875 0.134375 0.0546875
1 0.7375 0.40703125 0.14375 0.0546875
1 0.73359375 0.3617187499999999 0.1484375 0.0734375
1 0.71875 0.328125 0.134375 0.059375
1 0.41015625 0.35703125 0.1359375 0.0421875
1 0.42890625 0.321875 0.1265625 0.04375
1 0.45 0.28359375 0.103125 0.0390625
1 0.465625 0.26328125 0.115625 0.0390625
0 0.478125 0.22890625 0.096875 0.0390625
1 0.4921875 0.203125 0.090625 0.0375
1 0.6875 0.1625 0.0875 0.028125
1 0.6875 0.18203125 0.08125 0.0390625
1 0.69765625 0.20078125 0.0953125 0.0390625
1 0.6984375 0.2171875 0.1125 0.046875
1 0.7015625 0.2328125 0.1125 0.053125
1 0.70390625 0.2515625 0.1140625 0.0625
1 0.7101562500000002 0.259375 0.1265625 0.059375
