1 0.5140625 0.75234375 0.103125 0.1265625
1 0.32421875 0.8171875 0.1078125 0.1421875
0 0.43359375 0.7265625 0.10625 0.1359375
0 0.3578125 0.70078125 0.109375 0.1359375
0 0.246875 0.7859375 0.1140625 0.1375
0 0.1671875 0.7578125 0.121875 0.146875
0 0.09140625 0.7328125 0.11875 0.153125
1 0.28125 0.67265625 0.1140625 0.1375
1 0.2046875 0.63984375 0.1265625 0.1421875
1 0.12890625 0.61328125 0.109375 0.1359375
0 0.05546875 0.58671875 0.1109375 0.1421875
0 0.015625 0.5625 0.03125 0.14375
1 0.0359375 0.70703125 0.071875 0.1484375
1 0.14140625 0.3125 0.1171875 0.1453125
1 0.1125 0.1734375 0.0890625 0.13125
1 0.07109375 0.29140625 0.084375 0.13125
0 0.184375 0.19453125 0.1046875 0.140625
0 0.21796875 0.3453125000000001 0.1171875 0.1453125
0 0.265625 0.23046875 0.1078125 0.1328125
1 0.3015625 0.378125 0.10625 0.1390625
1 0.34375 0.2578125 0.10625 0.1359375
0 0.421875 0.2875 0.103125 0.1390625
1 0.57734375 0.34375 0.1203125 0.15
1 0.4921875 0.31875 0.109375 0.146875
0 0.378125 0.4046875 0.115625 0.1421875
0 0.45625 0.43125 0.1125 0.14375
0 0.53125 0.459375 0.1140625 0.1453125
0 0.6453125 0.3703125 0.109375 0.1421875
0 0.72109375 0.40546875 0.109375 0.1359375
0 0.67734375 0.51640625 0.10625 0.1359375
1 0.60390625 0.4906249999999999 0.109375 0.14375
0 0.75703125 0.5453125 0.1 0.134375
1 0.79375 0.43203125 0.103125 0.13125
1 0.8296875 0.5765625 0.103125 0.13125
1 0.87109375 0.4625000000000001 0.103125 0.1375
1 0.90078125 0.6046875 0.1125 0.140625
1 0.94296875 0.4859375 0.1 0.134375
1 0.959375 0.62578125 0.08125 0.1359375
1 0.97890625 0.5046875 0.0421875 0.13125
1 0.95078125 0.2 0.0984375 0.15
1 0.73359375 0.1125 0.0984375 0.1296875
1 0.659375 0.08671875 0.115625 0.134375
1 0.5781249999999999 0.0625 0.115625 0.125
0 0.4984375 0.04609375 0.115625 0.0921875
1 0.421875 0.03125 0.10625 0.0625
1 0.3421875 0.01796875 0.109375 0.0359375
