1 0.278125 0.25234375 0.1953125 0.3578125
0 0.1921875 0.653125 0.184375 0.3515625
1 0.39765625 0.2796875 0.190625 0.3484375
1 0.51328125 0.309375 0.18125 0.359375
1 0.6140625 0.34140625 0.1859375 0.346875
0 0.72734375 0.3703125 0.1953125 0.3578125
0 0.84453125 0.3921875 0.1875 0.3578125
1 0.9304687499999998 0.4125 0.1390625 0.353125
0 0.30390625 0.678125 0.1875 0.3671875
1 0.4171875 0.6921875 0.196875 0.3546875
1 0.5328125 0.72421875 0.1828125 0.35
1 0.640625 0.75625 0.190625 0.36875
0 0.75 0.77890625 0.1921875 0.359375
0 0.86171875 0.80546875 0.190625 0.35625
