1 0.76875 0.69609375 0.128125 0.340625
0 0.76953125 0.2859375 0.11875 0.3359375
1 0.64609375 0.69375 0.1265625 0.33125
1 0.5265625 0.68984375 0.1125 0.3453125
1 0.42109375 0.67890625 0.1203125 0.33125
0 0.3046875 0.67421875 0.128125 0.340625
0 0.18515625 0.67734375 0.1203125 0.3421875
1 0.07421875 0.68046875 0.1171875 0.3390625
0 0.6546875 0.284375 0.1171875 0.353125
1 0.54140625 0.29453125 0.13125 0.3359375
1 0.421875 0.2875 0.1171875 0.3359375
1 0.309375 0.27890625 0.1203125 0.353125
0 0.19765625 0.27890625 0.125 0.3421875
0 0.0828125 0.2765625 0.1234375 0.340625
