1 0.57421875 0.74140625 0.08125 0.115625
1 0.40546875 0.85 0.08125 0.1328125
0 0.4906249999999999 0.7359375 0.08125 0.125
0 0.4109375 0.72890625 0.084375 0.125
0 0.3234375 0.8390625 0.0890625 0.125
0 0.23984375 0.83125 0.096875 0.1328125
0 0.16015625 0.825 0.090625 0.140625
1 0.3296875 0.7203125 0.0890625 0.125
1 0.24765625 0.70703125 0.1015625 0.1265625
1 0.1671875 0.7 0.084375 0.125
0 0.08984375 0.69140625 0.0859375 0.13125
0 0.02421875 0.68671875 0.0484375 0.1359375
1 0.07734375 0.81796875 0.090625 0.1359375
1 0.021875 0.81328125 0.04375 0.1328125
1 0.10703125 0.4046875 0.0921875 0.13125
1 0.0453125 0.2765625 0.0625 0.1265625
1 0.03359375 0.40078125 0.0578125 0.125
0 0.1203125 0.28046875 0.078125 0.1296875
0 0.1890625 0.41796875 0.0921875 0.13125
0 0.20703125 0.29453125 0.084375 0.1203125
1 0.278125 0.4296875 0.08125 0.1296875
1 0.28984375 0.303125 0.08125 0.125
0 0.37265625 0.3125 0.078125 0.128125
1 0.5375 0.3296875 0.09375 0.1359375
1 0.4484375 0.3257812500000001 0.08125 0.1375
0 0.35859375 0.43671874999999993 0.090625 0.1296875
0 0.440625 0.44375 0.0859375 0.1328125
0 0.5203125 0.453125 0.0875 0.134375
0 0.61015625 0.33828125 0.0828125 0.13125
0 0.69140625 0.3546875 0.084375 0.1234375
0 0.6765625 0.4734375 0.08125 0.125
1 0.5984375 0.465625 0.0828125 0.1328125
0 0.76015625 0.48203125 0.075 0.1234375
1 0.7687500000000002 0.3625 0.0796875 0.1203125
1 0.83828125 0.4945312499999999 0.0796875 0.1203125
1 0.85078125 0.3734375 0.078125 0.1265625
1 0.9140625 0.5046875 0.0875 0.128125
1 0.9265625 0.37890625 0.075 0.1234375
1 0.975 0.509375 0.05 0.13125
1 0.97890625 0.384375 0.0421875 0.125
1 0.98984375 0.1109375 0.0203125 0.121875
0 0.95546875 0.109375 0.0734375 0.11875
1 0.8765625 0.09765625 0.09375 0.1359375
1 0.6328125 0.06796875 0.0734375 0.1203125
1 0.5546874999999999 0.06015625 0.0921875 0.1203125
1 0.46875 0.05546875 0.09375 0.1109375
0 0.38359375 0.05 0.0953125 0.1
1 0.30234375 0.0453125 0.0859375 0.090625
1 0.21796875 0.04140625 0.0890625 0.0828125
1 0.14140625 0.034375 0.0796875 0.06875
1 0.06875 0.03125 0.059375 0.0625
