1 0.28671875 0.44609375 0.0671875 0.140625
0 0.4625 0.44140625 0.06640625 0.1390625
0 0.17734375 0.44921875 0.06875 0.13515625
0 0.23203125 0.446875 0.0671875 0.1390625
0 0.40234375 0.44375 0.06875 0.13515625
1 0.525 0.44375 0.06796875 0.140625
1 0.3421874999999999 0.45 0.0640625 0.1328125
0 0.29609375 0.821875 0.0671875 0.165625
0 0.76640625 0.81953125 0.071875 0.15859375
1 0.3609375 0.825 0.071875 0.175
1 0.64375 0.44296875 0.06328125 0.1421875
1 0.88359375 0.4421875 0.0671875 0.14140625
1 0.1171875 0.4546875000000001 0.0671875 0.1375
1 0.49296875 0.8203125 0.06796875 0.16953125
1 0.57890625 0.44296875 0.0640625 0.1390625
1 0.6328124999999999 0.8296875 0.07265625 0.1578125
1 0.84375 0.821875 0.08125 0.16015625
1 0.81875 0.4484375 0.06015625 0.1390625
1 0.42890625 0.8234375000000002 0.0625 0.16953125
1 0.76328125 0.446875 0.0609375 0.14375
1 0.56171875 0.8234375 0.06953125 0.16484375
1 0.103125 0.821875 0.06796875 0.1578125
1 0.22890625 0.821875 0.06484375 0.1546875
1 0.69609375 0.82109375 0.07578125 0.15546875
1 0.69921875 0.4476562499999999 0.06171875 0.14375
0 0.065625 0.45234375 0.07578125 0.1421875
1 0.1640625 0.82109375 0.0625 0.15625
1 0.91015625 0.81953125 0.078125 0.16484375
1 0.034375 0.82578125 0.0671875 0.1515625
0 0.0234375 0.45234375 0.04609375 0.1421875
