0 0.871875 0.12109375 0.109375 0.2390625
0 0.8664062500000002 0.56640625 0.10703125 0.23671875
0 0.87109375 0.775 0.11015625 0.23671875
0 0.78515625 0.7742187499999998 0.08125 0.22890625
0 0.5820312499999999 0.115625 0.084375 0.225
0 0.653125 0.1171875 0.08515625 0.22734375
0 0.04296875 0.77265625 0.08515625 0.22890625
0 0.44765625 0.1140625 0.08671875 0.225
0 0.72265625 0.7765625 0.07734375 0.2265625
0 0.78671875 0.11796875 0.08125 0.23046875
0 0.04375 0.56171875 0.0875 0.2203125
0 0.178125 0.77265625 0.08984375 0.2265625
0 0.378125 0.115625 0.08671875 0.225
0 0.78515625 0.565625 0.084375 0.22890625
0 0.72265625 0.1171875 0.078125 0.2265625
0 0.65390625 0.77734375 0.08359375 0.22578125
0 0.24687500000000004 0.77578125 0.08828125 0.22265625
0 0.45 0.77578125 0.08984375 0.21484375
0 0.5125 0.115625 0.08671875 0.22421875
0 0.72265625 0.56484375 0.08203125 0.2203125
0 0.18046875 0.11640625 0.08671875 0.22734375
0 0.58046875 0.77734375 0.08515625 0.22421875
0 0.31171875 0.11640625 0.0828125 0.22421875
0 0.3812499999999999 0.77578125 0.09296875 0.21875
0 0.24453125 0.1171875 0.0828125 0.228125
0 0.11484375 0.771875 0.0859375 0.22109375
0 0.040625 0.1140625 0.08046875 0.22265625
0 0.31640624999999994 0.7765625 0.0890625 0.21875
0 0.109375 0.11640625 0.08515625 0.22578125
0 0.11328125 0.559375 0.0875 0.2203125
0 0.51875 0.7765625 0.08828125 0.21796875
0 0.584375 0.5625 0.084375 0.21171875
0 0.51953125 0.56484375 0.08359375 0.2046875
1 0.45 0.559375 0.08203125 0.20234375
0 0.378125 0.56484375 0.08671875 0.209375
0 0.65625 0.5609375 0.08671875 0.21953125
0 0.18359375 0.56328125 0.0921875 0.22109375
0 0.31484375 0.565625 0.08671875 0.20625
0 0.953125 0.11796875 0.0859375 0.2328125
0 0.24687500000000004 0.56328125 0.08828125 0.21484375
