1 0.8203125 0.67265625 0.03203125 0.0796875
1 0.66171875 0.4140625 0.03125 0.0859375
0 0.79140625 0.934375 0.03125 0.08515625
0 0.6359375 0.9328125000000002 0.0296875 0.08359375
0 0.63828125 0.41484375 0.03203125 0.0859375
1 0.71484375 0.15546875 0.03203125 0.08046875
0 0.6367187499999999 0.6734375 0.0296875 0.08359375
0 0.76640625 0.85 0.034375 0.08203125
0 0.184375 0.8484375 0.03828125 0.08203125
0 0.6625 0.67421875 0.03203125 0.084375
1 0.8734375 0.4140625 0.0296875 0.08359375
0 0.7671875 0.67265625 0.0328125 0.0828125
0 0.1578125 0.8484375 0.034375 0.08203125
0 0.66328125 0.33125 0.034375 0.08203125
0 0.68984375 0.41328125 0.03125 0.0828125
0 0.3953125 0.85078125 0.03359375 0.08046875
0 0.1296875 0.59453125 0.03671875 0.0828125
0 0.7671875 0.93515625 0.0328125 0.08515625
0 0.1296875 0.8484375 0.03671875 0.0828125
0 0.6640625 0.06953125 0.03515625 0.084375
1 0.71484375 0.075 0.03359375 0.08203125
0 0.66171875 0.934375 0.03125 0.0859375
0 0.3703125 0.85078125 0.03359375 0.08125
0 0.4234375 0.415625 0.0296875 0.08359375
0 0.6046875 0.4171875 0.0328125 0.084375
0 0.63359375 0.846875 0.03203125 0.08203125
1 0.79140625 0.41640625 0.03125 0.08359375
0 0.6882812499999998 0.671875 0.03359375 0.084375
0 0.34296875 0.4164062499999999 0.03203125 0.08515625
0 0.1296875 0.3382812499999999 0.0390625 0.0796875
0 0.6078125 0.6734375 0.0296875 0.0828125
0 0.31796875 0.4171875 0.03359375 0.0859375
1 0.82109375 0.41640625 0.0328125 0.08359375
1 0.740625 0.85078125 0.03125 0.08046875
1 0.68828125 0.07265625 0.0328125 0.0796875
0 0.3953125 0.4171875 0.0296875 0.08515625
0 0.6625 0.15859375 0.03125 0.08359375
0 0.6078125 0.9328125000000002 0.03046875 0.08359375
0 0.84453125 0.67265625 0.0328125 0.08125
0 0.6375 0.33359375 0.03359375 0.08125
0 0.74375 0.15390625 0.0328125 0.08515625
1 0.7921875 0.15390625 0.034375 0.0859375
0 0.6625 0.846875 0.03359375 0.0828125
0 0.7140625 0.33203125 0.034375 0.08203125
1 0.79296875 0.0734375 0.0359375 0.0796875
0 0.68984375 0.934375 0.03125 0.0859375
1 0.89921875 0.67109375 0.03203125 0.084375
1 0.79296875 0.3328125 0.03203125 0.08046875
0 0.36796875 0.41875 0.03203125 0.08515625
0 0.76796875 0.153125 0.0328125 0.08671875
0 0.39609375 0.6765625 0.03046875 0.08203125
0 0.1546875 0.33671875 0.0359375 0.08046875
0 0.16015625 0.59453125 0.034375 0.0828125
0 0.71484375 0.41328125 0.03203125 0.0828125
0 0.13046875 0.4203125 0.0375 0.08984375
0 0.6046875 0.33125 0.03203125 0.08125
0 0.71171875 0.671875 0.034375 0.084375
0 0.76875 0.33359375 0.034375 0.08203125
0 0.76875 0.41484375 0.03125 0.08359375
0 0.79296875 0.67109375 0.03359375 0.084375
0 0.7429687499999998 0.33359375 0.03359375 0.08125
0 0.3671875 0.334375 0.034375 0.08203125
0 0.634375 0.5875 0.0328125 0.08359375
0 0.42578125 0.6765625 0.0296875 0.0828125
1 0.6875 0.15546875 0.0328125 0.08203125
0 0.74296875 0.6734375 0.034375 0.08359375
0 0.34375 0.846875 0.03359375 0.0828125
0 0.42265625 0.06796875 0.0390625 0.090625
0 0.60859375 0.15546875 0.03125 0.08671875
0 0.3171875 0.675 0.03515625 0.084375
0 0.71484375 0.934375 0.0328125 0.08515625
0 0.1859375 0.3359375 0.03671875 0.08125
0 0.60703125 0.07109375 0.03125 0.08125
1 0.740625 0.59140625 0.03203125 0.0828125
0 0.21328125 0.846875 0.03671875 0.08203125
0 0.74296875 0.93125 0.034375 0.08359375
0 0.1546875 0.41953125 0.0359375 0.08828125
0 0.63671875 0.06796875 0.03515625 0.08359375
0 0.31796875 0.8484375 0.03515625 0.08203125
0 0.1859375 0.15234375 0.03671875 0.08828125
0 0.609375 0.84765625 0.03046875 0.08125
1 0.8203125 0.85 0.03125 0.08046875
0 0.8390625 0.93203125 0.04921875 0.0875
0 0.71484375 0.846875 0.03359375 0.0828125
0 0.1296875 0.071875 0.03984375 0.08671875
1 0.9 0.415625 0.0328125 0.084375
0 0.66171875 0.58828125 0.03359375 0.0828125
0 0.36796875 0.1515625 0.034375 0.08671875
0 0.34375 0.6734375 0.03515625 0.08515625
0 0.1859375 0.06953125 0.0375 0.08359375
0 0.68671875 0.8515625 0.034375 0.0828125
1 0.6875 0.33124999999999993 0.0328125 0.0796875
1 0.7671875 0.0765625 0.0359375 0.08203125
0 0.68828125 0.58671875 0.0328125 0.0828125
0 0.15390625 0.0703125 0.0375 0.08515625
1 0.90546875 0.32890625 0.0390625 0.0859375
0 0.31875 0.934375 0.0359375 0.0875
0 0.6046875 0.5875 0.0328125 0.08515625
0 0.371875 0.675 0.03125 0.0828125
0 0.1859375 0.4195312500000001 0.0359375 0.08671875
0 0.3171875 0.153125 0.0359375 0.08828125
0 0.29375 0.4171875 0.0328125 0.0859375
1 0.89921875 0.5898437500000001 0.03515625 0.08359375
0 0.821875 0.07265625 0.0359375 0.078125
0 0.34296875 0.93359375 0.034375 0.0859375
0 0.1546875 0.15234375 0.0359375 0.08828125
0 0.12890625 0.1578125 0.03671875 0.09140625
0 0.8734375 0.67265625 0.03125 0.08203125
0 0.79140625 0.85078125 0.03203125 0.08125
0 0.18359375 0.93359375 0.0359375 0.08828125
1 0.63828125 0.15625 0.03046875 0.0859375
0 0.39453125 0.334375 0.0328125 0.08046875
1 0.7390625 0.4140625 0.03125 0.08359375
0 0.71171875 0.58671875 0.034375 0.0828125
0 0.13046875 0.675 0.03828125 0.08671875
0 0.23671875 0.8468750000000002 0.03671875 0.08359375
0 0.85078125 0.41796875 0.03203125 0.0859375
0 0.34296875 0.153125 0.03515625 0.0875
0 0.209375 0.071875 0.03359375 0.084375
0 0.34453125 0.5875 0.03515625 0.08515625
0 0.4242187499999999 0.15234375 0.034375 0.084375
0 0.39375 0.93203125 0.03359375 0.084375
0 0.1578125 0.93359375 0.03359375 0.08828125
0 0.3421874999999999 0.334375 0.034375 0.08359375
0 0.13046875 0.93125 0.04140625 0.09140625
0 0.3695312499999999 0.9328125 0.034375 0.08515625
0 0.7375 0.07421875 0.034375 0.0796875
0 0.29375 0.853125 0.03671875 0.08359375
0 0.26640625 0.8507812500000002 0.03671875 0.08359375
0 0.265625 0.59375 0.0359375 0.0828125
1 0.765625 0.5921875 0.034375 0.08359375
1 0.8203125 0.3328125 0.0328125 0.08125
0 0.28906250000000006 0.934375 0.0359375 0.0875
1 0.790625 0.59140625 0.03359375 0.084375
1 0.87109375 0.58671875 0.0328125 0.08671875
0 0.5796875 0.85078125 0.034375 0.08046875
0 0.26171875 0.4171875 0.034375 0.0859375
0 0.58046875 0.671875 0.02890625 0.08125
0 0.39375 0.06953125 0.0375 0.08828125
0 0.21171875 0.4171875 0.03671875 0.0859375
0 0.18281249999999996 0.5921875 0.03671875 0.08125
0 0.15546875 0.6734375 0.0359375 0.08515625
0 0.371875 0.5921875 0.03125 0.084375
0 0.2375 0.59296875 0.0375 0.0828125
0 0.31796875 0.334375 0.03359375 0.084375
0 0.42578125 0.85 0.034375 0.0796875
1 0.81796875 0.5875 0.03203125 0.08671875
0 0.21484375 0.67734375 0.03671875 0.0859375
0 0.265625 0.934375 0.03671875 0.0875
0 0.58046875 0.4140625 0.028125 0.08359375
0 0.3421875 0.0734375 0.0375 0.08125
0 0.36796875 0.06875 0.0421875 0.084375
0 0.39453125 0.5898437499999999 0.03125 0.084375
0 0.21328125 0.93359375 0.03671875 0.0875
0 0.29375 0.153125 0.03671875 0.0890625
0 0.31328125 0.07265625 0.0375 0.08125
0 0.58125 0.93203125 0.0296875 0.0828125
0 0.2125 0.33515625 0.03828125 0.08125
0 0.23515625 0.071875 0.0359375 0.084375
0 0.209375 0.1578125 0.03359375 0.08671875
0 0.29296875 0.0765625 0.0375 0.08203125
0 0.31953125 0.58828125 0.0359375 0.08359375
0 0.2140625 0.5953125 0.03515625 0.08125
0 0.58046875 0.0734375 0.0328125 0.08125
0 0.234375 0.1578125 0.03515625 0.0859375
0 0.39375 0.1515625 0.0328125 0.0859375
0 0.23671875 0.415625 0.03515625 0.084375
1 0.853125 0.153125 0.04609375 0.0953125
0 0.23671875 0.93359375 0.03671875 0.0875
0 0.26015625 0.0703125 0.0375 0.0828125
0 0.10546875 0.4203125 0.03984375 0.090625
1 0.87734375 0.33046875 0.03359375 0.08203125
1 0.87421875 0.84765625 0.03203125 0.08203125
0 0.2609375 0.153125 0.03671875 0.0875
0 0.29375 0.675 0.03515625 0.08515625
0 0.29375 0.5898437500000001 0.03671875 0.08359375
0 0.29296874999999994 0.334375 0.034375 0.08359375
0 0.42265625 0.93203125 0.034375 0.084375
0 0.42578125 0.590625 0.03125 0.0828125
0 0.42421875 0.334375 0.03203125 0.08203125
0 0.58046875 0.15703125 0.03046875 0.0859375
0 0.5796875 0.33203125 0.0328125 0.08046875
0 0.1828125 0.67734375 0.034375 0.0859375
1 0.85 0.58828125 0.03359375 0.08671875
0 0.84375 0.84921875 0.034375 0.0828125
0 0.4484375 0.0671875 0.03515625 0.090625
0 0.23828125 0.67421875 0.0375 0.084375
0 0.10546875 0.33671875 0.03984375 0.0796875
0 0.846875 0.33203125 0.03515625 0.0828125
1 0.821875 0.15390625 0.0328125 0.0875
0 0.8484375 0.075 0.03515625 0.078125
0 0.2375 0.33671875 0.0375 0.08046875
0 0.26171875 0.33515625 0.0359375 0.0828125
0 0.2625 0.675 0.0359375 0.084375
0 0.57890625 0.584375 0.03203125 0.08515625
0 0.82109375 0.934375 0.03046875 0.0875
0 0.90234375 0.846875 0.03984375 0.08203125
0 0.10390625 0.85625 0.04296875 0.0828125
0 0.1015625 0.675 0.04765625 0.08828125
0 0.4484375 0.41484375 0.028125 0.0796875
1 0.865625 0.071875 0.0328125 0.07734375
0 0.10234375 0.59296875 0.04609375 0.0828125
