0 0.896875 0.32109375 0.04140625 0.03046875
1 0.09921874999999998 0.28671875 0.0359375 0.03125
0 0.89609375 0.4375 0.03984375 0.03046875
1 0.81640625 0.15234374999999997 0.03515625 0.02890625
1 0.22109375 0.22578125 0.03984375 0.03125
1 0.221875 0.7578125 0.03828125 0.03046875
0 0.09921874999999998 0.315625 0.0359375 0.028125
1 0.89921875 0.35 0.04375 0.03203125
0 0.8984375 0.38125 0.03984375 0.03125
1 0.89921875 0.5328125 0.0390625 0.0296875
1 0.81796875 0.56015625 0.0375 0.03125
1 0.3421875 0.86953125 0.03515625 0.02890625
1 0.09453125 0.19765625 0.0421875 0.03203125
0 0.2203125 0.19296875 0.04140625 0.0328125
0 0.8140625 0.26796875 0.03671875 0.02890625
0 0.18281249999999996 0.4578125 0.040625 0.03125
1 0.21875 0.16484375 0.04140625 0.03359375
0 0.896875 0.55859375 0.03828125 0.03203125
1 0.896875 0.409375 0.0390625 0.03203125
0 0.1015625 0.40234375 0.03671875 0.02890625
1 0.428125 0.8953125 0.03671875 0.03125
1 0.17421875 0.1671875 0.04375 0.03125
1 0.4265625 0.81015625 0.03671875 0.03046875
1 0.06640625 0.93515625 0.0359375 0.028125
0 0.18125 0.4015625 0.0390625 0.02890625
0 0.5734375 0.18203125 0.03671875 0.03203125
0 0.81796875 0.7640625 0.0390625 0.0296875
1 0.8984375 0.58671875 0.03828125 0.0296875
1 0.8171875 0.73359375 0.03828125 0.03046875
1 0.22109375 0.4296875 0.03828125 0.03125
0 0.1828125 0.76015625 0.0390625 0.0296875
1 0.69765625 0.3265625 0.0359375 0.03046875
0 0.0625 0.403125 0.0390625 0.03125
1 0.2203125 0.3421875 0.0390625 0.0296875
0 0.184375 0.84296875 0.0390625 0.03203125
1 0.18125 0.48984375 0.03828125 0.034375
1 0.2203125 0.45703125 0.03515625 0.02890625
0 0.775 0.209375 0.03984375 0.03046875
1 0.778125 0.73203125 0.03984375 0.03203125
1 0.65859375 0.29609375 0.040625 0.0328125
1 0.81484375 0.23515625 0.03671875 0.02890625
0 0.0625 0.434375 0.03828125 0.0296875
1 0.94375 0.29140625 0.04296875 0.03203125
1 0.178125 0.2265625 0.04375 0.03203125
1 0.896875 0.46484375 0.03984375 0.03359375
1 0.18125 0.37421875 0.03984375 0.03046875
0 0.89765625 0.29140625 0.0390625 0.03125
0 0.10468750000000002 0.81875 0.0359375 0.028125
0 0.1015625 0.49296875 0.0375 0.03203125
0 0.69921875 0.8203125 0.0375 0.0296875
0 0.77578125 0.56015625 0.04140625 0.03125
0 0.18359375 0.7859374999999998 0.0390625 0.0296875
1 0.21953125 0.5195312500000001 0.034375 0.0328125
1 0.81484375 0.20859375 0.0359375 0.03125
0 0.89921875 0.64765625 0.03828125 0.03125
0 0.1046875 0.93359375 0.0375 0.02890625
1 0.696875 0.3828125 0.0375 0.028125
0 0.3046875 0.8125 0.040625 0.0296875
1 0.29609375 0.253125 0.0375 0.0296875
0 0.22109375 0.371875 0.040625 0.03046875
1 0.45703125 0.51015625 0.0359375 0.0328125
1 0.1 0.375 0.0359375 0.03203125
0 0.6609374999999998 0.73359375 0.0375 0.03046875
1 0.540625 0.2984375 0.03828125 0.02890625
1 0.18125 0.43046875 0.03984375 0.03125
0 0.421875 0.44609375 0.03984375 0.03125
0 0.95 0.64609375 0.034375 0.0296875
1 0.53984375 0.2109375 0.0375 0.03125
0 0.29765625 0.28359375 0.0390625 0.02890625
1 0.94375 0.20859375 0.0390625 0.0296875
1 0.77578125 0.178125 0.040625 0.03125
0 0.1828125 0.70078125 0.03828125 0.03046875
1 0.1828125 0.6703125 0.0390625 0.03046875
1 0.571875 0.240625 0.03671875 0.0296875
0 0.46015625 0.86484375 0.0375 0.0296875
1 0.69765625 0.29375 0.0359375 0.02890625
1 0.8976562500000002 0.234375 0.040625 0.03125
1 0.69609375 0.26796875 0.03515625 0.02890625
1 0.18046875 0.3421875 0.03984375 0.0296875
0 0.8984375 0.6171875 0.03828125 0.03046875
1 0.81484375 0.29296875 0.0359375 0.03125
1 0.1828125 0.72890625 0.03828125 0.03125
0 0.94921875 0.3828125 0.0390625 0.03046875
1 0.45703125 0.47890625 0.0375 0.0328125
0 0.95 0.79140625 0.0328125 0.028125
1 0.41875 0.38828125 0.03984375 0.03125
0 0.4265625 0.8679687499999998 0.0359375 0.0296875
1 0.3421875 0.61328125 0.0375 0.02734375
0 0.2203125 0.48984375 0.0359375 0.03359375
1 0.8953125 0.2640625 0.03984375 0.03046875
0 0.4265625 0.83828125 0.03671875 0.03046875
1 0.421875 0.509375 0.03984375 0.0328125
1 0.33671875 0.253125 0.03828125 0.03125
1 0.17578125 0.19375 0.04453125 0.03046875
0 0.184375 0.5203125 0.03828125 0.03359375
1 0.696875 0.23984375 0.0375 0.02734375
1 0.81484375 0.3234375 0.0375 0.0296875
1 0.45703125 0.4453125 0.0375 0.03125
1 0.9 0.70625 0.03828125 0.03046875
0 0.4578125 0.75078125 0.0359375 0.02890625
1 0.3 0.309375 0.03828125 0.028125
0 0.6984375 0.353125 0.0390625 0.03046875
0 0.06640625 0.90390625 0.0375 0.0296875
1 0.096875 0.228125 0.03828125 0.03359375
0 0.303125 0.70078125 0.0390625 0.0296875
1 0.18203125 0.28515625 0.03984375 0.0296875
0 0.18359375 0.81640625 0.03671875 0.0296875
0 0.81640625 0.40859375 0.03828125 0.02890625
1 0.21953125 0.25625 0.0390625 0.03359375
1 0.0609375 0.375 0.0390625 0.03125
0 0.89921875 0.7640625 0.03828125 0.03046875
1 0.3421875 0.95390625 0.03515625 0.03046875
0 0.66015625 0.78984375 0.03828125 0.02890625
0 0.06328125 0.49296875 0.0390625 0.03359375
0 0.778125 0.7640625 0.03984375 0.02890625
0 0.065625 0.84609375 0.03828125 0.03046875
0 0.53828125 0.271875 0.03515625 0.028125
0 0.428125 0.9265625 0.03515625 0.02734375
0 0.6953125 0.4421875 0.0375 0.0296875
1 0.77734375 0.15078125 0.040625 0.0296875
0 0.89921875 0.7312499999999998 0.03828125 0.0296875
1 0.421875 0.47578125 0.0390625 0.0328125
1 0.3359375 0.309375 0.03515625 0.02890625
0 0.815625 0.3515625 0.03828125 0.03046875
0 0.6578125 0.32734375 0.03984375 0.02890625
0 0.21953125 0.13359375 0.040625 0.02734375
0 0.3015625 0.63984375 0.04140625 0.03046875
0 0.89921875 0.67578125 0.03828125 0.0296875
1 0.6546875 0.18046875 0.04140625 0.03203125
1 0.30078125 0.6132812500000001 0.04140625 0.02890625
0 0.34375 0.81328125 0.03828125 0.03046875
1 0.77578125 0.23671875 0.040625 0.02890625
0 0.06640625 0.81875 0.0375 0.0296875
0 0.5765625 0.6210937500000001 0.03671875 0.02890625
1 0.4593749999999999 0.80859375 0.034375 0.03046875
1 0.33671875 0.28046875 0.03515625 0.03046875
0 0.1 0.34296875 0.0359375 0.0296875
1 0.18515625 0.875 0.0390625 0.0296875
0 0.221875 0.39921875 0.0390625 0.0296875
1 0.8171874999999998 0.5328125 0.0375 0.0296875
0 0.8171875 0.70546875 0.03828125 0.03046875
1 0.33671875 0.21640625 0.0390625 0.03359375
1 0.46015625 0.8367187499999998 0.03671875 0.0296875
0 0.9 0.8203125 0.0375 0.02890625
1 0.18281249999999996 0.64140625 0.03671875 0.0296875
0 0.221875 0.7859374999999998 0.03828125 0.0296875
1 0.30078125 0.66953125 0.0390625 0.03125
1 0.10078125 0.4328125 0.03515625 0.03046875
0 0.3421875 0.7820312499999998 0.03671875 0.0296875
0 0.2234375 0.6703125 0.03828125 0.0296875
0 0.78046875 0.82109375 0.03984375 0.02890625
1 0.41796875 0.275 0.03671875 0.028125
1 0.54375 0.8234375 0.03671875 0.02734375
0 0.18203125 0.31328125 0.040625 0.028125
0 0.94921875 0.58671875 0.0359375 0.0296875
1 0.6609375 0.82109375 0.03828125 0.02890625
1 0.45546875 0.1609375 0.0359375 0.028125
0 0.18671875 0.95859375 0.0390625 0.028125
0 0.1 0.26015625 0.03671875 0.02890625
1 0.10390625 0.90390625 0.0359375 0.0296875
1 0.09609375 0.16328125 0.04140625 0.03359375
1 0.33671875 0.115625 0.03671875 0.0328125
0 0.5734375 0.2140625 0.03671875 0.0296875
1 0.30234375 0.72734375 0.03671875 0.02890625
0 0.10390625 0.84609375 0.0375 0.0296875
0 0.95 0.675 0.034375 0.0296875
1 0.6953125 0.15078125 0.0359375 0.02734375
1 0.9453125 0.35234375 0.040625 0.03125
1 0.22265625 0.90078125 0.034375 0.03046875
1 0.94921875 0.4390625 0.0359375 0.02734375
0 0.303125 0.7828125 0.03984375 0.0296875
1 0.69609375 0.2125 0.03671875 0.028125
1 0.77578125 0.29375 0.040625 0.03125
1 0.0671875 0.9656249999999998 0.03671875 0.0296875
0 0.4265625 0.7796875 0.0375 0.0296875
1 0.66015625 0.70703125 0.03984375 0.03046875
1 0.42109375 0.35703125 0.03828125 0.0296875
0 0.30390625 0.95390625 0.040625 0.028125
0 0.22421875 0.875 0.03828125 0.02890625
0 0.30390625 0.87109375 0.0390625 0.02890625
1 0.8171875 0.4390625 0.03984375 0.03046875
1 0.696875 0.178125 0.04453125 0.03515625
1 0.10390625 0.878125 0.03671875 0.0296875
1 0.57578125 0.4453125 0.034375 0.0296875
1 0.53828125 0.23984375 0.03515625 0.03125
1 0.41640625 0.1609375 0.0390625 0.0296875
0 0.34296875 0.89609375 0.0375 0.0296875
0 0.2984375 0.2078125 0.03671875 0.0328125
1 0.575 0.59453125 0.03359375 0.02890625
0 0.459375 0.77890625 0.0359375 0.03046875
1 0.1796875 0.2578125 0.04140625 0.03046875
1 0.17421875 0.134375 0.04296875 0.028125
1 0.29921875 0.48828125 0.0390625 0.03125
1 0.45546875 0.1875 0.03515625 0.028125
1 0.22421875 0.84375 0.0375 0.03046875
1 0.3375 0.48828125 0.0359375 0.03125
1 0.33984375 0.6687499999999998 0.0359375 0.0296875
1 0.42109375 0.2171875 0.03828125 0.02890625
0 0.81796875 0.6765625 0.03828125 0.028125
1 0.89609375 0.20390625 0.04296875 0.03046875
0 0.659375 0.76328125 0.0375 0.03046875
1 0.3375 0.51640625 0.03671875 0.0328125
1 0.7781249999999998 0.7890625 0.0375 0.03203125
0 0.95078125 0.73203125 0.0328125 0.02890625
0 0.5421875 0.678125 0.03671875 0.03046875
1 0.6593750000000002 0.53828125 0.03671875 0.02578125
0 0.42578125 0.75234375 0.03671875 0.02890625
1 0.57734375 0.7359375 0.0375 0.028125
1 0.30390625 0.8984375 0.0375 0.0296875
1 0.81484375 0.178125 0.03515625 0.0296875
1 0.6578125 0.38515625 0.04140625 0.03125
1 0.79921875 0.61640625 0.06875 0.03203125
1 0.57421875 0.3296875 0.03515625 0.03046875
1 0.2984375 0.10625 0.03515625 0.0359375
1 0.4578125 0.38671875 0.0375 0.03125
1 0.95 0.7648437500000002 0.0328125 0.02890625
1 0.94609375 0.26484375 0.0390625 0.028125
1 0.30625 0.83984375 0.0390625 0.0328125
1 0.9453125 0.32421875 0.0421875 0.03046875
0 0.77734375 0.70546875 0.0390625 0.0296875
1 0.4273437500000001 0.95234375 0.0359375 0.03046875
1 0.29765625 0.4554687499999999 0.03984375 0.03046875
0 0.41640625 0.18828125 0.040625 0.028125
1 0.54296875 0.7921875 0.0359375 0.0296875
1 0.57578125 0.65234375 0.0359375 0.02890625
1 0.3046875 0.75703125 0.0375 0.0296875
1 0.33671875 0.16171875 0.0359375 0.03359375
1 0.1859375 0.9328125 0.03828125 0.02734375
1 0.2984375 0.428125 0.0375 0.0296875
0 0.0671875 0.878125 0.03828125 0.0296875
1 0.42109375 0.24375 0.03671875 0.0296875
0 0.22265625 0.64375 0.03828125 0.03046875
1 0.45390625 0.24375 0.0359375 0.03046875
0 0.54140625 0.70859375 0.0359375 0.02890625
1 0.6953125 0.46953125 0.03828125 0.0328125
1 0.696875 0.53671875 0.03671875 0.0265625
1 0.4578125 0.41875 0.0375 0.02890625
1 0.1046875 0.96171875 0.03828125 0.03046875
0 0.54296875 0.7359375 0.03828125 0.03125
1 0.54375 0.5390625000000001 0.03828125 0.02890625
1 0.3046875 0.9289062500000002 0.0375 0.02890625
1 0.578125 0.8234375 0.0390625 0.0296875
0 0.95 0.41328125 0.03671875 0.02890625
1 0.5781250000000001 0.71015625 0.03671875 0.0296875
0 0.95 0.5328125 0.03671875 0.028125
1 0.6984375 0.56171875 0.03828125 0.03125
0 0.18203125 0.61484375 0.03515625 0.02734375
1 0.5734375 0.35625 0.034375 0.02734375
1 0.8953125 0.1453125 0.0390625 0.028125
1 0.45625 0.6109375 0.03515625 0.02578125
1 0.41875 0.41875 0.03984375 0.03046875
1 0.42265625 0.61171875 0.03671875 0.02578125
0 0.95 0.559375 0.0359375 0.0296875
1 0.53984375 0.171875 0.0390625 0.0375
1 0.33984375 0.7265625 0.03671875 0.0296875
1 0.42421875 0.725 0.0375 0.03046875
0 0.81796875 0.5890625 0.0375 0.0296875
1 0.5765625 0.678125 0.03515625 0.02890625
1 0.33828125 0.4546875 0.03828125 0.03046875
1 0.6578125 0.23984375 0.03828125 0.028125
1 0.69921875 0.61953125 0.0328125 0.0296875
1 0.22421875 0.93203125 0.03515625 0.02734375
1 0.103125 0.52109375 0.03671875 0.03046875
0 0.34140625 0.7531250000000002 0.03671875 0.02890625
1 0.6984375 0.79140625 0.0359375 0.028125
1 0.45390625 0.21640625 0.034375 0.03046875
1 0.45625 0.7234374999999998 0.03671875 0.0296875
1 0.95 0.84921875 0.034375 0.03125
0 0.221875 0.728125 0.03828125 0.0296875
1 0.696875 0.73359375 0.03671875 0.028125
1 0.540625 0.35546875 0.0375 0.028125
1 0.575 0.29765625 0.0375 0.0296875
1 0.421875 0.3015625 0.0375 0.028125
1 0.540625 0.6210937500000001 0.0421875 0.02890625
1 0.6578125 0.35234375 0.03984375 0.03203125
0 0.95078125 0.70546875 0.03359375 0.03046875
1 0.57421875 0.12890625 0.0359375 0.03359375
1 0.94609375 0.23515625 0.03828125 0.02890625
1 0.21875 0.28671875 0.0375 0.028125
0 0.54140625 0.765625 0.03671875 0.02890625
0 0.7796875 0.4390625 0.03984375 0.02890625
1 0.65703125 0.26875 0.0390625 0.0296875
1 0.4546875 0.33046875 0.03359375 0.028125
1 0.77734375 0.325 0.0421875 0.0296875
1 0.5421875 0.44453125 0.0375 0.03046875
0 0.3421875 0.8390625 0.0375 0.03046875
1 0.896875 0.175 0.0421875 0.03125
0 0.9515625 0.8203125 0.0328125 0.0296875
1 0.6960937499999998 0.41328125 0.0375 0.03046875
1 0.54296875 0.6515625 0.03828125 0.0296875
1 0.54140625 0.59453125 0.0390625 0.0296875
1 0.69765625 0.76328125 0.03828125 0.0296875
0 0.77734375 0.67578125 0.03828125 0.02890625
1 0.571875 0.26953124999999994 0.03828125 0.03046875
1 0.7796875 0.4109375 0.03828125 0.03046875
1 0.77734375 0.26796875 0.0390625 0.03046875
1 0.21953125 0.31328125 0.0359375 0.02890625
1 0.4554687499999999 0.35625 0.034375 0.02734375
0 0.06640625 0.9890625 0.0375 0.02109375
1 0.42109375 0.54453125 0.0390625 0.03125
1 0.3414062500000001 0.64296875 0.0359375 0.02890625
0 0.81953125 0.82109375 0.0390625 0.02890625
1 0.45546875 0.3015625 0.03515625 0.028125
1 0.9484375000000002 0.465625 0.03671875 0.03125
1 0.421875 0.33125 0.03828125 0.02890625
1 0.5390625000000001 0.11953125 0.03671875 0.0375
1 0.5734375 0.4140625 0.03359375 0.02734375
1 0.65390625 0.15 0.0421875 0.0296875
1 0.578125 0.79296875 0.03828125 0.028125
1 0.22265625 0.8171875 0.0375 0.03046875
1 0.09921875 0.46015625 0.03671875 0.03125
0 0.09921875 0.1359375 0.0390625 0.0296875
1 0.3359375 0.33984375 0.03515625 0.0265625
1 0.6609375 0.65078125 0.03828125 0.02890625
1 0.303125 0.9851562499999998 0.03984375 0.0296875
0 0.46015625 0.89296875 0.0359375 0.0296875
0 0.7 0.59296875 0.03671875 0.02890625
1 0.57734375 0.7664062499999998 0.0375 0.0296875
1 0.78046875 0.5890625 0.0390625 0.03046875
1 0.1015625 0.7898437499999998 0.0359375 0.0296875
1 0.5421875 0.4742187500000001 0.03828125 0.028125
1 0.29921875 0.5171875 0.03828125 0.03125
0 0.8992187499999998 0.790625 0.0375 0.03046875
1 0.22265625 0.70234375 0.03671875 0.03203125
0 0.2984375 0.16015625 0.0359375 0.0265625
1 0.78203125 0.8484375 0.03828125 0.028125
0 0.3421875 0.9265625 0.0359375 0.02890625
1 0.90234375 0.84765625 0.0375 0.028125
1 0.77734375 0.53359375 0.04140625 0.0296875
1 0.6578125 0.6765624999999998 0.0390625 0.0296875
1 0.42421875 0.69765625 0.03671875 0.028125
0 0.18281249999999996 0.55234375 0.03671875 0.0265625
1 0.6625 0.61953125 0.03984375 0.0296875
1 0.4242187499999999 0.66796875 0.03828125 0.0296875
0 0.81796875 0.790625 0.03828125 0.0296875
1 0.45703125 0.6671875 0.03515625 0.0296875
1 0.66171875 0.56328125 0.0390625 0.0296875
0 0.94921875 0.6171875 0.034375 0.03125
1 0.4578125 0.6367187499999999 0.03671875 0.0296875
1 0.21953125 0.55078125 0.03515625 0.028125
1 0.81796875 0.465625 0.03828125 0.0296875
1 0.659375 0.47109375 0.0390625 0.0296875
1 0.18515625 0.90234375 0.0375 0.03046875
1 0.425 0.984375 0.03515625 0.03046875
1 0.696875 0.65078125 0.034375 0.03046875
1 0.5421875 0.41875 0.03671875 0.02890625
1 0.45546875 0.27421875 0.03515625 0.028125
1 0.778125 0.465625 0.0390625 0.02890625
1 0.6625 0.5898437500000001 0.03984375 0.02890625
1 0.45625 0.5453125 0.03515625 0.0328125
1 0.3421875 0.9851562499999998 0.0375 0.0296875
1 0.66015625 0.4140625 0.03828125 0.0296875
1 0.4242187499999999 0.6375 0.03828125 0.0296875
1 0.5742187500000001 0.53984375 0.0328125 0.02734375
1 0.540625 0.328125 0.03828125 0.03125
1 0.45703125 0.696875 0.03671875 0.0296875
1 0.2984375 0.54921875 0.0375 0.028125
0 0.78125 0.65 0.04140625 0.0296875
1 0.21875 0.615625 0.034375 0.025
1 0.22421875 0.9578125 0.0359375 0.028125
1 0.22265625 0.98671875 0.03515625 0.0265625
1 0.6578125 0.44140625 0.03828125 0.03125
1 0.65703125 0.2140625 0.0390625 0.03046875
0 0.0640625 0.4625 0.0390625 0.03125
1 0.30078125000000006 0.33828125 0.03984375 0.02890625
0 0.5421875 0.85 0.0359375 0.02578125
1 0.7765625000000002 0.3515625 0.040625 0.03046875
1 0.0625 0.6132812499999999 0.0375 0.0296875
1 0.5765625 0.85 0.03671875 0.02890625
1 0.69765625 0.678125 0.0359375 0.028125
1 0.3375 0.42734375 0.03828125 0.0296875
1 0.33515625 0.5484375 0.03671875 0.028125
1 0.5734375 0.56640625 0.0328125 0.02734375
1 0.5734375 0.4749999999999999 0.03515625 0.0265625
1 0.54296875 0.565625 0.03828125 0.02890625
1 0.3 0.396875 0.0390625 0.02734375
0 0.7 0.7078125 0.034375 0.03046875
1 0.1015625 0.615625 0.03359375 0.02890625
0 0.1875 0.9875 0.03671875 0.02421875
1 0.3359375 0.396875 0.0375 0.028125
0 0.946875 0.18046875 0.034375 0.0265625
1 0.69765625 0.8484375 0.03828125 0.0265625
1 0.81875 0.8484375 0.03828125 0.02890625
1 0.7828125 0.61875 0.040625 0.03046875
1 0.66171875 0.8484375 0.03671875 0.02734375
0 0.815625 0.65 0.03828125 0.03046875
1 0.103125 0.9890625 0.034375 0.02109375
1 0.06328125 0.52265625 0.03984375 0.0296875
