1 0.37890625 0.06328125 0.37890625 0.121875
1 0.7484375 0.5796875 0.365625 0.14140625
1 0.775 0.3171875 0.42890625 0.1390625
0 0.75 0.7125 0.36328125 0.1375
1 0.3828125 0.7125 0.38125 0.14140625
1 0.740625 0.44765625 0.35 0.13046875
1 0.36953125 0.45234375 0.39765625 0.1484375
1 0.7421875 0.84765625 0.33671875 0.14140625
1 0.3765625 0.3171875 0.3734375 0.13515625
1 0.73046875 0.18125 0.34453125 0.14140625
1 0.37265625 0.85390625 0.41328125 0.15078125
1 0.71171875 0.053125 0.28125 0.10625
0 0.37734375 0.1859375 0.365625 0.14609375
1 0.37421875 0.5796875 0.3890625 0.12734375
