0 0.3796875 0.1921875 0.371875 0.140625
0 0.74765625 0.7125 0.37265625 0.13671875
1 0.38359375 0.06015625 0.3703125 0.1203125
1 0.35703125 0.8546875 0.41796875 0.15078125
1 0.7484375 0.58671875 0.37109375 0.1390625
1 0.734375 0.1859375 0.35078125 0.13984375
1 0.36953125 0.71640625 0.3859375 0.13359375
1 0.3640625 0.45546875 0.3953125 0.14609375
1 0.73515625 0.84765625 0.3421875 0.13828125
1 0.38125 0.5875 0.3859375 0.13125
1 0.384375 0.315625 0.3625 0.13203125
1 0.7828125 0.31171875 0.434375 0.1375
1 0.73828125 0.44765625 0.3515625 0.12890625
1 0.71171875 0.053125 0.29765625 0.10625
