1 0.4015625 0.059375 0.378125 0.11875
1 0.77109375 0.5765625 0.3578125 0.1390625
0 0.77109375 0.7125 0.35234375 0.14140625
0 0.76484375 0.3140625 0.35 0.14140625
1 0.3921875 0.4515625 0.39453125 0.15078125
1 0.38671875 0.8515625 0.415625 0.15078125
1 0.4 0.7125 0.384375 0.1375
1 0.77265625 0.84296875 0.34453125 0.1375
1 0.765625 0.4421875 0.35234375 0.1375
1 0.39765625 0.31328125 0.384375 0.13046875
1 0.76015625 0.178125 0.3421875 0.1484375
1 0.740625 0.05078125 0.29765625 0.1015625
0 0.4015625 0.18359375 0.3765625 0.1375
1 0.3984375 0.57734375 0.390625 0.13984375
