1 0.403125 0.059375 0.38125 0.11875
0 0.77109375 0.7125 0.35234375 0.14140625
1 0.7734375 0.5742187499999999 0.36328125 0.1390625
1 0.4 0.7156249999999998 0.384375 0.1390625
0 0.7671875 0.315625 0.35546875 0.14375
1 0.3921875 0.8515625 0.415625 0.15078125
1 0.39375 0.45 0.38671875 0.1484375
1 0.76484375 0.17734375 0.35 0.14140625
1 0.77265625 0.84296875 0.34453125 0.1375
1 0.76875 0.44062499999999993 0.35234375 0.1375
1 0.41171875 0.31328125 0.35546875 0.13046875
0 0.4015625 0.18046875 0.37109375 0.1390625
1 0.75 0.05625 0.315625 0.1125
1 0.40546875 0.58515625 0.41484375 0.11640625
