1 0.3859375 0.06171875 0.384375 0.1234375
1 0.7578125 0.5765625 0.36328125 0.14375
1 0.3828125 0.45234375 0.38671875 0.1484375
1 0.38671875 0.7125 0.384375 0.14140625
0 0.75546875 0.71484375 0.35234375 0.1375
1 0.37734375 0.85390625 0.41328125 0.15078125
1 0.75234375 0.84765625 0.34765625 0.14140625
1 0.74453125 0.44140625 0.33671875 0.13515625
1 0.3921875 0.3140625 0.3734375 0.1375
1 0.74453125 0.17578125 0.33671875 0.1484375
1 0.72265625 0.05078125 0.28125 0.1015625
0 0.38671875 0.1859375 0.36875 0.14609375
0 0.74765625 0.3171875 0.34296875 0.1484375
1 0.39140625 0.5875 0.3921875 0.12578125
