1 0.38046875 0.06328125 0.38125 0.121875
1 0.75 0.5796875 0.36328125 0.14140625
1 0.78125 0.31640625 0.43125 0.14140625
1 0.38515625 0.71484375 0.3765625 0.14140625
1 0.36875 0.45390625 0.4 0.15078125
1 0.73828125 0.4468750000000001 0.33984375 0.1375
1 0.74453125 0.84609375 0.33671875 0.1390625
0 0.75 0.7156249999999998 0.36328125 0.1390625
1 0.3765625 0.85390625 0.40546875 0.15078125
1 0.73828125 0.18125 0.35 0.14140625
1 0.715625 0.053125 0.284375 0.10625
1 0.39375 0.3140625 0.34453125 0.1375
0 0.38046875 0.18828125 0.365625 0.14609375
1 0.38125 0.5859375000000001 0.40390625 0.12265625
