1 0.8125 0.56015625 0.0375 0.03203125
1 0.22109375 0.7585937499999998 0.03671875 0.0296875
0 0.18125 0.459375 0.040625 0.03125
1 0.2171875 0.16640625 0.03984375 0.03359375
0 0.8109375 0.26953125 0.03671875 0.0296875
1 0.09921874999999998 0.434375 0.0359375 0.02890625
1 0.18125 0.37578125 0.03984375 0.03046875
1 0.77109375 0.18125 0.04140625 0.03203125
0 0.8125 0.58984375 0.03671875 0.03046875
0 0.2171875 0.1359375 0.03984375 0.0296875
1 0.9375 0.21171875000000004 0.040625 0.0296875
1 0.21953125 0.228125 0.0390625 0.03046875
1 0.41640625 0.5109375 0.040625 0.03359375
1 0.21953125 0.43046875 0.03828125 0.03125
1 0.8132812499999998 0.73203125 0.0375 0.03046875
1 0.21875 0.34375 0.0375 0.0296875
1 0.2171875 0.25859375 0.0390625 0.0328125
0 0.8937500000000002 0.7312499999999998 0.03671875 0.0296875
0 0.1828125 0.76015625 0.0390625 0.03046875
1 0.8125 0.53359375 0.03671875 0.0296875
0 0.7703125 0.2140625 0.03984375 0.0296875
1 0.18046875 0.4320312499999999 0.040625 0.03046875
0 0.89296875 0.56015625 0.0375 0.0296875
1 0.45546875 0.4796875 0.03515625 0.0328125
0 0.771875 0.56171875 0.04140625 0.03125
0 0.21796875 0.1984375 0.0390625 0.03203125
0 0.571875 0.1828125 0.03515625 0.0359375
0 0.30078125 0.70078125 0.0390625 0.028125
0 0.18203125 0.521875 0.0390625 0.03359375
1 0.334375 0.11796875 0.0375 0.0375
1 0.93828125 0.29453125 0.0421875 0.03203125
1 0.771875 0.534375 0.040625 0.02890625
1 0.09140625 0.19765625 0.0421875 0.0328125
0 0.77578125 0.81953125 0.0390625 0.028125
0 0.81328125 0.7625 0.03828125 0.03125
1 0.4234375 0.81015625 0.03828125 0.03046875
0 0.0984375 0.31953125 0.03828125 0.0296875
0 0.10078125 0.49296875 0.0390625 0.0328125
1 0.06484375 0.9359375 0.0375 0.02890625
0 0.0609375 0.4359375 0.0390625 0.0296875
0 0.940625 0.41328125 0.0359375 0.03125
1 0.18203125 0.72890625 0.0390625 0.03046875
0 0.21875 0.490625 0.0375 0.03203125
0 0.10234375 0.934375 0.0375 0.028125
1 0.18125 0.34375 0.03984375 0.0296875
1 0.2984375 0.31250000000000006 0.0375 0.028125
0 0.66015625 0.7335937500000002 0.0421875 0.02890625
1 0.340625 0.86953125 0.034375 0.0296875
1 0.89375 0.53359375 0.03828125 0.0296875
1 0.096875 0.28828125 0.03671875 0.03125
0 0.1796875 0.403125 0.03828125 0.02890625
1 0.18125 0.4921875 0.0390625 0.0328125
0 0.45546875 0.75078125 0.0359375 0.02890625
0 0.2203125 0.37421875 0.0390625 0.0296875
1 0.56953125 0.24296875000000004 0.0375 0.0296875
0 0.18359375 0.84375 0.03828125 0.03046875
0 0.10390625 0.81875 0.03515625 0.02890625
0 0.1 0.4046875 0.03671875 0.0296875
1 0.8109375 0.2953125 0.0359375 0.03125
1 0.6546875 0.5390625 0.03828125 0.0265625
1 0.1734375 0.1703125 0.04453125 0.03203125
0 0.77421875 0.67578125 0.03828125 0.02890625
1 0.09765625 0.3765625 0.03515625 0.03125
0 0.81328125 0.70703125 0.03828125 0.03046875
1 0.17578125 0.196875 0.04609375 0.03125
1 0.18359375 0.87578125 0.03828125 0.03046875
1 0.7734375 0.4109375 0.03671875 0.028125
0 0.8921875 0.76171875 0.0375 0.03125
0 0.5351562500000001 0.2734375 0.03671875 0.02890625
1 0.6546875 0.471875 0.04296875 0.03125
1 0.4203125 0.21875 0.0375 0.0296875
1 0.17734375 0.22890625 0.04296875 0.03046875
0 0.0625 0.49453125 0.03828125 0.0328125
0 0.42421875 0.9265625 0.03671875 0.02890625
0 0.29609375 0.28515624999999994 0.0375 0.03046875
1 0.45625 0.72421875 0.0359375 0.03046875
1 0.4546875 0.4476562499999999 0.03671875 0.03046875
0 0.7734375 0.7624999999999998 0.0390625 0.0296875
1 0.3375 0.66953125 0.034375 0.0296875
0 0.94453125 0.559375 0.0375 0.03046875
0 0.41796875 0.190625 0.040625 0.028125
1 0.4546875 0.6125 0.03359375 0.0265625
1 0.6953125 0.5625 0.0375 0.03125
1 0.18203125 0.67109375 0.03984375 0.03046875
0 0.88984375 0.3265625 0.04140625 0.03125
1 0.303125 0.89765625 0.0375 0.0296875
1 0.771875 0.2703125 0.04140625 0.0296875
1 0.81015625 0.23906250000000004 0.03671875 0.0296875
1 0.57265625 0.33125 0.03515625 0.02890625
0 0.415625 0.4484375 0.04140625 0.03046875
1 0.89296875 0.58984375 0.03671875 0.03046875
1 0.88828125 0.29453125 0.0421875 0.0296875
0 0.06171875 0.40390625 0.03828125 0.03046875
1 0.21796875 0.5203125 0.034375 0.0328125
1 0.3 0.66953125 0.03984375 0.03046875
0 0.9421874999999998 0.38359375 0.0375 0.0296875
0 0.8125 0.6765625 0.03828125 0.02890625
1 0.6953125 0.6203125 0.034375 0.02734375
1 0.89140625 0.2109375 0.03984375 0.02890625
1 0.7726562500000002 0.73203125 0.040625 0.03046875
1 0.22187499999999996 0.70234375 0.03671875 0.03125
0 0.4234375 0.8375 0.0375 0.03046875
0 0.18125 0.7859374999999998 0.03984375 0.0296875
1 0.425 0.89375 0.0375 0.03203125
1 0.3390625 0.725 0.0375 0.03046875
1 0.2984375 0.4000000000000001 0.0375 0.028125
1 0.5351562500000001 0.121875 0.03671875 0.03984375
1 0.5734375 0.678125 0.034375 0.02890625
1 0.5359375 0.2125 0.0390625 0.03359375
0 0.29687500000000006 0.209375 0.0359375 0.03203125
1 0.6546875 0.2984375 0.0421875 0.03203125
1 0.30078125 0.8140625 0.0390625 0.0296875
1 0.6945312500000002 0.18046875 0.040625 0.0328125
1 0.5359375 0.30078125 0.03828125 0.02890625
1 0.89296875 0.4140625 0.03828125 0.03046875
1 0.65390625 0.3546875 0.040625 0.03125
1 0.42109375 0.4796875 0.03828125 0.034375
1 0.45546875 0.51015625 0.03515625 0.03203125
1 0.41796875 0.359375 0.0375 0.0296875
1 0.29609375 0.10781250000000002 0.03828125 0.034375
1 0.41484375 0.1625 0.040625 0.02890625
1 0.45390625 0.36015625 0.03671875 0.02890625
1 0.4171875 0.24687500000000004 0.0375 0.0296875
1 0.89453125 0.70546875 0.03671875 0.03046875
0 0.10390625 0.8453125 0.0375 0.0296875
1 0.103125 0.9046875 0.03671875 0.0296875
1 0.8093749999999998 0.21171875000000004 0.0375 0.0296875
1 0.5351562500000001 0.24609375 0.03671875 0.03125
0 0.8921875 0.61875 0.0375 0.03125
0 0.30234375 0.7828125 0.0390625 0.0296875
1 0.22187499999999996 0.93203125 0.03671875 0.028125
1 0.334375 0.31171875 0.0359375 0.0296875
1 0.69375 0.3546875 0.03671875 0.03125
1 0.1796875 0.2875 0.0390625 0.02890625
0 0.18125 0.7015625 0.0390625 0.03046875
1 0.22109375 0.84375 0.03828125 0.03046875
1 0.0921875 0.16796875 0.04296875 0.0328125
0 0.30234375 0.8703125000000002 0.03984375 0.02890625
1 0.81015625 0.18046875 0.03671875 0.03046875
0 0.8109375 0.353125 0.03828125 0.02890625
1 0.69140625 0.240625 0.03515625 0.02890625
1 0.53984375 0.82265625 0.0375 0.02890625
1 0.18125 0.64453125 0.0390625 0.03046875
0 0.18203125 0.81640625 0.03828125 0.03046875
0 0.221875 0.67109375 0.03828125 0.0296875
1 0.7703125 0.23984375 0.03984375 0.0296875
0 0.9453125 0.64765625 0.0359375 0.03125
1 0.66015625 0.7078124999999998 0.04296875 0.0296875
1 0.8921875 0.15 0.040625 0.02734375
1 0.81171875 0.44140625 0.03828125 0.03046875
1 0.334375 0.5171875 0.0375 0.03203125
1 0.53671875 0.33125 0.03984375 0.02890625
0 0.7734375 0.44140625 0.0375 0.028125
0 0.3421875 0.89609375 0.0375 0.0296875
1 0.4203125 0.6125 0.0375 0.0265625
0 0.53984375 0.6796875 0.03828125 0.03046875
0 0.3015625 0.95390625 0.0390625 0.028125
0 0.4578125 0.8671875 0.03828125 0.02890625
1 0.65546875 0.44296875 0.0421875 0.03125
1 0.69375 0.5375 0.03671875 0.0265625
1 0.1796875 0.26015625 0.040625 0.03125
1 0.69140625 0.2703125 0.03515625 0.02890625
0 0.8914062499999998 0.43984375 0.0375 0.02890625
1 0.3328125 0.2828125 0.0359375 0.0296875
0 0.5390625000000001 0.8484375 0.03671875 0.02734375
0 0.22265625 0.78671875 0.0359375 0.03046875
1 0.45390625 0.24765625 0.03515625 0.03046875
1 0.45703125 0.8375 0.0375 0.02890625
0 0.18046875 0.31484375 0.03984375 0.02890625
0 0.421875 0.7546875 0.0375 0.02890625
1 0.571875 0.1296875 0.03515625 0.03671875
0 0.65703125 0.78984375 0.03828125 0.03046875
1 0.66015625 0.6203125 0.0390625 0.0296875
1 0.77109375 0.29687499999999994 0.0421875 0.03046875
1 0.0984375 0.4609375 0.03515625 0.03203125
0 0.18359375 0.95859375 0.03984375 0.028125
0 0.340625 0.78203125 0.03671875 0.02890625
1 0.05859375 0.378125 0.0375 0.03046875
1 0.29765625 0.43046875 0.03671875 0.02890625
0 0.57109375 0.2171875 0.03671875 0.0296875
0 0.221875 0.875 0.0390625 0.02890625
1 0.6546875 0.3875 0.04296875 0.03046875
1 0.4515625 0.21875 0.03203125 0.02890625
1 0.10234375 0.878125 0.0375 0.0296875
0 0.890625 0.38203125 0.03671875 0.03125
1 0.890625 0.4664062500000001 0.0375 0.03203125
1 0.93828125 0.3539062499999999 0.03828125 0.03046875
0 0.8109375 0.4109375 0.03828125 0.0296875
1 0.53984375 0.79140625 0.03828125 0.0296875
0 0.06484375 0.81953125 0.03984375 0.0296875
1 0.4578125 0.809375 0.03671875 0.03203125
1 0.53671875 0.17265625 0.0390625 0.03671875
0 0.7734375 0.70546875 0.0390625 0.0296875
0 0.06484375 0.84609375 0.03984375 0.03046875
1 0.41796875 0.4203125 0.0390625 0.02890625
0 0.89296875 0.64765625 0.03515625 0.03046875
0 0.5742187500000001 0.621875 0.03671875 0.0296875
0 0.33828125 0.7531250000000002 0.0375 0.02890625
1 0.22109375 0.90234375 0.03671875 0.0296875
0 0.18046875 0.615625 0.03671875 0.02734375
0 0.94609375 0.53359375 0.0390625 0.02890625
0 0.0640625 0.9046875 0.03828125 0.0296875
0 0.5390625 0.7359375 0.03828125 0.03046875
1 0.9390625 0.32578125 0.03984375 0.02890625
1 0.5703125000000001 0.36015625 0.0328125 0.028125
0 0.06484375 0.87890625 0.0390625 0.0296875
1 0.8921875 0.3515625 0.040625 0.03046875
0 0.94609375 0.58671875 0.03671875 0.02890625
0 0.8140625 0.8195312500000002 0.0375 0.02890625
1 0.6546875 0.27109375 0.03984375 0.0296875
1 0.6578125 0.821875 0.0390625 0.03125
1 0.94375 0.76328125 0.0359375 0.03046875
1 0.775 0.7890625 0.03828125 0.03203125
1 0.30234375 0.75625 0.0359375 0.02890625
1 0.18203125 0.9328125 0.03828125 0.028125
1 0.890625 0.26640625 0.0390625 0.0296875
1 0.421875 0.725 0.03828125 0.03125
0 0.69609375 0.8203125 0.03828125 0.0296875
1 0.41875 0.69765625 0.03828125 0.0296875
0 0.29765625 0.1625 0.0375 0.028125
0 0.6953125 0.59453125 0.0359375 0.0296875
1 0.334375 0.16640625 0.0375 0.03984375
0 0.0984375 0.3460937499999999 0.0359375 0.03046875
0 0.94375 0.67421875 0.034375 0.03125
0 0.0640625 0.98984375 0.0375 0.0203125
1 0.4546875 0.5453125 0.034375 0.03359375
0 0.45703125 0.77890625 0.0375 0.03046875
1 0.065625 0.96640625 0.0375 0.03046875
1 0.653125 0.18281249999999996 0.04296875 0.0328125
1 0.6921875 0.8484375 0.03828125 0.028125
0 0.69609375 0.44296875 0.03828125 0.03125
1 0.22109375 0.81796875 0.03671875 0.03046875
1 0.77421875 0.5890625 0.03828125 0.03046875
0 0.06328125 0.46328125 0.03828125 0.03125
1 0.4515625 0.1890625 0.0328125 0.028125
0 0.9453125 0.790625 0.034375 0.02890625
0 0.9460937499999998 0.73125 0.03359375 0.03125
1 0.2953125 0.2578125 0.0375 0.02890625
1 0.33359375 0.3984375 0.034375 0.02734375
1 0.30078125 0.9289062500000002 0.03671875 0.02890625
1 0.30078125000000006 0.72578125 0.0359375 0.03203125
1 0.2984375 0.34140625 0.03671875 0.0296875
1 0.09921875 0.7890625 0.03125 0.0296875
0 0.2203125 0.40234375 0.0390625 0.02890625
1 0.8921875 0.23671875 0.03828125 0.03046875
1 0.7734375 0.465625 0.0375 0.0296875
1 0.6578125 0.5937499999999999 0.03828125 0.0296875
0 0.2203125 0.72890625 0.03828125 0.0296875
0 0.2203125 0.64453125 0.0375 0.0296875
0 0.4234375 0.7796875 0.0390625 0.0296875
1 0.10234375 0.525 0.0359375 0.03125
1 0.5703125 0.3015625 0.0359375 0.0296875
0 0.81328125 0.790625 0.03828125 0.0296875
1 0.29687499999999994 0.45625 0.03828125 0.0296875
1 0.41796875 0.33203125 0.03671875 0.028125
1 0.53984375 0.6515625 0.0390625 0.02890625
0 0.9445312500000002 0.61640625 0.03671875 0.03203125
1 0.33515625 0.3421875 0.03515625 0.028125
1 0.3390625 0.953125 0.03515625 0.02890625
0 0.425 0.8671875 0.0375 0.0296875
1 0.575 0.79296875 0.0375 0.028125
0 0.5390625 0.765625 0.0390625 0.02890625
1 0.45390625 0.16484375 0.0328125 0.028125
0 0.09921875 0.2625 0.0375 0.0296875
1 0.21875 0.45703125 0.0359375 0.0296875
1 0.453125 0.41953125 0.0359375 0.02890625
0 0.2984375 0.64296875 0.0390625 0.0296875
1 0.68984375 0.29765625 0.0359375 0.02890625
1 0.53828125 0.621875 0.040625 0.0296875
1 0.57109375 0.7078124999999998 0.0359375 0.0296875
1 0.53828125 0.36015625 0.03671875 0.0296875
1 0.81015625 0.3265625 0.0359375 0.02890625
1 0.57265625 0.5953125 0.034375 0.02890625
1 0.53828125 0.44609375 0.0375 0.02890625
0 0.8921875 0.67578125 0.0359375 0.02890625
1 0.6546875 0.24140624999999996 0.03671875 0.02890625
1 0.93984375 0.2671875 0.040625 0.0296875
1 0.4195312500000001 0.54453125 0.03984375 0.03359375
1 0.6953125 0.7898437499999998 0.03671875 0.0296875
1 0.41875 0.27734375 0.0375 0.02734375
1 0.10234374999999998 0.9625 0.03828125 0.03046875
1 0.53984375 0.53984375 0.03828125 0.028125
0 0.775 0.65 0.03828125 0.0296875
1 0.45546875 0.6375 0.0359375 0.02890625
1 0.68984375 0.32734375 0.03671875 0.028125
1 0.5703125 0.41484375 0.034375 0.02890625
1 0.69375 0.38515625 0.0359375 0.02890625
1 0.5703124999999999 0.27421875 0.0375 0.03046875
1 0.65625 0.4164062499999999 0.03984375 0.03046875
1 0.57265625 0.653125 0.03515625 0.028125
1 0.29765625 0.6140625 0.03828125 0.028125
1 0.57578125 0.76640625 0.03671875 0.02890625
1 0.45390625 0.3328125 0.03515625 0.02734375
1 0.9421875 0.440625 0.03671875 0.02890625
0 0.65625 0.76328125 0.0375 0.02890625
1 0.6890625 0.21484375 0.03515625 0.02890625
1 0.6953125 0.7328125 0.034375 0.02890625
1 0.5734375 0.82265625 0.0359375 0.02890625
1 0.29765625 0.4890625 0.03828125 0.02890625
1 0.5375 0.41953125 0.034375 0.02734375
1 0.175 0.1375 0.04296875 0.03046875
0 0.096875 0.13828125 0.03984375 0.0296875
1 0.1828125 0.90234375 0.0375 0.03046875
0 0.9453125 0.7046875 0.034375 0.03046875
0 0.29921875 0.5171875 0.0359375 0.0328125
0 0.53828125 0.70859375 0.0359375 0.028125
1 0.6578125 0.6765625 0.0390625 0.03046875
1 0.6921874999999998 0.7640625 0.0375 0.02890625
1 0.7703125 0.15546875 0.03671875 0.028125
1 0.93828125 0.23984375 0.0390625 0.028125
1 0.77109375 0.3539062499999999 0.040625 0.03046875
1 0.4171875 0.30234375 0.03671875 0.028125
0 0.34140625 0.92578125 0.0375 0.02890625
1 0.33359375 0.25546875 0.0375 0.02890625
0 0.33984375 0.81328125 0.03671875 0.03125
1 0.334375 0.4890625 0.03671875 0.03046875
1 0.69453125 0.64921875 0.0359375 0.02890625
1 0.45390625 0.390625 0.03671875 0.028125
1 0.69375 0.67734375 0.0359375 0.0296875
1 0.68828125 0.1546875 0.0359375 0.0265625
1 0.890625 0.17734375 0.03984375 0.03203125
1 0.3015625 0.83984375 0.03984375 0.03125
1 0.57265625 0.73515625 0.03671875 0.028125
0 0.89375 0.78984375 0.0375 0.02890625
1 0.21953125 0.28671875 0.03828125 0.02734375
1 0.571875 0.44609375 0.0359375 0.03046875
1 0.42265625 0.95234375 0.03515625 0.0296875
1 0.415625 0.38984375 0.03671875 0.0296875
1 0.21875 0.31484375 0.0375 0.0296875
1 0.6921875 0.415625 0.03671875 0.03046875
1 0.3 0.984375 0.03671875 0.03046875
1 0.4242187499999999 0.98359375 0.034375 0.03125
0 0.9460937499999998 0.81953125 0.03359375 0.0296875
1 0.65625 0.56484375 0.0390625 0.0296875
1 0.42109375 0.66796875 0.03828125 0.0296875
1 0.21796875 0.5515625 0.03515625 0.028125
1 0.65390625 0.21562500000000004 0.0390625 0.0296875
1 0.4546875000000001 0.69609375 0.0359375 0.02890625
1 0.096875 0.23046875 0.0390625 0.0328125
1 0.77734375 0.8468750000000002 0.040625 0.02890625
1 0.65078125 0.153125 0.04609375 0.03046875
1 0.45546875 0.66875 0.03515625 0.028125
1 0.5390625 0.5953125 0.03828125 0.0296875
1 0.57265625 0.565625 0.03125 0.028125
0 0.81171875 0.65 0.0390625 0.03125
0 0.9390625 0.18359375 0.03671875 0.02734375
0 0.653125 0.32890625 0.0421875 0.02890625
1 0.8125 0.4703125 0.0375 0.0296875
1 0.41875 0.640625 0.0390625 0.03046875
1 0.53828125 0.47265625 0.0375 0.0296875
1 0.9421875 0.465625 0.03671875 0.03125
1 0.5390625 0.56640625 0.03828125 0.028125
1 0.33671875 0.64453125 0.03515625 0.028125
1 0.45390625 0.278125 0.03515625 0.02734375
1 0.33515625 0.6140625 0.03515625 0.02734375
0 0.34140625 0.83984375 0.03515625 0.0296875
1 0.6578125 0.65 0.03984375 0.028125
1 0.33359375 0.54921875 0.03671875 0.02890625
1 0.21796875 0.615625 0.03515625 0.02578125
1 0.334375 0.21796875 0.0375 0.034375
1 0.06015625 0.61484375 0.03828125 0.028125
1 0.81015625 0.15546875 0.03671875 0.028125
0 0.89453125 0.81953125 0.0375 0.028125
1 0.453125 0.30234375 0.034375 0.028125
1 0.771875 0.328125 0.04296875 0.02890625
1 0.57265625 0.540625 0.0328125 0.0265625
1 0.334375 0.45625 0.03828125 0.03125
1 0.221875 0.9578125 0.034375 0.028125
1 0.2203125 0.9875000000000002 0.034375 0.025
1 0.09921875 0.6140625 0.03515625 0.02890625
1 0.896875 0.846875 0.0390625 0.0296875
1 0.5796875 0.93984375 0.046875 0.0296875
1 0.3375 0.9851562499999998 0.0375 0.0296875
1 0.5734375 0.85 0.0359375 0.028125
1 0.56953125 0.47578125 0.034375 0.0265625
0 0.4578125 0.8921875 0.03671875 0.03046875
1 0.79609375 0.61875 0.06640625 0.03046875
1 0.94453125 0.84765625 0.03515625 0.03203125
0 0.18125 0.553125 0.0359375 0.0265625
1 0.65859375 0.84765625 0.0359375 0.02734375
0 0.059375 0.346875 0.034375 0.03125
0 0.06015625 0.52734375 0.03984375 0.03125
