1 0.403125 0.059375 0.38125 0.11875
1 0.77109375 0.5742187499999999 0.3578125 0.1390625
0 0.76953125 0.315625 0.35546875 0.14375
0 0.77109375 0.7125 0.35234375 0.14140625
1 0.40390625 0.7125 0.38671875 0.1375
1 0.3921875 0.45 0.39453125 0.1484375
1 0.7734375 0.84296875 0.34765625 0.1375
1 0.390625 0.8515625 0.41875 0.15078125
1 0.76484375 0.178125 0.35 0.14375
1 0.76875 0.4421875 0.35234375 0.1375
1 0.40625 0.31328125 0.365625 0.13046875
0 0.4 0.18125 0.37890625 0.1375
1 0.7484375 0.05859375 0.31328125 0.1171875
1 0.4015625 0.58359375 0.38046875 0.13515625
