1 0.3484375 0.0671875 0.38125 0.13046875
1 0.3421875 0.45390625 0.384375 0.15078125
1 0.71953125 0.3171875 0.365625 0.1390625
1 0.34765625 0.7156249999999998 0.39453125 0.1390625
1 0.7234375 0.57734375 0.36875 0.14609375
1 0.35 0.85078125 0.4 0.1484375
1 0.71484375 0.4468750000000001 0.35 0.1375
1 0.71484375 0.84921875 0.334375 0.14140625
1 0.359375 0.31875 0.35546875 0.128125
1 0.71015625 0.18125 0.34765625 0.14609375
1 0.68515625 0.05625 0.28671875 0.1125
0 0.70546875 0.7156249999999998 0.33671875 0.1390625
0 0.34375 0.190625 0.38125 0.14609375
1 0.34296875 0.5921875 0.39609375 0.1171875
