0 0.896875 0.32109375 0.04140625 0.03046875
1 0.09921874999999998 0.2859375 0.0359375 0.03125
1 0.8171875 0.15234374999999997 0.03515625 0.02890625
1 0.0953125 0.196875 0.04140625 0.03203125
0 0.896875 0.4375 0.0390625 0.03046875
1 0.89921875 0.35 0.0421875 0.03203125
0 0.22109375 0.1921875 0.0390625 0.03125
1 0.22109375 0.75703125 0.03828125 0.03125
0 0.8984375 0.38125 0.0390625 0.03125
1 0.81796875 0.56015625 0.03828125 0.03046875
0 0.18359375 0.45703125 0.040625 0.03125
0 0.18203125 0.7 0.03828125 0.03046875
1 0.22109375 0.22421875 0.03828125 0.03046875
1 0.18125 0.48984375 0.03828125 0.03359375
0 0.5742187500000001 0.18125 0.03671875 0.0328125
0 0.29921875 0.28203125 0.0375 0.028125
1 0.89765625 0.409375 0.0390625 0.03125
0 0.09921875 0.3140625 0.03671875 0.0296875
0 0.18359375 0.78515625 0.03828125 0.0296875
0 0.18125 0.4 0.0390625 0.0296875
1 0.4265625 0.81015625 0.0375 0.03046875
1 0.94453125 0.2921875 0.04375 0.03125
1 0.54140625 0.29765625 0.03828125 0.0296875
0 0.8984375 0.56015625 0.03828125 0.03203125
0 0.22187499999999996 0.37109375 0.040625 0.03046875
1 0.2203125 0.45625 0.03515625 0.0296875
0 0.8984375 0.2921875 0.03984375 0.03125
1 0.296875 0.2515625 0.0375 0.03046875
1 0.18125 0.37265625 0.03984375 0.03046875
1 0.8171875 0.7328125 0.03828125 0.03046875
0 0.94921875 0.3828125 0.03828125 0.03046875
1 0.065625 0.93515625 0.03671875 0.02890625
0 0.10078125 0.40234375 0.03671875 0.0296875
1 0.33671875 0.2515625 0.03671875 0.03125
1 0.6953125 0.26796875 0.03359375 0.02890625
1 0.3421875 0.86953125 0.03515625 0.0296875
1 0.89921875 0.5328125 0.03984375 0.0296875
1 0.09921875 0.3734374999999999 0.03671875 0.03046875
1 0.7765625 0.15078125 0.0390625 0.0296875
1 0.8984375 0.58671875 0.03828125 0.0296875
0 0.0625 0.4328125 0.0375 0.03046875
0 0.184375 0.75859375 0.03828125 0.03046875
0 0.1046875 0.93359375 0.0375 0.0296875
1 0.2203125 0.51796875 0.034375 0.03359375
1 0.225 0.84375 0.0359375 0.02890625
1 0.3 0.30859375000000006 0.03828125 0.028125
0 0.8984375 0.61796875 0.0375 0.03046875
0 0.8171874999999998 0.40859375 0.0375 0.02890625
1 0.54453125 0.79140625 0.03828125 0.03046875
1 0.1765625 0.225 0.04453125 0.03203125
1 0.9445312500000002 0.20859375 0.040625 0.03046875
1 0.18125 0.4296875 0.03984375 0.03125
1 0.1828125 0.66953125 0.03828125 0.03046875
1 0.10390625 0.903125 0.03671875 0.03046875
0 0.54140625 0.678125 0.03671875 0.03046875
1 0.696875 0.2390625 0.03515625 0.02734375
1 0.4578125 0.509375 0.0359375 0.0328125
1 0.69765625 0.3828125 0.03828125 0.028125
0 0.7765625 0.21015625 0.0390625 0.02734375
1 0.421875 0.475 0.03828125 0.0328125
1 0.3015625 0.66875 0.03984375 0.03046875
0 0.46015625 0.75 0.03671875 0.02890625
0 0.06484375 0.8453125 0.0390625 0.03046875
0 0.95 0.64609375 0.034375 0.0296875
0 0.30546875 0.81171875 0.03984375 0.03046875
1 0.33671875 0.28125 0.0359375 0.0296875
1 0.540625 0.21015624999999996 0.03828125 0.0328125
0 0.42578125 0.83828125 0.0375 0.03046875
1 0.659375 0.29609375 0.040625 0.0328125
1 0.21953125000000004 0.1625 0.0375 0.03359375
0 0.18281249999999996 0.3125 0.040625 0.0296875
1 0.221875 0.43046875 0.03828125 0.0296875
1 0.69765625 0.17734375 0.04296875 0.034375
0 0.4195312500000001 0.4453125 0.03984375 0.03046875
0 0.1046875 0.81875 0.03671875 0.028125
0 0.06328125 0.40390625 0.03828125 0.0296875
0 0.303125 0.6999999999999998 0.040625 0.0296875
1 0.659375 0.53828125 0.0375 0.0265625
1 0.5734375 0.240625 0.03671875 0.0296875
0 0.2234375 0.78359375 0.0390625 0.02890625
1 0.896875 0.23515625 0.04140625 0.03046875
0 0.69921875 0.8203125 0.0390625 0.0296875
0 0.221875 0.3984375 0.0390625 0.0296875
1 0.81484375 0.209375 0.0359375 0.0296875
1 0.41875 0.27421875 0.0375 0.0296875
1 0.5742187500000001 0.2703125 0.03671875 0.0296875
1 0.77734375 0.17890625 0.040625 0.03125
0 0.575 0.2125 0.03671875 0.02890625
1 0.89765625 0.465625 0.0390625 0.03359375
1 0.45703125 0.47890625 0.0375 0.0328125
1 0.18125 0.34140625 0.0390625 0.03046875
1 0.575 0.2984375 0.0375 0.03046875
0 0.89921875 0.7328125 0.03828125 0.0296875
0 0.09921875 0.34375 0.03828125 0.03046875
1 0.46015625 0.80859375 0.0359375 0.03046875
1 0.10546875 0.96171875 0.0390625 0.03046875
1 0.5429687499999999 0.53828125 0.0375 0.028125
0 0.2203125 0.4890625 0.03515625 0.0328125
0 0.2234375 0.66953125 0.03828125 0.0296875
1 0.421875 0.24296875 0.0375 0.02890625
0 0.29921875 0.20390625 0.03671875 0.034375
1 0.33671875 0.30859375000000006 0.03515625 0.028125
1 0.9 0.70625 0.03828125 0.0296875
0 0.18515625 0.51953125 0.0390625 0.034375
1 0.421875 0.509375 0.03984375 0.03359375
1 0.30078125 0.61171875 0.04140625 0.0296875
0 0.7765625 0.56015625 0.0390625 0.03046875
1 0.0609375 0.37421875 0.0390625 0.03125
0 0.89921875 0.7640625 0.03828125 0.03046875
1 0.2984375 0.10468750000000002 0.03515625 0.0359375
0 0.18515625 0.84140625 0.03828125 0.03203125
1 0.18203125 0.728125 0.03828125 0.03125
0 0.9499999999999998 0.79140625 0.03359375 0.028125
1 0.1765625 0.165625 0.046875 0.03125
0 0.57578125 0.6203125 0.03671875 0.02890625
0 0.89921875 0.64765625 0.03828125 0.03125
0 0.78046875 0.82109375 0.0390625 0.02890625
1 0.77734375 0.40859375 0.03828125 0.0296875
0 0.540625 0.27109375 0.0359375 0.028125
1 0.69921875 0.56171875 0.0375 0.03046875
1 0.54453125 0.8234375 0.0375 0.028125
1 0.89609375 0.26484375 0.040625 0.03046875
0 0.30546875 0.8703125000000002 0.03828125 0.02890625
1 0.3046875 0.89765625 0.0375 0.0296875
1 0.4296875 0.89453125 0.03828125 0.03125
1 0.778125 0.73203125 0.040625 0.03125
1 0.45703125 0.61015625 0.03515625 0.02578125
0 0.10390625000000002 0.8445312499999998 0.03828125 0.0296875
1 0.54140625 0.16953125 0.03828125 0.034375
1 0.81796875 0.4390625 0.03984375 0.03125
1 0.10546875 0.8765625 0.03671875 0.03125
1 0.18203125 0.284375 0.040625 0.02890625
1 0.575 0.53984375 0.03359375 0.0265625
0 0.06484375 0.81796875 0.03828125 0.03046875
1 0.45703125 0.4453125 0.03828125 0.03125
0 0.34296875 0.8953124999999998 0.03671875 0.0296875
0 0.1859375 0.9578125 0.0390625 0.028125
1 0.696875 0.21171875 0.0359375 0.02734375
1 0.09921875 0.4328125 0.03671875 0.03046875
0 0.4265625 0.7515625 0.0375 0.0296875
1 0.69765625 0.46953125 0.0359375 0.03125
0 0.69765625 0.4421875 0.0359375 0.0296875
1 0.41953125 0.3875 0.0375 0.03046875
0 0.1 0.259375 0.0359375 0.0296875
1 0.696875 0.3265625 0.03671875 0.0296875
1 0.65625 0.1796875 0.04140625 0.03203125
0 0.8171875 0.76328125 0.0390625 0.0296875
0 0.95 0.67578125 0.034375 0.0296875
0 0.22421875 0.8742187500000002 0.0375 0.02890625
0 0.3421875 0.78125 0.03671875 0.0296875
1 0.45859375 0.72265625 0.0375 0.0296875
0 0.428125 0.92578125 0.03515625 0.028125
0 0.06640625 0.90390625 0.03671875 0.03046875
1 0.66015625 0.82109375 0.03828125 0.02890625
1 0.421875 0.35703125 0.03671875 0.0296875
0 0.34375 0.8125 0.03828125 0.03046875
0 0.3015625 0.63984375 0.040625 0.0296875
1 0.21875 0.34140625 0.03671875 0.03046875
0 0.70078125 0.59296875 0.03828125 0.0296875
0 0.659375 0.73359375 0.03828125 0.028125
0 0.06328125 0.4921875 0.03984375 0.03359375
1 0.1765625 0.13359375 0.0421875 0.02890625
0 0.303125 0.7828125 0.0390625 0.0296875
1 0.4546875 0.21562500000000004 0.0328125 0.0296875
1 0.3 0.42734375 0.0390625 0.02890625
1 0.303125 0.7265625 0.0375 0.0296875
1 0.17734375 0.19296875 0.046875 0.03125
1 0.18515625 0.87421875 0.0390625 0.03046875
0 0.18359375 0.815625 0.0359375 0.0296875
0 0.4171875 0.18671875 0.04140625 0.0296875
1 0.41875 0.15859375 0.0421875 0.0296875
0 0.8171875 0.6765625 0.0390625 0.028125
1 0.0671875 0.9656249999999998 0.03671875 0.0296875
0 0.22109375 0.640625 0.03671875 0.0296875
1 0.4546875 0.184375 0.0328125 0.028125
1 0.421875 0.3015625 0.0375 0.028125
0 0.46015625 0.77890625 0.03671875 0.03046875
1 0.6984375 0.53671875 0.0359375 0.02734375
1 0.69765625 0.41328125 0.03671875 0.03046875
1 0.89765625 0.20703125 0.04140625 0.03046875
1 0.3421875 0.953125 0.03515625 0.03046875
0 0.95 0.58671875 0.03515625 0.02890625
1 0.8984375 0.17421875 0.04296875 0.03125
1 0.2203125 0.25546875 0.0390625 0.0328125
1 0.9499999999999998 0.7640625 0.03359375 0.028125
1 0.7796875 0.78984375 0.0375 0.03125
1 0.1828125 0.640625 0.0375 0.03046875
0 0.9515625 0.73203125 0.0328125 0.02890625
1 0.421875 0.2171875 0.0390625 0.02890625
1 0.09609375 0.16093750000000004 0.040625 0.034375
0 0.69765625 0.353125 0.03984375 0.03046875
1 0.42265625 0.6109375 0.0375 0.0265625
1 0.696875 0.2953125 0.034375 0.02890625
0 0.6578125 0.32734375 0.03984375 0.028125
0 0.4265625 0.7796875 0.0375 0.0296875
1 0.8171874999999998 0.53359375 0.0375 0.02890625
0 0.9 0.6765624999999998 0.0375 0.0296875
1 0.096875 0.2265625 0.03828125 0.03359375
0 0.06640625 0.878125 0.03828125 0.0296875
1 0.9453125 0.3515625 0.04140625 0.03046875
1 0.18671875 0.93203125 0.0375 0.02734375
0 0.81484375 0.2671875 0.03828125 0.02890625
1 0.45390625 0.24296875 0.0328125 0.03046875
1 0.45546875 0.159375 0.03515625 0.0265625
1 0.815625 0.178125 0.03515625 0.03046875
1 0.6578125 0.26953125 0.0390625 0.02890625
1 0.65859375 0.3851562499999999 0.040625 0.03046875
1 0.340625 0.72421875 0.0359375 0.03046875
1 0.69921875 0.61953125 0.03359375 0.03046875
0 0.81640625 0.70546875 0.03828125 0.03046875
1 0.21953125 0.284375 0.0390625 0.02890625
0 0.6593750000000002 0.76328125 0.03671875 0.0296875
0 0.54296875 0.7359375 0.03828125 0.03046875
0 0.9 0.8203125 0.0375 0.02890625
0 0.18281249999999996 0.6140625 0.03671875 0.02734375
0 0.77890625 0.4390625 0.0390625 0.02890625
1 0.66015625 0.70625 0.03984375 0.03046875
1 0.896875 0.14609375 0.040625 0.028125
1 0.2203125 0.31171875 0.03671875 0.02890625
1 0.95 0.84921875 0.03515625 0.03125
1 0.65859375 0.23984375 0.0375 0.02734375
1 0.1015625 0.78828125 0.03671875 0.03046875
0 0.7765625 0.67578125 0.03828125 0.02890625
1 0.4578125 0.3875 0.03828125 0.03046875
1 0.53984375 0.2390625 0.03671875 0.03046875
0 0.778125 0.70546875 0.0390625 0.0296875
1 0.42265625 0.54453125 0.03984375 0.03203125
0 0.5421875 0.7648437500000002 0.0375 0.02890625
0 0.95078125 0.4140625 0.0359375 0.02890625
1 0.9453125 0.3234375 0.0421875 0.0296875
1 0.81484375 0.3234375 0.0375 0.0296875
1 0.53828125 0.11796875 0.034375 0.0390625
1 0.178125 0.25390625 0.04140625 0.03046875
1 0.6609375 0.4703125 0.03984375 0.03125
0 0.81484375 0.3515625 0.0390625 0.0296875
1 0.80078125 0.6171875 0.06796875 0.03203125
1 0.42265625 0.33125 0.03828125 0.0296875
1 0.69609375 0.15 0.0359375 0.028125
1 0.81484375 0.29296874999999994 0.0375 0.03046875
1 0.459375 0.8367187499999998 0.03671875 0.0296875
0 0.81796875 0.5890625 0.03828125 0.0296875
1 0.33671875 0.11484374999999998 0.03671875 0.0359375
1 0.94921875 0.43984375 0.03515625 0.02734375
1 0.946875 0.265625 0.0375 0.02734375
1 0.3046875 0.75625 0.03671875 0.03046875
0 0.34140625 0.75546875 0.03671875 0.0296875
1 0.33984375 0.66875 0.034375 0.02890625
1 0.575 0.5937499999999999 0.03359375 0.0296875
1 0.65859375 0.21328125 0.0390625 0.03125
1 0.303125 0.9851562499999998 0.03984375 0.0296875
1 0.33671875 0.21640625 0.0375 0.02890625
0 0.66015625 0.7890625 0.03671875 0.02890625
1 0.5421875 0.65078125 0.03828125 0.0296875
1 0.57421875 0.3296875 0.03515625 0.03046875
1 0.303125 0.8390625 0.03984375 0.03203125
1 0.41875 0.41796875 0.0390625 0.0296875
0 0.1015625 0.49140625 0.03828125 0.03359375
1 0.54375 0.47109375 0.03828125 0.028125
1 0.57578125 0.6515625 0.0359375 0.02890625
1 0.103125 0.5203125 0.0375 0.03046875
1 0.425 0.72421875 0.03828125 0.03046875
0 0.5421875 0.7078124999999998 0.0359375 0.0296875
1 0.42734375 0.95234375 0.03515625 0.03046875
1 0.778125 0.53359375 0.040625 0.02890625
1 0.7765625 0.29375 0.03984375 0.03046875
1 0.22187499999999996 0.7015625 0.03671875 0.03203125
1 0.45625 0.3546875 0.0375 0.028125
1 0.22578125 0.93125 0.03515625 0.028125
1 0.81484375 0.23515625 0.0375 0.028125
1 0.57890625 0.8234375 0.0375 0.028125
1 0.57890625 0.7359375 0.03828125 0.028125
1 0.69765625 0.7328125 0.03671875 0.028125
1 0.575 0.128125 0.0359375 0.03203125
1 0.33671875 0.16328125 0.0359375 0.03046875
1 0.65859375 0.4109375 0.040625 0.0296875
1 0.54140625 0.6203125 0.04140625 0.02890625
0 0.95078125 0.70546875 0.0328125 0.03046875
1 0.57734375 0.41328125 0.0328125 0.02890625
1 0.30078124999999994 0.4859375 0.03828125 0.03125
1 0.21953125 0.55078125 0.034375 0.03046875
1 0.6578125 0.35234375 0.0390625 0.03046875
0 0.221875 0.7273437499999998 0.03828125 0.0296875
1 0.946875 0.2359375 0.0375 0.02734375
1 0.90234375 0.84765625 0.03828125 0.02890625
1 0.30078125 0.396875 0.0390625 0.028125
1 0.3375 0.396875 0.0359375 0.02890625
0 0.30625 0.95390625 0.040625 0.02890625
1 0.21953125 0.61484375 0.0359375 0.02578125
1 0.5429687499999999 0.4437499999999999 0.0375 0.03046875
1 0.69453125 0.7640625 0.03828125 0.02890625
0 0.77890625 0.7640625 0.03984375 0.02890625
1 0.22265625 0.98671875 0.034375 0.0265625
1 0.57890625 0.79296875 0.0375 0.028125
1 0.78203125 0.84765625 0.03828125 0.028125
1 0.6609375 0.5640625 0.03828125 0.0296875
1 0.659375 0.67734375 0.0390625 0.02890625
0 0.065625 0.9890625 0.0375 0.02109375
1 0.30546875 0.928125 0.03671875 0.02890625
1 0.7765625000000002 0.23671875 0.040625 0.02890625
1 0.540625 0.32890625 0.0375 0.02890625
1 0.5421875 0.59453125 0.0390625 0.02890625
1 0.29921875 0.45390625 0.0390625 0.03125
1 0.33671875 0.3390625 0.0359375 0.028125
1 0.57890625 0.76640625 0.0375 0.02890625
1 0.540625 0.3546875 0.0359375 0.02734375
1 0.33671875 0.4859375 0.034375 0.03046875
0 0.3421875 0.92578125 0.03515625 0.0296875
1 0.4585937500000001 0.6359375 0.0359375 0.03046875
1 0.45703125 0.41796875 0.03828125 0.0296875
1 0.33828125 0.4546875 0.0359375 0.03046875
1 0.78125 0.59140625 0.0375 0.0296875
1 0.9484375 0.465625 0.0359375 0.03046875
1 0.57734375 0.84921875 0.03671875 0.02890625
1 0.2234375 0.90078125 0.0359375 0.0296875
0 0.81953125 0.82109375 0.03828125 0.02890625
1 0.66171875 0.65 0.0375 0.02890625
1 0.69765625 0.790625 0.03671875 0.028125
0 0.2984375 0.1609375 0.0359375 0.02578125
0 0.2203125 0.1328125 0.040625 0.02734375
0 0.78125 0.65 0.03984375 0.0296875
0 0.94921875 0.559375 0.03515625 0.03046875
1 0.57734375 0.67734375 0.03515625 0.02890625
1 0.58046875 0.709375 0.0375 0.03046875
1 0.45546875 0.3 0.03515625 0.02734375
1 0.66328125 0.61875 0.03828125 0.02890625
1 0.57578125 0.4437499999999999 0.03515625 0.03046875
1 0.34296875 0.9851562499999998 0.03828125 0.0296875
1 0.45625 0.27421875 0.0328125 0.028125
1 0.57578125 0.471875 0.034375 0.02890625
0 0.8992187499999998 0.790625 0.0375 0.03046875
1 0.8171875 0.46640625 0.0390625 0.0296875
0 0.9515625 0.8210937499999998 0.03359375 0.0296875
1 0.6984375 0.65 0.0359375 0.0296875
1 0.57265625 0.35546875 0.03515625 0.0265625
1 0.7796875 0.46484375 0.0375 0.0296875
0 0.95 0.5328125 0.0359375 0.02890625
1 0.340625 0.64296875 0.03515625 0.02890625
0 0.81796875 0.79140625 0.0390625 0.03046875
0 0.18359375 0.5515625 0.03828125 0.028125
1 0.6984375 0.67734375 0.034375 0.028125
0 0.34375 0.83984375 0.03828125 0.0296875
1 0.1 0.45859375 0.0390625 0.03046875
1 0.42421875 0.63671875 0.0390625 0.03046875
1 0.29921875 0.5171875 0.03671875 0.03125
1 0.425 0.66640625 0.03828125 0.0296875
1 0.6609375 0.5898437500000001 0.03828125 0.02890625
1 0.1859375 0.9015625 0.0375 0.03046875
0 0.54296875 0.84921875 0.0359375 0.02578125
1 0.42421875 0.696875 0.0375 0.028125
0 0.4578125 0.86484375 0.03515625 0.028125
1 0.778125 0.325 0.0421875 0.02890625
1 0.659375 0.44140625 0.0390625 0.0296875
0 0.9499999999999998 0.61640625 0.03359375 0.03125
1 0.4578125 0.54453125 0.03515625 0.03359375
0 0.4296875 0.8671875 0.03828125 0.0296875
1 0.30078125 0.33671875 0.0390625 0.028125
1 0.4578125 0.6671875000000002 0.034375 0.02890625
1 0.45625 0.33046875 0.0359375 0.02890625
1 0.225 0.95703125 0.03515625 0.028125
1 0.77734375 0.35 0.040625 0.02890625
1 0.4578125 0.696875 0.03515625 0.0296875
1 0.54375 0.4171875 0.03671875 0.02890625
1 0.5421875 0.565625 0.0390625 0.0296875
1 0.575 0.56484375 0.03359375 0.02734375
1 0.42578125 0.984375 0.034375 0.0296875
1 0.33671875 0.5203125 0.03671875 0.0328125
0 0.0640625 0.4609375 0.0390625 0.03125
1 0.65390625 0.14921875 0.0421875 0.03046875
0 0.7015625 0.70703125 0.0328125 0.0296875
1 0.33828125 0.4265625 0.0375 0.03046875
0 0.096875 0.13359375 0.034375 0.028125
0 0.18671875 0.9875000000000002 0.0375 0.025
1 0.22343750000000004 0.81640625 0.0375 0.0296875
1 0.77890625 0.26640625 0.0390625 0.03046875
1 0.69765625 0.8484375 0.0390625 0.02734375
1 0.06484375 0.6125 0.04140625 0.03046875
1 0.81875 0.84765625 0.03828125 0.0296875
0 0.815625 0.65 0.03828125 0.03125
1 0.334375 0.5484375 0.040625 0.028125
0 0.9484375 0.1796875 0.03515625 0.02734375
1 0.29765625 0.5484375 0.03359375 0.0265625
1 0.096875 0.61484375 0.03828125 0.0296875
1 0.78359375 0.61875 0.03828125 0.03046875
1 0.66171875 0.8484375 0.03671875 0.02734375
1 0.07734375 0.615625 0.0609375 0.0296875
0 0.46015625 0.8921875 0.034375 0.0296875
1 0.340625 0.696875 0.03671875 0.028125
0 0.3421875 0.61171875 0.0375 0.0265625
1 0.10078125 0.9890625 0.0328125 0.02109375
1 0.06328125 0.521875 0.03984375 0.03046875
