1 0.0921875 0.28984375 0.0390625 0.03203125
1 0.10078125 0.8796875 0.03671875 0.03125
1 0.21484375 0.165625 0.03984375 0.03359375
0 0.09296875 0.2625 0.03828125 0.0296875
1 0.09765625 0.43515625 0.03515625 0.03046875
1 0.8109375 0.5609375 0.0375 0.03125
0 0.41640625 0.446875 0.0390625 0.03125
0 0.21796875 0.1984375 0.03828125 0.03125
1 0.0875 0.20078125 0.04140625 0.0328125
0 0.89140625 0.56015625 0.0390625 0.03046875
0 0.09609375 0.4953125 0.0375 0.0328125
0 0.18281249999999996 0.8453125 0.040625 0.03125
1 0.3375 0.95546875 0.03359375 0.02890625
1 0.93671875 0.2109375 0.03984375 0.03125
0 0.8890625 0.32578125 0.03984375 0.03046875
0 0.809375 0.26875 0.03671875 0.0296875
1 0.45390625 0.61328125 0.034375 0.0265625
0 0.0578125 0.4632812499999999 0.0375 0.03046875
1 0.17734375 0.4328125 0.040625 0.03046875
1 0.17421875 0.22890625 0.04296875 0.03046875
0 0.17890624999999996 0.4609375 0.03984375 0.03125
1 0.41484375 0.51171875 0.04140625 0.03359375
1 0.56875 0.2421875 0.0375 0.0296875
1 0.178125 0.37578125 0.03984375 0.0296875
0 0.7703125 0.21328125 0.040625 0.02890625
1 0.8890625 0.29296874999999994 0.03828125 0.03046875
0 0.1796875 0.52265625 0.0390625 0.0328125
0 0.4546875000000001 0.7515625 0.0359375 0.02890625
1 0.21796874999999996 0.759375 0.03671875 0.03046875
1 0.21640625 0.228125 0.0375 0.03046875
0 0.29609375 0.28671875 0.03828125 0.03125
1 0.3 0.9 0.0390625 0.0296875
0 0.5703124999999999 0.18203125 0.0375 0.03515625
0 0.17734375 0.7609375 0.0375 0.03125
0 0.0609375 0.821875 0.0390625 0.0296875
0 0.09453125 0.346875 0.03671875 0.03125
0 0.178125 0.403125 0.0390625 0.0296875
0 0.775 0.8203125 0.0390625 0.028125
0 0.0578125 0.4359374999999999 0.0390625 0.03046875
1 0.3390625 0.87109375 0.03515625 0.0296875
1 0.0921875 0.2296875 0.0390625 0.03359375
1 0.178125 0.49140625 0.0375 0.03359375
1 0.2171875 0.4320312499999999 0.03671875 0.03046875
0 0.89296875 0.7312499999999998 0.03671875 0.0296875
1 0.30078125 0.75859375 0.0375 0.02890625
1 0.1796875 0.73046875 0.0375 0.03125
0 0.21484375 0.1359375 0.040625 0.02890625
1 0.33203125 0.2546875 0.03828125 0.03125
1 0.7703124999999998 0.18046875 0.04140625 0.03203125
1 0.17890625 0.64609375 0.03828125 0.03125
1 0.8921875 0.53359375 0.03984375 0.0296875
0 0.53359375 0.2734375 0.03671875 0.0296875
1 0.9375 0.29296875 0.04140625 0.03125
0 0.29453125 0.21015625 0.0359375 0.03203125
0 0.17890625 0.703125 0.0375 0.03125
0 0.77109375 0.56171875 0.03984375 0.03125
1 0.65703125 0.82265625 0.0390625 0.0296875
1 0.18046875 0.6734375 0.03828125 0.03125
1 0.80546875 0.2125 0.03671875 0.02890625
0 0.93984375 0.41328125 0.0359375 0.03125
1 0.7703125 0.534375 0.03984375 0.02890625
0 0.05859375 0.49453125 0.03984375 0.03359375
0 0.94140625 0.3828125 0.0375 0.02890625
0 0.33984375 0.8984375 0.0375 0.03046875
0 0.10078125 0.84765625 0.03828125 0.0296875
1 0.21484375 0.521875 0.03359375 0.03125
0 0.059375 0.4046875 0.0390625 0.03125
0 0.8109375 0.5898437499999999 0.0375 0.0296875
1 0.65390625 0.471875 0.04375 0.03125
0 0.88984375 0.38203125 0.0390625 0.0296875
1 0.06015625 0.9406250000000002 0.03671875 0.02890625
1 0.3328125 0.284375 0.0359375 0.03046875
0 0.0609375 0.8796875 0.0390625 0.03046875
1 0.77109375 0.41015625 0.03671875 0.028125
1 0.653125 0.2984375 0.0421875 0.03125
0 0.3390625 0.78203125 0.0390625 0.02890625
1 0.453125 0.4476562499999999 0.03671875 0.03046875
0 0.09609375 0.3203125 0.040625 0.0296875
0 0.8914062499999998 0.61875 0.0375 0.03046875
1 0.17890625 0.34453125 0.0390625 0.03046875
1 0.45546875 0.809375 0.0359375 0.03203125
1 0.3328125 0.4 0.0375 0.0296875
1 0.0953125 0.4625000000000001 0.03515625 0.03203125
1 0.4546875000000001 0.725 0.0359375 0.03046875
1 0.415625 0.359375 0.03828125 0.02890625
0 0.771875 0.6750000000000002 0.03828125 0.02890625
1 0.421875 0.81171875 0.0375 0.03125
0 0.77109375 0.4390625 0.0375 0.02890625
1 0.4234375 0.89609375 0.0375 0.03125
1 0.215625 0.45859375 0.034375 0.02890625
0 0.94453125 0.64765625 0.0359375 0.0296875
0 0.3 0.7023437500000002 0.03984375 0.02890625
0 0.05937499999999999 0.91015625 0.0375 0.03046875
1 0.809375 0.2953125 0.0359375 0.03046875
1 0.29453125 0.10859375 0.0375 0.034375
1 0.65859375 0.70859375 0.0421875 0.0296875
1 0.3328125 0.51875 0.0390625 0.0328125
1 0.534375 0.175 0.03828125 0.03671875
1 0.8921875 0.5890625 0.03671875 0.0296875
1 0.53359375 0.21406249999999996 0.0390625 0.0328125
1 0.809375 0.18125 0.03671875 0.02890625
1 0.41953125 0.4796875 0.03828125 0.03359375
1 0.5703125 0.1296875 0.0359375 0.0359375
1 0.45234375 0.36015625 0.0359375 0.02890625
1 0.29609375 0.3125 0.0375 0.02734375
1 0.7703125 0.2703125 0.040625 0.03125
0 0.29921875 0.95625 0.03984375 0.02734375
1 0.80859375 0.23828125 0.03671875 0.03046875
1 0.69453125 0.7328125 0.0375 0.028125
1 0.8898437500000002 0.209375 0.040625 0.0296875
1 0.09453125 0.37890625 0.03515625 0.0296875
0 0.340625 0.928125 0.0375 0.0296875
0 0.21953125 0.78828125 0.03828125 0.03046875
0 0.8109375 0.6765625 0.0390625 0.02890625
0 0.65703125 0.73515625 0.0390625 0.02890625
0 0.33828125 0.7578125 0.0375 0.028125
1 0.8937500000000002 0.7046875 0.03671875 0.03125
1 0.57109375 0.5953125 0.034375 0.02890625
0 0.09921874999999998 0.8210937499999998 0.0359375 0.0296875
0 0.81171875 0.70546875 0.03984375 0.03046875
1 0.3375 0.72734375 0.0359375 0.03046875
0 0.3 0.87265625 0.040625 0.028125
1 0.29296874999999994 0.25703125 0.03828125 0.03125
1 0.1796875 0.93359375 0.0390625 0.0296875
1 0.21875 0.70390625 0.0359375 0.03125
1 0.09765625 0.790625 0.0328125 0.0296875
1 0.81015625 0.44140625 0.03984375 0.03046875
1 0.3328125 0.3125 0.0359375 0.02890625
1 0.453125 0.4796875 0.03359375 0.0328125
0 0.21875 0.7296875000000002 0.0375 0.02890625
1 0.68984375 0.5375 0.03671875 0.02734375
0 0.421875 0.83828125 0.03671875 0.03046875
0 0.5375 0.7359375 0.0375 0.03046875
1 0.8109375 0.53359375 0.03671875 0.0296875
1 0.88984375 0.4124999999999999 0.03828125 0.03046875
0 0.2984375 0.78515625 0.03828125 0.02890625
1 0.0984375 0.91015625 0.0375 0.03046875
1 0.2984375 0.67109375 0.040625 0.0296875
1 0.6945312500000002 0.5625 0.03671875 0.03203125
0 0.69453125 0.8203125 0.0375 0.0296875
0 0.421875 0.75625 0.03828125 0.028125
0 0.94296875 0.61640625 0.03515625 0.03125
1 0.2984375 0.81640625 0.0390625 0.0296875
0 0.0609375 0.8484375 0.0390625 0.03046875
1 0.89140625 0.35234375 0.04296875 0.03046875
1 0.65625 0.5390625 0.03828125 0.0265625
0 0.94375 0.58671875 0.03671875 0.03046875
1 0.45 0.21875 0.0328125 0.02890625
0 0.18046875 0.96171875 0.03828125 0.02734375
0 0.21484375 0.4921875 0.03671875 0.0328125
0 0.8132812499999998 0.8195312500000002 0.0375 0.02890625
1 0.33203125 0.11796875 0.03671875 0.0375
1 0.81015625 0.7328125 0.03828125 0.03125
1 0.3 0.7265625 0.0359375 0.03203125
0 0.42265625 0.92734375 0.03671875 0.028125
1 0.5351562500000001 0.3015625 0.03671875 0.028125
0 0.8914062499999998 0.76171875 0.0375 0.03125
0 0.21875 0.375 0.03828125 0.0296875
1 0.41640625 0.6125 0.0390625 0.02578125
1 0.41875 0.3328125 0.03671875 0.02734375
1 0.18203125 0.878125 0.0390625 0.03046875
0 0.890625 0.43984375 0.03828125 0.0296875
0 0.53671875 0.709375 0.0359375 0.02890625
1 0.10078125000000002 0.96796875 0.03984375 0.03203125
0 0.8093749999999998 0.3546875 0.0375 0.0296875
1 0.0875 0.16796875 0.04140625 0.03203125
0 0.21875 0.64453125 0.03984375 0.03046875
1 0.690625 0.7625 0.0390625 0.02890625
1 0.5359375 0.62265625 0.040625 0.02890625
0 0.21953125000000004 0.8765625 0.0375 0.02890625
1 0.21953125 0.903125 0.0359375 0.03046875
1 0.93828125 0.325 0.040625 0.0296875
1 0.45625 0.83828125 0.0375 0.0296875
1 0.53359375 0.24296875000000004 0.03828125 0.0296875
1 0.690625 0.84765625 0.0390625 0.02890625
1 0.215625 0.34453125 0.0359375 0.0296875
1 0.5390625 0.7921875 0.03828125 0.0296875
1 0.6546875 0.44296875 0.0421875 0.0296875
1 0.1734375 0.196875 0.04609375 0.03046875
0 0.653125 0.76328125 0.03671875 0.03046875
1 0.0609375 0.96875 0.0375 0.0296875
1 0.21953125 0.934375 0.03671875 0.02890625
1 0.93828125 0.353125 0.0390625 0.03046875
0 0.53828125 0.67890625 0.03828125 0.0296875
0 0.33828125 0.81484375 0.0390625 0.03203125
1 0.0578125 0.37734375 0.0375 0.03203125
0 0.45625 0.865625 0.03828125 0.02890625
1 0.9421874999999998 0.7625 0.0375 0.03046875
0 0.65625 0.790625 0.03828125 0.02890625
0 0.57265625 0.62265625 0.03671875 0.03046875
1 0.6921875 0.18046875000000004 0.0421875 0.03359375
1 0.6515625 0.18125 0.04140625 0.03203125
1 0.4164062499999999 0.4203125 0.03828125 0.0296875
1 0.16953125 0.16875 0.0453125 0.0328125
1 0.93828125 0.26640625 0.0390625 0.02890625
1 0.534375 0.12031250000000002 0.0375 0.0359375
0 0.5703124999999999 0.2171875 0.0375 0.0296875
1 0.8890625 0.2671875 0.0375 0.02890625
1 0.89140625 0.14921875 0.0390625 0.02734375
0 0.10078125 0.93828125 0.0390625 0.02890625
1 0.69375 0.790625 0.03671875 0.0296875
0 0.2953125 0.51875 0.03828125 0.03203125
0 0.80859375 0.4109375 0.03828125 0.0296875
1 0.7703125 0.240625 0.040625 0.0296875
1 0.4171875 0.21875 0.0375 0.0296875
1 0.29921875 0.84140625 0.03984375 0.03203125
1 0.66015625 0.6203125 0.040625 0.0296875
1 0.68984375 0.240625 0.03515625 0.028125
1 0.88984375 0.46640625 0.0390625 0.0328125
1 0.2203125 0.8453125 0.03671875 0.0296875
1 0.5375 0.65234375 0.03828125 0.03046875
0 0.3390625 0.840625 0.0375 0.03046875
0 0.09609375 0.40546875 0.0359375 0.0296875
1 0.890625 0.23671875 0.0390625 0.0296875
0 0.1796875 0.81875 0.0375 0.0296875
1 0.4171875 0.69921875 0.03828125 0.02890625
1 0.7703124999999998 0.296875 0.04140625 0.02890625
0 0.29765625 0.64375 0.040625 0.03046875
1 0.33125 0.16796875 0.0375 0.0375
1 0.2953125 0.615625 0.0390625 0.02734375
0 0.5390624999999999 0.76484375 0.0375 0.0296875
1 0.41328125 0.1625 0.04140625 0.0296875
1 0.571875 0.67890625 0.03515625 0.03046875
0 0.42265625 0.86875 0.0375 0.0296875
1 0.790625 0.61796875 0.06953125 0.0328125
1 0.77421875 0.5890625 0.03828125 0.03046875
0 0.45625 0.7796875 0.03671875 0.0296875
1 0.5390624999999999 0.82421875 0.0375 0.02890625
1 0.2953125 0.45703125 0.040625 0.03125
0 0.94375 0.78984375 0.0359375 0.02890625
0 0.17890624999999996 0.78828125 0.03671875 0.03046875
1 0.21953125000000004 0.8171875 0.0375 0.03046875
1 0.29375 0.43046875 0.0390625 0.02890625
1 0.653125 0.27109375 0.03984375 0.028125
1 0.5703125000000001 0.709375 0.03671875 0.03046875
0 0.771875 0.70546875 0.0390625 0.0296875
1 0.56875 0.2734375 0.0375 0.03125
1 0.77421875 0.7890625 0.03984375 0.03125
1 0.3359375 0.66953125 0.03359375 0.0296875
0 0.421875 0.78046875 0.03828125 0.0296875
1 0.453125 0.5109375 0.03515625 0.03203125
1 0.5703125 0.41484375 0.03203125 0.028125
0 0.8921875 0.64765625 0.0359375 0.02890625
1 0.33359375 0.45625 0.03828125 0.03046875
1 0.18125 0.90390625 0.0375 0.03046875
0 0.9421875 0.67421875 0.034375 0.03125
1 0.5359375 0.33125 0.03671875 0.0296875
1 0.809375 0.32578125 0.0359375 0.0296875
1 0.68671875 0.21484375 0.03515625 0.02890625
1 0.3328125 0.3421875 0.03828125 0.028125
1 0.77109375 0.7328125 0.040625 0.03125
1 0.653125 0.24140624999999996 0.03671875 0.02890625
1 0.6945312500000002 0.4734375 0.03671875 0.03125
1 0.53828125 0.4195312500000001 0.03359375 0.028125
1 0.45390625 0.69921875 0.03515625 0.02890625
0 0.2171875 0.403125 0.0390625 0.02890625
0 0.94296875 0.53359375 0.0375 0.02890625
0 0.1796875 0.31796875 0.0375 0.02890625
1 0.45234375 0.41953125 0.03671875 0.0296875
1 0.77109375 0.465625 0.03828125 0.03046875
1 0.653125 0.3546875 0.03984375 0.03046875
1 0.68671875 0.29765625 0.034375 0.028125
1 0.4507812500000001 0.24765625 0.0359375 0.03046875
1 0.4515625 0.33203125 0.03515625 0.028125
1 0.4140625 0.24921874999999996 0.0375 0.02890625
1 0.29921875 0.93046875 0.03828125 0.02890625
1 0.41875 0.72578125 0.0375 0.03046875
1 0.53671875 0.59609375 0.0390625 0.0296875
1 0.69375 0.6203125 0.03359375 0.02734375
0 0.29375 0.1625 0.034375 0.028125
1 0.21953125 0.9640625 0.0359375 0.0265625
1 0.68671875 0.27109375 0.034375 0.02890625
1 0.65859375 0.5937499999999999 0.0375 0.0296875
1 0.41796875 0.54609375 0.0390625 0.034375
1 0.17109375 0.13828125 0.040625 0.03125
1 0.56875 0.33125 0.03515625 0.02890625
1 0.2953125 0.3414062500000001 0.03671875 0.028125
1 0.453125 0.546875 0.034375 0.034375
1 0.44921875 0.18984375 0.03203125 0.0265625
1 0.3328125 0.21875 0.03671875 0.034375
1 0.57109375 0.65390625 0.03515625 0.028125
1 0.45 0.16484375 0.034375 0.028125
0 0.21953125000000004 0.671875 0.0375 0.0296875
0 0.7734375 0.65 0.03828125 0.02890625
1 0.65546875 0.56484375 0.03828125 0.0296875
1 0.56796875 0.36015625 0.03359375 0.028125
1 0.69140625 0.3546875 0.0359375 0.03046875
1 0.88984375 0.1765625 0.03984375 0.03046875
1 0.9421875 0.43984375 0.03671875 0.028125
0 0.53828125 0.84921875 0.0375 0.028125
1 0.5375 0.446875 0.0375 0.02890625
1 0.45078125 0.390625 0.03671875 0.028125
1 0.41796875 0.3890625 0.0375 0.03125
1 0.94140625 0.465625 0.03828125 0.03046875
0 0.45625 0.89296875 0.0375 0.02890625
1 0.3359375 0.64375 0.03515625 0.0296875
1 0.453125 0.66875 0.03515625 0.02890625
0 0.09375000000000001 0.1390625 0.03828125 0.02890625
1 0.33203125 0.48984375 0.03671875 0.03046875
1 0.5390625 0.540625 0.03828125 0.028125
1 0.65390625 0.3875 0.04296875 0.03046875
1 0.5359375 0.3570312500000001 0.0359375 0.028125
1 0.56953125 0.3015625 0.0375 0.02890625
1 0.421875 0.984375 0.034375 0.03046875
1 0.771875 0.1546875 0.0375 0.0296875
0 0.890625 0.7890625 0.03515625 0.02890625
1 0.096875 0.52421875 0.03515625 0.03046875
1 0.45390625 0.64140625 0.03515625 0.03125
1 0.29609375 0.4906249999999999 0.03984375 0.03046875
0 0.81015625 0.7625 0.03828125 0.03046875
1 0.3 0.98671875 0.03828125 0.0265625
1 0.215625 0.259375 0.040625 0.03046875
1 0.29375 0.40078125 0.03828125 0.0296875
1 0.65703125 0.6765625 0.0390625 0.03046875
1 0.77109375 0.3539062499999999 0.040625 0.03046875
0 0.69375 0.59453125 0.03515625 0.0296875
1 0.5703125 0.7375 0.03515625 0.02734375
1 0.5734375 0.76640625 0.03671875 0.028125
1 0.41953125 0.66875 0.0375 0.02890625
1 0.41953125 0.6390625 0.0390625 0.0296875
0 0.89140625 0.67578125 0.0359375 0.02890625
1 0.65390625 0.21484375 0.03984375 0.02890625
1 0.571875 0.8234375000000002 0.034375 0.02890625
0 0.8125 0.790625 0.0375 0.0296875
1 0.334375 0.615625 0.034375 0.0265625
1 0.6875 0.3265625 0.03671875 0.028125
1 0.41328125 0.2765625 0.0375 0.028125
1 0.4515625 0.303125 0.03359375 0.028125
1 0.4203124999999999 0.953125 0.034375 0.0296875
1 0.5375 0.47265625 0.0375 0.02890625
1 0.6890625 0.38515625 0.03671875 0.028125
1 0.5703125 0.56484375 0.03203125 0.02890625
1 0.5734375 0.79296875 0.03671875 0.028125
1 0.6867187500000002 0.1546875 0.03671875 0.0265625
0 0.94453125 0.73125 0.034375 0.03125
1 0.69296875 0.67734375 0.03515625 0.02890625
1 0.690625 0.65 0.03515625 0.028125
1 0.53828125 0.565625 0.0375 0.02890625
1 0.7703125 0.328125 0.0421875 0.02890625
1 0.33515625 0.98671875 0.0328125 0.02578125
0 0.93984375 0.1828125 0.03671875 0.02734375
0 0.94296875 0.70546875 0.03515625 0.0296875
1 0.17734375 0.2875 0.0390625 0.02890625
1 0.05625 0.61953125 0.0359375 0.028125
1 0.93828125 0.2390625 0.03984375 0.02890625
0 0.8109375 0.65 0.03984375 0.03046875
1 0.2171875 0.6171875 0.03515625 0.0265625
1 0.178125 0.26015625 0.04140625 0.03046875
1 0.65625 0.415625 0.0390625 0.0296875
0 0.6515625 0.32734375 0.0421875 0.02890625
1 0.8953125 0.84609375 0.03828125 0.0296875
0 0.9453125 0.81875 0.034375 0.03046875
0 0.06171875000000001 0.990625 0.03671875 0.01875
1 0.415625 0.303125 0.0375 0.028125
1 0.65703125 0.84765625 0.0375 0.02734375
1 0.69765625 0.4421875 0.040625 0.02890625
1 0.80859375 0.15546875 0.03671875 0.02734375
1 0.57109375 0.4453125 0.03515625 0.02890625
1 0.8125 0.846875 0.0359375 0.0296875
1 0.0921875 0.61875 0.0359375 0.02734375
1 0.5703125 0.540625 0.03203125 0.02578125
0 0.4171875 0.18984375 0.0390625 0.02734375
0 0.9421875 0.5585937499999999 0.0359375 0.0296875
1 0.77578125 0.84609375 0.0390625 0.028125
1 0.8109375 0.4671874999999999 0.0390625 0.03046875
1 0.56875 0.47578125 0.034375 0.02734375
1 0.65 0.1546875 0.04375 0.0296875
1 0.33125 0.5515625 0.03828125 0.03046875
1 0.21875 0.98828125 0.0359375 0.0234375
0 0.89296875 0.81875 0.03671875 0.028125
1 0.6578125 0.64921875 0.03984375 0.02890625
0 0.18359375 0.9890624999999998 0.03671875 0.021875
1 0.69453125 0.415625 0.0375 0.0296875
1 0.2140625 0.553125 0.03515625 0.02734375
1 0.21484375 0.3171875 0.03515625 0.02890625
1 0.33203125 0.4296875 0.03671875 0.0296875
1 0.4515624999999999 0.2765625 0.034375 0.02734375
0 0.7742187499999998 0.7640625 0.04140625 0.02890625
1 0.2140625 0.28671875 0.0390625 0.02734375
1 0.94296875 0.84765625 0.0359375 0.03203125
1 0.57265625 0.85234375 0.03515625 0.02890625
0 0.18125 0.6171875000000001 0.0375 0.02890625
1 0.05703125 0.31640625 0.03203125 0.0328125
0 0.178125 0.553125 0.0359375 0.02734375
