1 0.390625 0.06171875 0.38125 0.1234375
0 0.75546875 0.7125 0.3578125 0.14140625
1 0.759375 0.5742187499999999 0.365625 0.1390625
1 0.4015625 0.575 0.35546875 0.14140625
1 0.390625 0.7125 0.38125 0.14140625
1 0.375 0.85390625 0.41875 0.15078125
1 0.7578125 0.84609375 0.34765625 0.1390625
1 0.74375 0.44140625 0.334375 0.13515625
1 0.74453125 0.17578125 0.33671875 0.1484375
1 0.39375 0.31328125 0.365625 0.1390625
1 0.7234375 0.05000000000000001 0.284375 0.09921875
0 0.75546875 0.31640625 0.36328125 0.14609375
0 0.3921875 0.184375 0.36328125 0.1484375
1 0.39609375 0.44765625 0.365625 0.1390625
