1 0.65703125 0.29921875 0.04140625 0.03203125
1 0.815625 0.73359375 0.0375 0.03046875
1 0.2203125 0.34296875 0.03671875 0.0296875
1 0.1 0.2875 0.0359375 0.0296875
0 0.10078125 0.31640625 0.03671875 0.02890625
0 0.77265625 0.21328125 0.03984375 0.0296875
0 0.81328125 0.26875 0.03671875 0.0296875
1 0.22109375 0.75703125 0.03828125 0.03125
0 0.221875 0.1984375 0.0359375 0.03125
1 0.34140625 0.86875 0.03515625 0.03046875
0 0.18359375 0.78515625 0.03828125 0.0296875
1 0.29921875 0.10859375 0.03515625 0.034375
0 0.18359375 0.4578125 0.03828125 0.03046875
1 0.796875 0.61953125 0.0671875 0.03203125
0 0.10390625000000002 0.9328125 0.03828125 0.028125
1 0.77265625 0.18046875 0.03984375 0.03203125
0 0.896875 0.7328125 0.03984375 0.03046875
1 0.42734375 0.89453125 0.0375 0.03203125
0 0.81640625 0.7640625 0.03828125 0.0296875
1 0.09765625000000001 0.23046875 0.03828125 0.03203125
0 0.89375 0.29453125 0.03828125 0.03203125
0 0.89453125 0.5609375 0.0390625 0.03046875
0 0.4203125 0.44765625 0.040625 0.03125
0 0.89453125 0.38203125 0.03828125 0.03125
0 0.5742187500000001 0.18203125 0.03671875 0.03359375
1 0.2203125 0.22734375 0.0359375 0.02890625
1 0.421875 0.51015625 0.03984375 0.03359375
1 0.18359375 0.375 0.0390625 0.03125
0 0.89609375 0.76328125 0.040625 0.03125
0 0.1828125 0.70078125 0.0375 0.0296875
1 0.3046875 0.896875 0.0375 0.03125
1 0.8125 0.2109375 0.0375 0.02890625
1 0.81328125 0.29609375 0.03671875 0.03125
1 0.4578125 0.4796875 0.03671875 0.0328125
1 0.2203125 0.2578125 0.03828125 0.03125
0 0.303125 0.7 0.0390625 0.02890625
1 0.1828125 0.34296875 0.03984375 0.02890625
1 0.896875 0.70625 0.0390625 0.03046875
1 0.2203125 0.165625 0.0359375 0.0328125
1 0.69375 0.2703125 0.034375 0.02890625
1 0.10390625 0.903125 0.03671875 0.03046875
0 0.10234375 0.40390625 0.0359375 0.02890625
1 0.4578125 0.5109375 0.0359375 0.0328125
1 0.09609375 0.16796875 0.04140625 0.03203125
0 0.2984375 0.209375 0.0359375 0.03203125
0 0.3421874999999999 0.8953125 0.03828125 0.03046875
1 0.81484375 0.5609375 0.0375 0.03125
0 0.29765625 0.28515625 0.0390625 0.02890625
1 0.22421875 0.84375 0.03671875 0.02890625
1 0.3375 0.28203125 0.0359375 0.03046875
1 0.09531249999999998 0.2 0.03984375 0.03203125
1 0.77578125 0.73203125 0.040625 0.03203125
0 0.66015625 0.734375 0.0390625 0.03046875
1 0.8953125 0.5328125 0.03984375 0.03046875
0 0.22265625 0.78359375 0.0390625 0.02890625
0 0.103125 0.4937500000000001 0.0375 0.03203125
1 0.22109375 0.43046875 0.0390625 0.03125
0 0.22187499999999996 0.3734374999999999 0.040625 0.03046875
1 0.1828125 0.6703125 0.03828125 0.03046875
1 0.9421875 0.21171875 0.03984375 0.02890625
1 0.178125 0.1375 0.0421875 0.0296875
1 0.81328125 0.23828125 0.03671875 0.0296875
1 0.77578125 0.4109375 0.0375 0.028125
0 0.42578125 0.83671875 0.0375 0.03046875
1 0.5742187500000001 0.59609375 0.0328125 0.02890625
0 0.45703125 0.75 0.0359375 0.028125
0 0.18359375 0.7585937499999998 0.03828125 0.0296875
1 0.06640625 0.93515625 0.03359375 0.028125
0 0.06328125 0.4046875 0.0390625 0.0296875
1 0.22109375 0.3140625 0.03671875 0.0296875
0 0.89296875 0.43828125 0.0375 0.0296875
0 0.18125 0.40234375 0.03828125 0.0296875
0 0.459375 0.86640625 0.03671875 0.0296875
1 0.65859375 0.70703125 0.03984375 0.03046875
1 0.10546875 0.87578125 0.03671875 0.03046875
1 0.1046875 0.52109375 0.0375 0.03046875
1 0.3015625 0.81328125 0.03984375 0.03046875
1 0.6953125 0.32890625 0.03515625 0.028125
0 0.69765625 0.8203125 0.0375 0.0296875
1 0.696875 0.18046875 0.040625 0.0328125
0 0.42578125 0.8671875 0.0375 0.03046875
0 0.18203125 0.3140625 0.03984375 0.0296875
1 0.33671875 0.25390625 0.0375 0.03125
0 0.7765625 0.76328125 0.03984375 0.02890625
0 0.8132812499999998 0.353125 0.0375 0.0296875
1 0.1828125 0.640625 0.0375 0.0296875
0 0.57578125 0.621875 0.03671875 0.0296875
0 0.06640625 0.81953125 0.03671875 0.0296875
1 0.29921875 0.31171875 0.03828125 0.02890625
1 0.4156250000000001 0.1625 0.03984375 0.02890625
0 0.53828125 0.2734375 0.0375 0.0296875
1 0.81328125 0.18046875 0.0359375 0.03046875
0 0.8140625 0.41328125 0.03828125 0.02890625
0 0.4265625 0.92578125 0.0359375 0.028125
0 0.065625 0.8453125 0.0375 0.0296875
0 0.896875 0.61875 0.03828125 0.03046875
1 0.1796875 0.259375 0.04140625 0.03125
1 0.18203125 0.43125 0.03828125 0.03046875
1 0.4265625 0.809375 0.0375 0.03125
1 0.18203125 0.28671875 0.03984375 0.02890625
0 0.10078125 0.3453125 0.03671875 0.03046875
1 0.54140625 0.7921875 0.03671875 0.03046875
1 0.65625 0.3546875 0.04140625 0.03125
1 0.1015625 0.43359375 0.0359375 0.02890625
1 0.89453125 0.590625 0.03828125 0.03203125
1 0.30078125 0.66875 0.0390625 0.03046875
0 0.9453125 0.38359375 0.03828125 0.03125
0 0.77578125 0.44140625 0.0375 0.0296875
0 0.89609375 0.64921875 0.03828125 0.03046875
1 0.8140625 0.43984375 0.03828125 0.0328125
1 0.81328125 0.3265625 0.03671875 0.02890625
1 0.57265625 0.2421875 0.0359375 0.0296875
0 0.06640625 0.903125 0.0359375 0.03046875
0 0.89609375 0.6765625 0.0375 0.02890625
1 0.89453125 0.41328125 0.0375 0.0296875
1 0.8953125 0.35234375 0.0421875 0.03125
1 0.77421875 0.23984375 0.03984375 0.0296875
1 0.1828125 0.728125 0.0375 0.03125
0 0.1828125 0.61484375 0.0359375 0.02734375
0 0.221875 0.4015625 0.03984375 0.02890625
1 0.6921875 0.29765625 0.03515625 0.02890625
1 0.7734375 0.26953124999999994 0.040625 0.03046875
1 0.2203125 0.5203125 0.03671875 0.0328125
0 0.41953125 0.18984375 0.04140625 0.02890625
0 0.06328125 0.434375 0.0375 0.02890625
0 0.89296875 0.325 0.0390625 0.03046875
0 0.18515625 0.95703125 0.0390625 0.02890625
1 0.184375 0.87421875 0.03828125 0.0296875
0 0.6578125 0.76328125 0.03828125 0.03046875
1 0.29687499999999994 0.2546875 0.03828125 0.03046875
0 0.778125 0.8203125 0.03984375 0.028125
0 0.2234375 0.6703125 0.03828125 0.0296875
1 0.77578125 0.7890625 0.0390625 0.03203125
1 0.4546875000000001 0.16484375 0.0359375 0.028125
0 0.30390625 0.86953125 0.03828125 0.02890625
1 0.1015625 0.37578125 0.0359375 0.03125
1 0.421875 0.4765625 0.040625 0.0328125
1 0.94296875 0.35234375 0.040625 0.03203125
0 0.18515625 0.52109375 0.03828125 0.0328125
1 0.8140625 0.53359375 0.03828125 0.02890625
0 0.0640625 0.49296875 0.0390625 0.03359375
1 0.575 0.678125 0.0359375 0.0296875
1 0.33671875 0.3109375 0.0359375 0.0296875
1 0.69375 0.240625 0.034375 0.028125
0 0.5421875 0.6796875 0.0375 0.03046875
1 0.5421875 0.82265625 0.0359375 0.02734375
0 0.3421875 0.78125 0.03671875 0.0296875
1 0.65703125 0.3875 0.04375 0.03125
0 0.22343750000000004 0.8734375 0.0375 0.028125
0 0.18515625 0.84140625 0.0375 0.03203125
1 0.1765625 0.19609375 0.04921875 0.03125
1 0.41875 0.35859375 0.03828125 0.0296875
1 0.3375 0.51640625 0.0359375 0.03203125
1 0.06328125 0.37578125 0.0390625 0.03046875
1 0.5421875 0.5390625000000001 0.03828125 0.02890625
0 0.9484375 0.646875 0.0359375 0.0296875
1 0.18359375 0.48984375 0.03671875 0.0328125
1 0.57265625 0.33125 0.03515625 0.0296875
1 0.45703125 0.41953125 0.0359375 0.03046875
1 0.45390625 0.21875 0.0328125 0.02890625
0 0.34375 0.8125 0.03828125 0.03046875
0 0.81484375 0.78984375 0.0375 0.03125
0 0.94765625 0.5609375 0.0359375 0.03125
0 0.1 0.2625 0.0375 0.02890625
0 0.5734375 0.21640625 0.03671875 0.03046875
1 0.30546875 0.8390625 0.0390625 0.03203125
1 0.53828125 0.24296875 0.03828125 0.02890625
0 0.815625 0.70703125 0.03828125 0.0296875
0 0.425 0.7515625 0.03671875 0.02890625
0 0.184375 0.8156250000000002 0.03671875 0.02890625
1 0.45703125 0.44609375 0.03671875 0.03046875
0 0.1046875 0.8445312499999998 0.03828125 0.0296875
1 0.4203125 0.27734375 0.0359375 0.02734375
1 0.45625 0.61171875 0.03515625 0.0265625
1 0.57421875 0.13125 0.034375 0.03359375
0 0.30390625 0.7820312499999998 0.0390625 0.0296875
1 0.3390625 0.6687499999999998 0.0359375 0.0296875
1 0.57265625 0.27109375 0.03828125 0.03125
1 0.30234375 0.72734375 0.03671875 0.02890625
1 0.3375 0.48828125 0.0359375 0.03125
1 0.5390624999999999 0.2125 0.0375 0.03359375
0 0.21796875 0.490625 0.0359375 0.0328125
0 0.1046875 0.8195312500000002 0.0375 0.02890625
0 0.94296875 0.18203125 0.0359375 0.02734375
1 0.81328125 0.15546875 0.0359375 0.028125
1 0.41796875 0.24609375 0.03671875 0.03046875
1 0.41796875 0.41953125 0.03984375 0.03046875
1 0.42265625 0.6125 0.0375 0.02578125
0 0.9484375 0.73203125 0.03359375 0.0296875
1 0.22421875 0.93046875 0.034375 0.028125
0 0.0671875 0.8765625 0.0375 0.0296875
1 0.17578125 0.16796875 0.046875 0.03203125
1 0.22109375 0.2859375 0.0375 0.02890625
1 0.4585937500000001 0.83671875 0.0359375 0.02890625
0 0.815625 0.8203125 0.0375 0.028125
1 0.65625 0.27109375 0.0390625 0.02890625
0 0.30078125000000006 0.63984375 0.03984375 0.0296875
1 0.45703125 0.7234374999999998 0.0375 0.0296875
1 0.22187499999999996 0.7015625 0.03671875 0.03125
1 0.775 0.15390625 0.0375 0.0296875
1 0.7734375 0.29687499999999994 0.04140625 0.03046875
1 0.0671875 0.96484375 0.0359375 0.02890625
1 0.1015625 0.46015625 0.0359375 0.0296875
1 0.53984375 0.30078125 0.0375 0.02890625
1 0.33515625 0.11953125 0.0359375 0.03359375
1 0.89375 0.4664062500000001 0.03828125 0.03203125
0 0.2984375 0.1609375 0.03671875 0.02890625
1 0.8937500000000002 0.209375 0.040625 0.03046875
0 0.22109375 0.7273437499999998 0.03828125 0.0296875
1 0.4203124999999999 0.38984375 0.03828125 0.02890625
1 0.6578125 0.471875 0.04140625 0.03125
1 0.45390625 0.190625 0.034375 0.0265625
1 0.421875 0.21875 0.0375 0.02890625
0 0.94765625 0.4140625 0.03671875 0.0296875
1 0.696875 0.73359375 0.0375 0.028125
1 0.940625 0.29453125 0.04296875 0.0328125
0 0.10078125 0.13828125 0.0375 0.02890625
0 0.79765625 0.65078125 0.07109375 0.03046875
0 0.9484375 0.6171875 0.0359375 0.03046875
1 0.4546875000000001 0.246875 0.0359375 0.03125
1 0.5765625 0.8234375000000002 0.0375 0.02890625
1 0.4234375 0.725 0.0375 0.03046875
1 0.17890625 0.2265625 0.04453125 0.0328125
1 0.8953125 0.2375 0.03984375 0.03046875
1 0.69921875 0.3546875 0.0421875 0.03046875
0 0.9484375 0.534375 0.0375 0.028125
1 0.57421875 0.65234375 0.0359375 0.028125
1 0.4578125 0.5453125 0.03515625 0.03515625
0 0.5421875 0.8484375 0.03515625 0.02734375
1 0.6578125 0.24140625 0.0375 0.028125
0 0.65546875 0.3296875 0.040625 0.02890625
1 0.3375 0.4554687499999999 0.0375 0.03046875
0 0.9484375 0.67578125 0.034375 0.03046875
1 0.5390625000000001 0.33125 0.03671875 0.0296875
1 0.69453125 0.21484375 0.034375 0.02890625
1 0.29921875 0.4890625 0.0390625 0.03125
1 0.4578125 0.35859375 0.03828125 0.02890625
0 0.7765625 0.5625 0.04296875 0.03125
0 0.77578125 0.70546875 0.03984375 0.02890625
1 0.1015625 0.78828125 0.0375 0.0296875
1 0.6953125 0.41484375 0.0375 0.0296875
1 0.53984375 0.35625 0.03671875 0.028125
1 0.33984375 0.7257812500000002 0.0375 0.02890625
1 0.8953125 0.26796875 0.03828125 0.02890625
1 0.21953125 0.4578125 0.0359375 0.02890625
1 0.1859375 0.93125 0.0375 0.02734375
1 0.6953125 0.5375 0.03671875 0.0265625
1 0.65625 0.18203125 0.0421875 0.0328125
0 0.6578125 0.7898437499999998 0.0390625 0.0296875
1 0.5390625 0.621875 0.0421875 0.0296875
1 0.69609375 0.5625 0.0359375 0.03125
1 0.65859375 0.82109375 0.03984375 0.02890625
1 0.3046875 0.75625 0.03671875 0.03046875
0 0.06484375 0.4625 0.03828125 0.03046875
1 0.3 0.6132812500000001 0.03984375 0.02890625
1 0.421875 0.33203125 0.03828125 0.02734375
1 0.575 0.53984375 0.0328125 0.02734375
1 0.45703125 0.38984375 0.03671875 0.02890625
1 0.775 0.465625 0.0375 0.0296875
1 0.421875 0.54375 0.03984375 0.0328125
1 0.5390625 0.1203125 0.03515625 0.0375
0 0.22265625 0.64375 0.03828125 0.0296875
1 0.69375 0.4703125 0.0359375 0.03046875
1 0.3046875 0.92734375 0.03671875 0.0296875
1 0.3375 0.2171875 0.03828125 0.03125
0 0.42578125 0.77890625 0.03671875 0.0296875
1 0.69609375 0.790625 0.0359375 0.02890625
1 0.6578125 0.65078125 0.040625 0.02890625
0 0.4578125 0.778125 0.0375 0.03046875
0 0.53984375 0.7359375 0.03671875 0.03046875
1 0.8140625 0.4671875 0.0390625 0.0296875
1 0.6960937499999998 0.3843750000000001 0.0375 0.028125
1 0.946875 0.440625 0.0359375 0.02890625
1 0.5734375 0.56484375 0.03359375 0.0296875
1 0.5742187499999999 0.29921875 0.0375 0.0296875
1 0.57734375 0.79296875 0.0375 0.02890625
0 0.340625 0.7531250000000002 0.03671875 0.02890625
1 0.896875 0.14921875 0.040625 0.02734375
1 0.296875 0.4296875 0.0375 0.02734375
0 0.221875 0.13671875 0.03828125 0.02890625
1 0.4578125 0.80859375 0.03515625 0.03125
1 0.54140625 0.6515625 0.0375 0.0296875
0 0.69609375 0.44296875 0.03828125 0.0296875
1 0.7734375 0.353125 0.03984375 0.03046875
1 0.540625 0.47265625 0.0390625 0.02890625
1 0.946875 0.76484375 0.0359375 0.0296875
1 0.94296875 0.32578125 0.0421875 0.0296875
1 0.5390624999999999 0.17109374999999996 0.0375 0.0359375
1 0.30468750000000006 0.984375 0.03984375 0.03125
0 0.53984375 0.765625 0.03671875 0.02890625
1 0.29765625 0.4554687499999999 0.03984375 0.03046875
1 0.6578125 0.5390625000000001 0.03671875 0.025
1 0.775 0.534375 0.040625 0.028125
0 0.94765625 0.58828125 0.03515625 0.0296875
1 0.103125 0.96015625 0.0390625 0.0296875
1 0.29453125 0.4000000000000001 0.03671875 0.028125
1 0.33671875 0.165625 0.03828125 0.03828125
1 0.221875 0.9859375 0.03359375 0.028125
1 0.696875 0.76328125 0.0375 0.0296875
1 0.33671875 0.3414062500000001 0.03515625 0.028125
1 0.571875 0.359375 0.03359375 0.02734375
0 0.303125 0.953125 0.03828125 0.02890625
1 0.6578125 0.41640625 0.0390625 0.0296875
0 0.81015625 0.5898437499999999 0.046875 0.0296875
1 0.6578125 0.6765625 0.0390625 0.03046875
1 0.33984375 0.64296875 0.03515625 0.02890625
1 0.69609375 0.6515625 0.034375 0.03046875
1 0.69140625 0.1546875 0.03515625 0.02578125
1 0.66171875 0.61953125 0.04140625 0.02890625
1 0.340625 0.953125 0.03515625 0.0296875
0 0.34375 0.83984375 0.0375 0.03046875
1 0.42265625 0.69765625 0.03828125 0.028125
1 0.3 0.340625 0.0375 0.028125
1 0.540625 0.5664062500000001 0.0375 0.02890625
1 0.45703125 0.6375 0.03671875 0.02890625
1 0.3375 0.6140625 0.034375 0.02734375
0 0.9484375 0.70625 0.034375 0.0296875
1 0.89453125 0.1765625 0.04140625 0.03046875
1 0.9 0.84765625 0.040625 0.02890625
1 0.946875 0.84921875 0.03515625 0.03046875
1 0.53984375 0.5953125 0.03984375 0.03046875
0 0.89765625 0.8203125 0.03828125 0.02890625
1 0.3 0.5171875 0.0375 0.03125
1 0.6953125 0.67890625 0.034375 0.02734375
1 0.33515625 0.39921875 0.03984375 0.02890625
1 0.5421875 0.41953125 0.034375 0.0265625
1 0.421875 0.30234375 0.03671875 0.0296875
0 0.896875 0.790625 0.0390625 0.03046875
1 0.9421875 0.23828125 0.03984375 0.028125
0 0.06640625 0.9890624999999998 0.03671875 0.021875
1 0.94296875 0.26796875 0.03984375 0.0296875
1 0.57265625 0.7078124999999998 0.03984375 0.0296875
1 0.45546875 0.33125 0.0359375 0.02734375
1 0.4234375 0.6687499999999998 0.03828125 0.0296875
1 0.6984375 0.62109375 0.03359375 0.028125
1 0.57734375 0.76640625 0.03828125 0.02890625
1 0.22265625 0.9 0.034375 0.0296875
0 0.34296875 0.9265624999999998 0.03828125 0.0296875
1 0.1859375 0.9015625 0.0375 0.0296875
1 0.22421875 0.95625 0.03515625 0.028125
1 0.45703125 0.6671875000000002 0.0359375 0.02890625
1 0.66015625 0.59140625 0.03984375 0.03046875
1 0.54140625 0.4453125 0.0390625 0.03046875
1 0.66015625 0.5640625 0.0390625 0.0296875
1 0.21875 0.55234375 0.0359375 0.0296875
1 0.57421875 0.4453125 0.03515625 0.03046875
0 0.53828125 0.70859375 0.034375 0.028125
0 0.46015625 0.89140625 0.0359375 0.03046875
1 0.45703125 0.69609375 0.0359375 0.02890625
1 0.9460937499999998 0.46640625 0.0375 0.03046875
1 0.42578125 0.98359375 0.03515625 0.03125
1 0.4265625 0.95234375 0.03515625 0.0296875
1 0.0640625 0.52265625 0.0390625 0.03046875
1 0.7734375 0.328125 0.04140625 0.02890625
0 0.9484375 0.81953125 0.03359375 0.0296875
1 0.4234375 0.63828125 0.03828125 0.02890625
1 0.45390625 0.278125 0.0359375 0.0265625
1 0.22109375 0.615625 0.034375 0.025
1 0.65859375 0.44296875 0.03984375 0.03125
1 0.5742187500000001 0.7359375 0.040625 0.028125
1 0.3421875 0.9851562499999998 0.0359375 0.0296875
0 0.94765625 0.7898437499999998 0.03671875 0.0296875
1 0.65625 0.215625 0.03984375 0.03046875
0 0.8125 0.67578125 0.0421875 0.02890625
1 0.7796875 0.5921875 0.0390625 0.03046875
0 0.696875 0.59453125 0.03515625 0.03046875
1 0.5734375 0.47578125 0.0328125 0.02734375
1 0.33671875 0.42890625 0.0375 0.0296875
1 0.06328125 0.6132812500000001 0.03828125 0.02890625
1 0.45390625 0.30234375 0.034375 0.028125
0 0.18828125 0.98671875 0.03671875 0.0265625
1 0.29921875 0.54921875 0.0359375 0.02734375
1 0.6953125 0.8484375 0.0375 0.02734375
0 0.1828125 0.55234375 0.03515625 0.02578125
1 0.22343750000000004 0.815625 0.0375 0.0296875
1 0.575 0.85 0.0375 0.02890625
0 0.7953125 0.67734375 0.071875 0.02890625
1 0.334375 0.5484375 0.0375 0.02890625
1 0.571875 0.41796875 0.0359375 0.028125
1 0.1015625 0.6132812500000001 0.03515625 0.02890625
1 0.65546875 0.153125 0.04296875 0.02890625
0 0.69765625 0.7078125 0.034375 0.03046875
1 0.78046875 0.84765625 0.04296875 0.02890625
1 0.66015625 0.84765625 0.0375 0.028125
0 0.77734375 0.67578125 0.03828125 0.0296875
1 0.8140625 0.846875 0.03984375 0.02734375
1 0.33984375 0.69765625 0.0375 0.028125
1 0.09921875 0.98828125 0.0328125 0.021875
1 0.30234375 0.234375 0.0359375 0.0265625
