1 0.3484375 0.0671875 0.38671875 0.13046875
1 0.7515625 0.71875 0.4078125 0.1375
1 0.34375 0.45546875 0.3921875 0.15078125
1 0.3578125 0.7156249999999998 0.384375 0.1390625
1 0.72734375 0.57890625 0.365625 0.1390625
1 0.71875 0.31640625 0.3578125 0.1375
1 0.71875 0.44453125 0.34765625 0.1328125
1 0.3515625 0.85546875 0.39765625 0.1484375
1 0.7234375 0.85078125 0.33671875 0.1390625
1 0.36328125 0.3171875 0.36328125 0.13515625
1 0.36015625 0.584375 0.3578125 0.1328125
1 0.68828125 0.05625 0.28671875 0.1125
1 0.7171875 0.18125 0.35 0.14609375
0 0.35234375 0.1921875 0.36875 0.14140625
