0 0.896875 0.321875 0.0421875 0.03125
0 0.896875 0.4375 0.0390625 0.03046875
0 0.221875 0.1953125 0.0375 0.03203125
1 0.81640625 0.153125 0.03515625 0.0296875
1 0.66015625 0.29765625 0.040625 0.0328125
0 0.1015625 0.31640625 0.03671875 0.02890625
1 0.22187499999999996 0.34296875 0.03671875 0.03046875
1 0.2203125 0.16484375 0.0375 0.03359375
1 0.34375 0.86953125 0.03515625 0.0296875
1 0.89765625 0.40859375 0.0390625 0.03125
1 0.89921875 0.53359375 0.0390625 0.03046875
1 0.0671875 0.93515625 0.03125 0.02734375
1 0.09765625 0.2 0.04140625 0.0328125
1 0.81796875 0.56015625 0.03828125 0.03046875
1 0.22109375 0.22734375 0.0375 0.02890625
1 0.22109375 0.2578125 0.03984375 0.03125
0 0.8984375 0.29296875 0.03984375 0.0296875
1 0.6953125 0.26953125000000006 0.03359375 0.028125
0 0.94921875 0.3828125 0.03828125 0.03046875
1 0.3 0.10859375 0.03515625 0.03515625
0 0.57578125 0.18203125 0.03671875 0.0328125
1 0.42265625 0.51015625 0.0390625 0.03359375
1 0.8984375 0.35078125 0.04296875 0.03046875
1 0.10078125000000002 0.2875 0.0359375 0.03046875
1 0.09921875 0.2296875 0.03828125 0.03203125
1 0.22578125 0.84375 0.0359375 0.02890625
1 0.42890625 0.89375 0.03671875 0.03203125
0 0.18359375 0.40234375 0.03828125 0.0296875
0 0.18515625 0.70078125 0.0375 0.03046875
1 0.4585937500000001 0.5109375 0.0359375 0.03359375
0 0.69921875 0.8203125 0.03828125 0.0296875
0 0.34453125 0.89609375 0.0375 0.03046875
1 0.18359375 0.3421875 0.040625 0.02890625
1 0.815625 0.2359375 0.0375 0.0296875
1 0.94453125 0.29296875 0.04375 0.03125
1 0.42421875 0.47578125 0.03984375 0.0328125
0 0.78046875 0.82109375 0.0390625 0.02890625
0 0.7765625 0.5609375 0.03984375 0.03046875
0 0.18515625 0.78515625 0.03828125 0.0296875
0 0.42265625 0.446875 0.0390625 0.03046875
0 0.81953125 0.7640625 0.0390625 0.0296875
0 0.896875 0.38203125 0.040625 0.03125
1 0.778125 0.1515625 0.03984375 0.03125
1 0.69609375 0.240625 0.0359375 0.028125
1 0.17890625 0.13671875 0.0421875 0.0296875
1 0.77578125 0.18046875 0.03984375 0.03046875
0 0.22421875 0.40078125 0.0390625 0.02890625
0 0.89921875 0.61796875 0.03828125 0.03046875
1 0.9 0.70625 0.03828125 0.0296875
1 0.8984375 0.58671875 0.0375 0.0296875
1 0.096875 0.16796875 0.04140625 0.03203125
1 0.94453125 0.209375 0.03984375 0.0296875
0 0.1046875 0.93359375 0.0390625 0.02890625
1 0.06484375 0.37578125 0.0390625 0.03203125
0 0.18515625 0.7585937499999998 0.03828125 0.0296875
0 0.10234375 0.3453125 0.03671875 0.0296875
0 0.2234375 0.3734374999999999 0.03984375 0.03046875
0 0.3 0.209375 0.0359375 0.03203125
1 0.18515625 0.728125 0.03671875 0.03125
1 0.6609375 0.82109375 0.03828125 0.02890625
0 0.95078125 0.64765625 0.034375 0.02890625
1 0.30468749999999994 0.81328125 0.03828125 0.03046875
1 0.42890625 0.81015625 0.03828125 0.03046875
1 0.18515625 0.6703125 0.0375 0.03046875
1 0.66015625 0.53828125 0.0375 0.0265625
0 0.8984375 0.5609375 0.03828125 0.03046875
1 0.5734375 0.24140625 0.0359375 0.03046875
1 0.45859375 0.44453125 0.0375 0.03125
1 0.65859375 0.2703125 0.03828125 0.02734375
1 0.6999999999999998 0.5625 0.0375 0.03046875
0 0.3046875 0.6999999999999998 0.0390625 0.0296875
1 0.22265625 0.75703125 0.0359375 0.03046875
1 0.81484375 0.21015624999999996 0.03671875 0.02890625
0 0.81484375 0.2671875 0.03671875 0.0296875
1 0.7781249999999998 0.73203125 0.04140625 0.03203125
1 0.30078124999999994 0.31171875 0.03828125 0.02890625
0 0.18359375 0.4578125 0.0390625 0.0296875
1 0.18359375 0.43125 0.03828125 0.03046875
0 0.775 0.21015624999999996 0.0390625 0.02890625
0 0.22421875 0.78359375 0.03828125 0.02890625
1 0.29765625 0.25390625 0.0375 0.0296875
1 0.303125 0.66953125 0.03984375 0.03046875
1 0.69921875 0.17890624999999996 0.04296875 0.0328125
1 0.33828125 0.25390625 0.0375 0.03125
1 0.34140625 0.6687499999999998 0.03515625 0.0296875
1 0.3390625 0.28124999999999994 0.03671875 0.03046875
0 0.9 0.7328125 0.03828125 0.02890625
0 0.42890625 0.83828125 0.03828125 0.0296875
0 0.8992187499999998 0.64921875 0.0375 0.03125
1 0.18359375 0.490625 0.03828125 0.03203125
1 0.22265625 0.4296875 0.03828125 0.03125
0 0.30078124999999994 0.284375 0.03828125 0.02890625
0 0.34296875 0.78125 0.0359375 0.0296875
1 0.540625 0.2125 0.03828125 0.03046875
1 0.45859375 0.47578125 0.0375 0.0328125
0 0.1015625 0.26171875 0.03671875 0.02890625
1 0.8000000000000002 0.6171875 0.06796875 0.03203125
1 0.184375 0.3734374999999999 0.0390625 0.03046875
1 0.221875 0.3140625 0.0375 0.0296875
0 0.18359375 0.3140625 0.03828125 0.02890625
1 0.69765625 0.38359375 0.03671875 0.02890625
0 0.42734375 0.8671875 0.0375 0.0296875
0 0.9 0.7640625 0.03828125 0.03125
0 0.225 0.67109375 0.0375 0.03046875
0 0.4609375 0.86484375 0.0359375 0.02890625
0 0.065625 0.49375 0.0390625 0.03359375
0 0.81640625 0.41015625 0.03828125 0.02890625
1 0.54375 0.7921875 0.0375 0.0296875
0 0.2203125 0.490625 0.03515625 0.0328125
1 0.33828125 0.165625 0.0375 0.03828125
0 0.459375 0.75 0.03671875 0.028125
1 0.81796875 0.73359375 0.0390625 0.03046875
1 0.89765625 0.465625 0.0390625 0.0328125
0 0.103125 0.403125 0.034375 0.02890625
0 0.66015625 0.78984375 0.0375 0.02890625
0 0.065625 0.4046875 0.03828125 0.0296875
1 0.8976562500000002 0.20781250000000004 0.040625 0.0296875
1 0.7796875 0.409375 0.03828125 0.0296875
0 0.7015625 0.5937499999999999 0.0390625 0.0296875
0 0.30625 0.7828125 0.03828125 0.0296875
1 0.896875 0.2359375 0.04140625 0.03046875
1 0.45546875 0.1890625 0.03359375 0.02734375
0 0.30625 0.86953125 0.03828125 0.02890625
1 0.41796875 0.16171875 0.03984375 0.0296875
1 0.3375 0.1171875 0.03671875 0.034375
0 0.4265625 0.7515625 0.03671875 0.02890625
1 0.303125 0.6132812500000001 0.040625 0.02890625
1 0.34140625 0.61328125 0.034375 0.02734375
1 0.57578125 0.53984375 0.03359375 0.02734375
1 0.1765625 0.19609375 0.046875 0.03125
1 0.8156250000000002 0.29453125 0.03671875 0.03046875
0 0.225 0.8734375 0.0375 0.028125
1 0.54375 0.5390625000000001 0.03828125 0.02890625
1 0.54453125 0.82265625 0.0359375 0.028125
1 0.42265625 0.61171875 0.0375 0.02578125
1 0.8953125 0.26640625 0.040625 0.03046875
1 0.10625 0.52109375 0.0375 0.03125
1 0.30546875 0.89765625 0.0375 0.0296875
1 0.18515625 0.64453125 0.03828125 0.03125
0 0.9515625 0.67578125 0.034375 0.03046875
1 0.42265625 0.21796874999999996 0.0375 0.02890625
1 0.45859375 0.7234374999999998 0.03671875 0.0296875
0 0.42109375 0.1890625 0.04140625 0.0296875
1 0.7015625 0.6203125 0.0359375 0.0296875
1 0.30703125 0.8390625 0.03828125 0.03203125
0 0.0671875 0.84609375 0.03828125 0.03046875
1 0.10234375 0.3765625 0.03515625 0.03125
1 0.10625 0.8765625 0.03671875 0.0296875
1 0.6984375 0.5375 0.0359375 0.02734375
0 0.95 0.58671875 0.03515625 0.02890625
0 0.1046875 0.49296875 0.03828125 0.03203125
1 0.45625 0.16328125 0.0328125 0.0265625
1 0.30390625 0.7265625 0.0375 0.02890625
0 0.18515625 0.8156250000000002 0.03671875 0.02890625
0 0.1875 0.8421875 0.03828125 0.03046875
0 0.575 0.6210937500000001 0.0375 0.02890625
1 0.575 0.59453125 0.03359375 0.02890625
1 0.3390625 0.51640625 0.03671875 0.03125
1 0.1765625 0.16796875 0.0453125 0.0328125
1 0.696875 0.2953125 0.0328125 0.02890625
1 0.421875 0.24453125 0.0359375 0.02890625
0 0.95078125 0.53359375 0.0359375 0.02890625
0 0.1875 0.95703125 0.0390625 0.028125
0 0.22421875 0.728125 0.03671875 0.02890625
1 0.54140625 0.29921875 0.03828125 0.028125
0 0.95 0.4140625 0.0359375 0.02890625
0 0.5390625 0.27265625 0.0359375 0.02890625
0 0.06796875 0.90390625 0.03359375 0.03046875
1 0.1875 0.93125 0.0375 0.028125
1 0.696875 0.2125 0.0359375 0.02734375
1 0.45546875 0.21796875 0.03359375 0.028125
0 0.184375 0.5203125 0.03828125 0.0328125
0 0.77890625 0.440625 0.0390625 0.02890625
1 0.696875 0.46953125 0.0375 0.03125
1 0.77890625 0.7890625 0.0390625 0.0328125
0 0.303125 0.63984375 0.040625 0.0296875
1 0.2203125 0.4578125 0.034375 0.02890625
1 0.95078125 0.85 0.0359375 0.03203125
1 0.421875 0.3890625 0.03828125 0.0296875
0 0.9 0.6765624999999998 0.0375 0.0296875
1 0.42578125 0.69765625 0.03828125 0.028125
0 0.10624999999999998 0.8445312499999998 0.03828125 0.0296875
0 0.69765625 0.4421875 0.0359375 0.0296875
1 0.81796875 0.53359375 0.0375 0.0296875
1 0.53984375 0.240625 0.03671875 0.0296875
0 0.2234375 0.13515625 0.03828125 0.02890625
0 0.696875 0.35546875 0.0375 0.02890625
0 0.77890625 0.7640625 0.04140625 0.02890625
1 0.81484375 0.1796875 0.0359375 0.0296875
1 0.42265625 0.3578125 0.03828125 0.0296875
0 0.42890625 0.9265625 0.03515625 0.028125
1 0.33828125 0.2140625 0.0375 0.03359375
0 0.8140625 0.35078125 0.03828125 0.02890625
1 0.421875 0.27578125 0.03671875 0.028125
1 0.57578125 0.29921875 0.03828125 0.03046875
1 0.540625 0.11875 0.03359375 0.03671875
0 0.54375 0.678125 0.03671875 0.03046875
0 0.06875 0.81953125 0.0375 0.03046875
1 0.778125 0.53359375 0.040625 0.02890625
1 0.659375 0.3859375 0.0421875 0.03046875
0 0.3078125 0.95390625 0.0390625 0.02890625
1 0.5421875 0.17109375 0.03515625 0.03515625
1 0.06953125 0.96484375 0.03515625 0.02890625
1 0.33984375 0.48828125 0.03671875 0.03125
1 0.45703125 0.6109375 0.0359375 0.0265625
0 0.22421875 0.640625 0.03671875 0.03046875
0 0.06875 0.87734375 0.0375 0.03046875
1 0.9453125 0.3515625 0.0421875 0.03046875
0 0.54140625 0.7351562499999998 0.03671875 0.0296875
0 0.540625 0.70859375 0.0328125 0.02734375
1 0.33828125 0.31015625 0.03671875 0.0296875
1 0.221875 0.2859375 0.03828125 0.02890625
0 0.81796875 0.5890625 0.03828125 0.02890625
1 0.46015625 0.809375 0.03515625 0.03046875
0 0.575 0.21484375 0.03671875 0.02890625
0 0.81796875 0.7062500000000002 0.03828125 0.02890625
1 0.6546875 0.18125 0.04375 0.0328125
0 0.184375 0.615625 0.03828125 0.028125
1 0.57578125 0.13046875 0.034375 0.03359375
1 0.69765625 0.4140625 0.0359375 0.02890625
1 0.18046875 0.259375 0.040625 0.03046875
0 0.90078125 0.8203125 0.03828125 0.02890625
1 0.18203125 0.2859375 0.03984375 0.02890625
1 0.30546875 0.928125 0.03671875 0.02890625
0 0.34453125 0.81328125 0.0375 0.03046875
1 0.77578125 0.29453125 0.0390625 0.03046875
1 0.34140625 0.7257812500000002 0.03671875 0.02890625
1 0.57890625 0.8234375000000002 0.03828125 0.02890625
1 0.66328125 0.61953125 0.0390625 0.02890625
0 0.10546875 0.81796875 0.03671875 0.02890625
1 0.30078125000000006 0.48828125 0.03984375 0.03046875
1 0.1046875 0.90390625 0.03671875 0.03046875
0 0.30078125 0.1609375 0.03515625 0.028125
0 0.81796875 0.8203125 0.03671875 0.028125
1 0.22578125 0.93125 0.03515625 0.028125
0 0.10078125 0.1375 0.0375 0.0296875
1 0.45625 0.2484375 0.03671875 0.03046875
1 0.42578125 0.725 0.03828125 0.0296875
1 0.946875 0.26640625 0.03671875 0.028125
1 0.81484375 0.32421875 0.03671875 0.0296875
1 0.4234375 0.33125 0.0375 0.028125
1 0.1015625 0.4328125 0.0359375 0.0296875
1 0.4578125 0.5453125 0.034375 0.0328125
0 0.77890625 0.70546875 0.03984375 0.02890625
1 0.42265625 0.54453125 0.03984375 0.03125
1 0.30625 0.75625 0.03671875 0.0296875
1 0.21953125000000004 0.5195312500000001 0.03359375 0.0328125
0 0.42734375 0.77890625 0.0375 0.0296875
1 0.3390625 0.4554687499999999 0.0375 0.03046875
1 0.57890625 0.7664062499999998 0.03828125 0.0296875
1 0.46171875 0.83671875 0.0359375 0.028125
1 0.4203125 0.41953125 0.03984375 0.03046875
1 0.659375 0.35390625 0.0390625 0.0296875
1 0.1796875 0.2265625 0.04296875 0.0328125
1 0.77734375 0.23828125 0.03984375 0.0296875
1 0.57890625 0.79296875 0.0375 0.028125
0 0.65859375 0.32890625 0.04140625 0.02890625
1 0.696875 0.32734375 0.03359375 0.02734375
1 0.94921875 0.43984375 0.03515625 0.02734375
1 0.540625 0.6210937500000001 0.04140625 0.02890625
1 0.94453125 0.325 0.04375 0.0296875
0 0.5421875 0.765625 0.0375 0.0296875
1 0.57421875 0.33046875 0.03515625 0.0296875
1 0.2234375 0.70078125 0.0359375 0.03046875
0 0.9 0.790625 0.03828125 0.03046875
0 0.34375 0.8390625 0.03671875 0.0296875
1 0.90390625 0.84765625 0.04140625 0.02890625
0 0.34140625 0.75546875 0.03515625 0.02890625
1 0.65859375 0.24140624999999996 0.0375 0.02890625
1 0.540625 0.59453125 0.03984375 0.0296875
1 0.81796875 0.44140625 0.03984375 0.0296875
1 0.5421875 0.471875 0.0390625 0.028125
1 0.42265625 0.3015625 0.0359375 0.02890625
1 0.45625 0.33125 0.0359375 0.028125
0 0.81796875 0.79140625 0.03828125 0.03046875
1 0.4578125 0.41875 0.0359375 0.02890625
1 0.6609375 0.70703125 0.03984375 0.03046875
1 0.66171875 0.5640625 0.03828125 0.0296875
1 0.896875 0.14765625 0.0390625 0.02734375
1 0.6625 0.65078125 0.03828125 0.028125
1 0.57421875 0.4140625 0.034375 0.028125
1 0.34296875 0.953125 0.0359375 0.0296875
0 0.9499999999999998 0.7921875 0.03359375 0.02734375
1 0.06796875 0.6171875000000001 0.0359375 0.02890625
1 0.459375 0.6953125 0.03515625 0.0296875
1 0.946875 0.23671875 0.03671875 0.028125
0 0.8171875 0.6765625 0.0390625 0.028125
1 0.5734375 0.271875 0.03671875 0.02890625
1 0.69375 0.15234375 0.0359375 0.028125
0 0.3421875 0.92578125 0.03671875 0.0296875
1 0.425 0.66796875 0.0390625 0.0296875
1 0.69453125 0.7640625 0.0390625 0.02890625
1 0.30546875 0.984375 0.03984375 0.03046875
1 0.6984375 0.84765625 0.03828125 0.02890625
0 0.95078125 0.61640625 0.034375 0.03046875
1 0.94765625 0.465625 0.0359375 0.0296875
1 0.4578125 0.35703125 0.03671875 0.02890625
1 0.57734375 0.73515625 0.03828125 0.028125
1 0.428125 0.95234375 0.03515625 0.03046875
1 0.575 0.65234375 0.0375 0.02890625
1 0.18671875 0.87421875 0.03984375 0.0296875
1 0.896875 0.17656250000000004 0.04140625 0.0296875
1 0.78203125 0.84765625 0.03828125 0.028125
1 0.5421875 0.44453125 0.03828125 0.0296875
0 0.95 0.559375 0.03515625 0.028125
1 0.3390625 0.3390625 0.03515625 0.02734375
1 0.3 0.51796875 0.0375 0.03046875
1 0.4585937500000001 0.38828125 0.0359375 0.0296875
1 0.5421875 0.6515625 0.03671875 0.0296875
1 0.3 0.4554687499999999 0.040625 0.03046875
1 0.5390625 0.35546875 0.03515625 0.02734375
1 0.1046875 0.96015625 0.0390625 0.0296875
1 0.5742187500000001 0.709375 0.040625 0.0296875
1 0.10078125 0.46015625 0.0390625 0.03046875
1 0.22578125 0.95703125 0.03515625 0.02734375
1 0.6609375 0.5937500000000001 0.03828125 0.02890625
0 0.06875 0.9890624999999998 0.03671875 0.021875
1 0.69765625 0.790625 0.0359375 0.028125
1 0.69921875 0.678125 0.03515625 0.028125
1 0.78125 0.59140625 0.0375 0.03046875
1 0.65859375 0.21484375 0.0390625 0.0296875
1 0.77734375 0.2671875 0.03828125 0.03046875
1 0.540625 0.33046875 0.03671875 0.0296875
1 0.340625 0.64296875 0.034375 0.0296875
0 0.66015625 0.76328125 0.03671875 0.0296875
1 0.57734375 0.4453125 0.0359375 0.02890625
1 0.10312499999999998 0.6132812499999999 0.0359375 0.0296875
1 0.5765625 0.67734375 0.03515625 0.02890625
1 0.2234375 0.9859375 0.034375 0.02734375
1 0.659375 0.67734375 0.03828125 0.02890625
1 0.77734375 0.32578125 0.04140625 0.02890625
1 0.5765625 0.475 0.03515625 0.02734375
1 0.659375 0.4429687500000001 0.040625 0.03203125
1 0.5421875 0.56640625 0.0390625 0.028125
0 0.66171875 0.7335937500000002 0.0390625 0.02890625
1 0.6609375 0.47265625 0.0390625 0.028125
0 0.459375 0.77890625 0.03515625 0.0296875
1 0.77890625 0.46484375 0.0390625 0.02890625
1 0.3015625 0.340625 0.03828125 0.028125
1 0.575 0.565625 0.03359375 0.028125
1 0.2203125 0.55234375 0.0359375 0.03046875
1 0.5765625 0.84921875 0.0375 0.02890625
0 0.9515625 0.70625 0.034375 0.0296875
1 0.45625 0.30234375 0.0359375 0.02734375
1 0.18828125000000004 0.9015625 0.0375 0.03046875
1 0.425 0.6375 0.03828125 0.02890625
1 0.45859375 0.6671875000000002 0.03359375 0.02890625
1 0.45859375 0.6367187499999999 0.03671875 0.0296875
1 0.69921875 0.65078125 0.03671875 0.02890625
1 0.10390625 0.7875 0.03671875 0.03046875
1 0.45625 0.2765625 0.0359375 0.02734375
1 0.34140625 0.9851562499999998 0.03515625 0.0296875
1 0.659375 0.41171875 0.04140625 0.02890625
1 0.81796875 0.84765625 0.0375 0.03046875
1 0.81796875 0.4671875 0.0390625 0.02890625
1 0.54375 0.41875 0.03515625 0.02734375
0 0.54296875 0.85 0.034375 0.02578125
0 0.95234375 0.82109375 0.03359375 0.028125
0 0.06640625 0.434375 0.03828125 0.02890625
1 0.69765625 0.73125 0.0375 0.028125
1 0.3015625 0.54921875 0.0375 0.028125
0 0.46171875 0.8921875 0.0359375 0.0296875
1 0.57265625 0.359375 0.03671875 0.0265625
0 0.78046875 0.67578125 0.03828125 0.0296875
0 0.95234375 0.73203125 0.03359375 0.03046875
1 0.95078125 0.765625 0.03359375 0.028125
1 0.22109375 0.61484375 0.03359375 0.02578125
0 0.18515625 0.553125 0.03515625 0.0265625
0 0.9484375 0.18046875 0.03515625 0.028125
1 0.3375 0.428125 0.03671875 0.0296875
1 0.4265625 0.984375 0.03515625 0.02890625
1 0.65625 0.1515625 0.04296875 0.0296875
0 0.06484375 0.4625 0.0375 0.03046875
1 0.77734375 0.35078125 0.040625 0.02890625
1 0.66171875 0.8484375 0.0375 0.02734375
1 0.3 0.428125 0.0375 0.02890625
1 0.22421875 0.81640625 0.0375 0.0296875
1 0.33515625 0.3984375 0.03984375 0.02890625
1 0.22421875 0.89921875 0.03515625 0.03046875
1 0.3375 0.5484375 0.03671875 0.028125
0 0.7015625 0.7078124999999998 0.0328125 0.0296875
0 0.7828125 0.65 0.04140625 0.0296875
0 0.18828125000000004 0.98671875 0.0375 0.025
0 0.8125 0.65 0.0453125 0.03046875
1 0.10078125 0.9890624999999998 0.03046875 0.021875
1 0.065625 0.5234375 0.040625 0.03046875
0 0.57578125 0.1578125 0.0359375 0.02109375
0 0.3421875 0.69921875 0.03671875 0.02890625
1 0.8671875 0.53203125 0.02734375 0.0421875
