1 0.09843749999999998 0.28671875 0.034375 0.03046875
1 0.21875 0.22734375 0.0390625 0.03046875
1 0.2203125 0.75703125 0.03828125 0.03046875
0 0.09921875 0.315625 0.03515625 0.02890625
0 0.1828125 0.7578125 0.0359375 0.02890625
0 0.18203125 0.4578125 0.03984375 0.03046875
1 0.21796875 0.16640625 0.0421875 0.0328125
0 0.8921875 0.55859375 0.0375 0.03125
1 0.7953125 0.6171874999999999 0.06875 0.03359375
1 0.21875 0.34375 0.0390625 0.03046875
1 0.21875 0.2578125 0.0375 0.03125
0 0.21875 0.1953125 0.04140625 0.0328125
0 0.8140625 0.7625 0.03828125 0.03125
1 0.41796875 0.51015625 0.03984375 0.03359375
1 0.65546875 0.29921875 0.04140625 0.03203125
0 0.771875 0.21328125 0.040625 0.02890625
1 0.9382812499999998 0.21171875000000004 0.04140625 0.0296875
1 0.18203125 0.375 0.0390625 0.03046875
0 0.89375 0.76171875 0.03828125 0.03125
1 0.45625 0.47890625 0.0359375 0.03359375
0 0.8953125 0.73203125 0.03828125 0.0296875
0 0.659375 0.734375 0.03984375 0.0296875
0 0.8921875 0.29453125 0.0375 0.03203125
0 0.10234375 0.9328125000000002 0.0390625 0.02890625
1 0.8140625 0.73203125 0.0375 0.0296875
1 0.103125 0.903125 0.0375 0.03046875
1 0.17265625 0.16953124999999997 0.04453125 0.03203125
0 0.10078125000000002 0.403125 0.0359375 0.02890625
1 0.7742187499999998 0.4109375 0.0375 0.02890625
1 0.175 0.196875 0.04453125 0.03125
0 0.10234374999999998 0.49296875 0.03828125 0.03203125
1 0.18046875 0.49140625 0.03828125 0.03203125
1 0.4265625 0.89375 0.03671875 0.03203125
1 0.29765625 0.10859375 0.03671875 0.03515625
1 0.771875 0.18046875 0.040625 0.0328125
1 0.3015625 0.81328125 0.0390625 0.03046875
1 0.18046875 0.34296875 0.03984375 0.02890625
0 0.8117187500000002 0.26875 0.03671875 0.03046875
1 0.93984375 0.29453125 0.04453125 0.03125
1 0.18125 0.2859375 0.03984375 0.02890625
1 0.18203125 0.6703125 0.0390625 0.03046875
0 0.8125 0.41328125 0.03828125 0.03046875
0 0.57265625 0.1828125 0.0359375 0.034375
1 0.89453125 0.3515625 0.040625 0.0328125
0 0.1828125 0.78515625 0.0390625 0.0296875
1 0.425 0.81015625 0.0375 0.03046875
0 0.94296875 0.41328125 0.03515625 0.03046875
1 0.30390625 0.896875 0.0375 0.0296875
1 0.89453125 0.53359375 0.0375 0.0296875
0 0.0625 0.403125 0.0390625 0.03046875
1 0.69609375 0.3546875 0.0390625 0.03046875
0 0.2203125 0.3734375 0.04140625 0.0296875
0 0.0640625 0.84609375 0.03828125 0.0296875
1 0.2203125 0.43046875 0.03828125 0.03125
0 0.4171875 0.44765625 0.040625 0.0296875
0 0.18359375 0.5203125 0.03828125 0.03359375
1 0.41484375 0.16171875 0.03984375 0.028125
1 0.41796875 0.35859375 0.03828125 0.0296875
0 0.1046875 0.84375 0.03828125 0.0296875
1 0.1828125 0.43125 0.0390625 0.03046875
1 0.334375 0.11796875 0.0375 0.0375
1 0.18359375 0.87421875 0.03828125 0.0296875
0 0.21796875 0.490625 0.03515625 0.0328125
0 0.8921875 0.38203125 0.03671875 0.0296875
1 0.09218750000000002 0.20000000000000004 0.03828125 0.03359375
1 0.69296875 0.2703125 0.03515625 0.0296875
1 0.21875 0.51953125 0.034375 0.03203125
1 0.81328125 0.44140625 0.03828125 0.03125
0 0.3015625 0.7 0.03984375 0.02890625
1 0.8109375 0.2109375 0.03671875 0.02890625
1 0.09843749999999998 0.3765625 0.034375 0.03125
1 0.3015625 0.6687499999999998 0.03984375 0.0296875
1 0.5375 0.21328125 0.03828125 0.0328125
0 0.89296875 0.64765625 0.03671875 0.03125
1 0.0640625 0.934375 0.034375 0.028125
0 0.8140625 0.70546875 0.0375 0.0296875
1 0.45546875 0.6109375 0.03515625 0.02578125
0 0.42421875 0.86640625 0.03671875 0.0296875
1 0.77421875 0.73125 0.03984375 0.03125
0 0.06328125 0.49375 0.0390625 0.0328125
0 0.42421875 0.83671875 0.0375 0.03046875
1 0.57265625 0.5953125 0.034375 0.02890625
1 0.17734375 0.22890625 0.0421875 0.03125
0 0.1 0.34453125 0.0359375 0.03046875
0 0.30390625 0.86875 0.03828125 0.02890625
0 0.77421875 0.7624999999999998 0.03984375 0.0296875
0 0.540625 0.678125 0.0375 0.0296875
0 0.10390625 0.81796875 0.0375 0.02890625
0 0.7734375 0.44140625 0.0375 0.0296875
0 0.8125 0.35234375 0.0375 0.0296875
1 0.45546875 0.51171875 0.0359375 0.03203125
1 0.29921875 0.3109375 0.0375 0.028125
1 0.42109375 0.4765625 0.0390625 0.0328125
1 0.1828125 0.64375 0.03828125 0.03046875
0 0.0625 0.434375 0.03828125 0.02890625
0 0.18125 0.3140625 0.040625 0.02890625
0 0.221875 0.6703125 0.0390625 0.0296875
1 0.81171875 0.23828125 0.0359375 0.02890625
1 0.4203125 0.21875 0.0359375 0.0296875
0 0.41875 0.18984375 0.04140625 0.028125
1 0.6578125 0.70625 0.03984375 0.03046875
1 0.1 0.4328125 0.03515625 0.0296875
0 0.065625 0.81953125 0.03671875 0.0296875
0 0.4578125 0.8664062500000002 0.0375 0.02890625
1 0.10390625 0.87578125 0.0375 0.03046875
0 0.34140625 0.8953124999999998 0.03671875 0.0296875
1 0.8937500000000002 0.2375 0.040625 0.03046875
1 0.65546875 0.35390625 0.03984375 0.03125
0 0.45546875 0.75 0.03671875 0.028125
1 0.89453125 0.590625 0.0375 0.03046875
0 0.53671875 0.27343749999999994 0.0375 0.03046875
0 0.296875 0.284375 0.0375 0.02890625
0 0.18046875 0.40078125 0.0390625 0.0296875
0 0.9453125 0.559375 0.03671875 0.0296875
1 0.53671875 0.24609375 0.0375 0.03125
1 0.178125 0.259375 0.03984375 0.03046875
1 0.69609375 0.18046875 0.0390625 0.0328125
0 0.184375 0.9578125 0.0390625 0.02890625
1 0.89609375 0.70546875 0.03828125 0.03125
0 0.18046875 0.70078125 0.03671875 0.0296875
1 0.34140625 0.86875 0.03515625 0.02890625
0 0.65625 0.7625 0.03828125 0.02890625
0 0.3 0.63984375 0.03984375 0.03046875
1 0.57109375 0.2421875 0.0359375 0.0296875
0 0.94296875 0.38359375 0.03828125 0.0296875
0 0.89453125 0.61796875 0.0375 0.03046875
1 0.7726562500000002 0.26953125 0.040625 0.0296875
0 0.29765625 0.209375 0.03671875 0.03203125
1 0.18046875 0.728125 0.03515625 0.03046875
1 0.45546875 0.446875 0.03671875 0.0296875
0 0.29765625 0.16015625 0.03671875 0.0296875
1 0.4171875 0.24609375 0.03671875 0.03046875
0 0.42265625 0.7531250000000002 0.03671875 0.02890625
1 0.571875 0.1296875 0.034375 0.03515625
1 0.7734375 0.23984375 0.04140625 0.0296875
1 0.33515625 0.28203125 0.0359375 0.0296875
1 0.42109375 0.61171875 0.0375 0.02578125
1 0.65625 0.53828125 0.03828125 0.0265625
1 0.8921875 0.4664062500000001 0.0375 0.03203125
1 0.6953125 0.7328125 0.03671875 0.02890625
1 0.53671875 0.1203125 0.03515625 0.03671875
1 0.940625 0.35390625 0.03984375 0.03125
1 0.45625 0.7234374999999998 0.0375 0.0296875
1 0.2203125 0.28671875 0.0375 0.0296875
1 0.53984375 0.79140625 0.0375 0.03046875
1 0.89375 0.4124999999999999 0.0375 0.03046875
1 0.69140625 0.29765625 0.0359375 0.02890625
1 0.571875 0.33125 0.03515625 0.0296875
0 0.946875 0.64765625 0.03515625 0.03046875
0 0.57265625 0.2171875 0.03671875 0.03046875
0 0.8921875 0.440625 0.0375 0.0296875
0 0.4265625 0.92578125 0.03515625 0.028125
1 0.89453125 0.14921875 0.040625 0.02734375
1 0.29609375 0.25703125 0.03828125 0.03125
1 0.69140625 0.53828125 0.03671875 0.02734375
0 0.7953125 0.65 0.07109375 0.03125
0 0.18125 0.61484375 0.03671875 0.028125
0 0.340625 0.78125 0.0375 0.0296875
0 0.18437500000000004 0.8421875 0.0375 0.0296875
0 0.5390625 0.765625 0.03828125 0.0296875
0 0.89140625 0.325 0.03828125 0.03046875
1 0.184375 0.93203125 0.03828125 0.02734375
1 0.65546875 0.38671875 0.04375 0.03046875
1 0.4203125 0.69765625 0.0390625 0.0296875
1 0.81171875 0.29453125 0.0359375 0.03125
1 0.3390625 0.66875 0.034375 0.02890625
1 0.45546875 0.35859375 0.0359375 0.02890625
0 0.22265625 0.8734375 0.0375 0.028125
1 0.33984375 0.72421875 0.0375 0.0296875
0 0.946875 0.6171875 0.0359375 0.03125
0 0.3421874999999999 0.8125 0.03828125 0.03046875
1 0.8125 0.18125 0.03671875 0.0296875
0 0.065625 0.9031249999999998 0.0359375 0.0296875
1 0.103125 0.52109375 0.03671875 0.0296875
0 0.42421875 0.7796875 0.03671875 0.0296875
0 0.1 0.26171875 0.03515625 0.02734375
0 0.65703125 0.7890625 0.03828125 0.02890625
1 0.21953125 0.31484375 0.0359375 0.0296875
0 0.33984375 0.7531250000000002 0.03671875 0.02890625
1 0.7726562500000002 0.3539062499999999 0.040625 0.03046875
1 0.29921875 0.6132812500000001 0.040625 0.02890625
1 0.4171875 0.41953125 0.0390625 0.03046875
0 0.303125 0.78203125 0.0375 0.02890625
1 0.69453125 0.5625 0.0359375 0.03125
0 0.6960937499999998 0.4421875 0.0375 0.03125
1 0.453125 0.24765625 0.0359375 0.03125
1 0.940625 0.32578125 0.04140625 0.02890625
0 0.21875 0.1359375 0.040625 0.028125
0 0.6546875 0.32734375 0.03984375 0.02890625
1 0.65703125 0.8210937499999998 0.0390625 0.0296875
1 0.45390625 0.1640625 0.03359375 0.02734375
0 0.22109375 0.78359375 0.03828125 0.02890625
1 0.09218750000000002 0.16640625000000003 0.03828125 0.034375
1 0.33515625 0.2546875 0.03828125 0.03046875
1 0.6960937499999998 0.67734375 0.0375 0.0296875
1 0.41953125 0.38984375 0.0375 0.02890625
1 0.54140625 0.5390625000000001 0.0390625 0.02890625
0 0.94609375 0.5875 0.0359375 0.0296875
1 0.2234375 0.84375 0.03671875 0.0296875
1 0.6960937499999998 0.6203125 0.03359375 0.0296875
1 0.065625 0.965625 0.0359375 0.02890625
1 0.57109375 0.271875 0.03828125 0.03203125
1 0.303125 0.7265625 0.03671875 0.02890625
1 0.8125 0.3265625 0.0359375 0.02890625
1 0.771875 0.1546875 0.03671875 0.02890625
1 0.65546875 0.27109375 0.0390625 0.0296875
1 0.81328125 0.5609375 0.03671875 0.03125
0 0.8937500000000002 0.67578125 0.03671875 0.02890625
1 0.45625 0.80859375 0.0359375 0.03203125
0 0.77421875 0.70546875 0.03984375 0.0296875
0 0.5734375 0.6210937500000001 0.0375 0.02890625
0 0.9460937499999998 0.534375 0.0375 0.02890625
1 0.65625 0.24140624999999996 0.03671875 0.02890625
1 0.5734375 0.53984375 0.0328125 0.02734375
0 0.06640625 0.87734375 0.0375 0.02890625
1 0.7742187499999998 0.465625 0.0375 0.0296875
1 0.3359375 0.1625 0.03828125 0.040625
1 0.57578125 0.79296875 0.0375 0.028125
0 0.540625 0.73515625 0.03828125 0.03046875
1 0.45234375 0.18984375 0.0328125 0.02734375
0 0.22109375 0.640625 0.0375 0.0296875
1 0.2984375 0.42890625 0.03828125 0.028125
1 0.45703125 0.8359375 0.03671875 0.0296875
1 0.33671875 0.4554687499999999 0.03671875 0.03046875
1 0.22109375 0.7015625 0.03828125 0.03125
1 0.30234375 0.98359375 0.03984375 0.03203125
1 0.8921875 0.2671875 0.03828125 0.0296875
1 0.8937500000000002 0.209375 0.040625 0.0296875
0 0.94609375 0.675 0.03515625 0.03046875
0 0.18359375 0.8156250000000002 0.03671875 0.02890625
0 0.8140625 0.81953125 0.0375 0.028125
0 0.69609375 0.8203125 0.0390625 0.02890625
1 0.340625 0.95234375 0.03515625 0.03046875
1 0.42109375 0.33203125 0.0375 0.028125
1 0.06171875 0.37578125 0.0390625 0.03046875
1 0.30390625 0.92734375 0.0375 0.02890625
1 0.5390625 0.62109375 0.03984375 0.028125
1 0.5375 0.171875 0.0375 0.03515625
1 0.53828125 0.30078125 0.0359375 0.02890625
0 0.30234375 0.95390625 0.03984375 0.028125
1 0.69296875 0.2140625 0.03515625 0.0296875
1 0.334375 0.51640625 0.0390625 0.03203125
1 0.57265625 0.6515625 0.03671875 0.02890625
1 0.7765625 0.78984375 0.0390625 0.03125
1 0.30390625 0.75625 0.03515625 0.0296875
1 0.09765625 0.2296875 0.0375 0.03203125
1 0.22265625 0.9 0.03515625 0.03046875
1 0.334375 0.3109375 0.0359375 0.02890625
1 0.5703125 0.30078125 0.0359375 0.02890625
0 0.69609375 0.5937500000000001 0.03671875 0.02890625
1 0.6578125 0.47265625 0.0421875 0.0296875
1 0.45703125 0.6953125 0.0359375 0.0296875
0 0.8140625 0.790625 0.03828125 0.03046875
1 0.69375 0.3828125 0.03671875 0.028125
1 0.221875 0.93046875 0.034375 0.02890625
1 0.45234375 0.21875 0.03359375 0.02890625
1 0.45703125 0.38984375 0.03671875 0.0296875
1 0.575 0.7664062499999998 0.0375 0.0296875
1 0.5390624999999999 0.65078125 0.0375 0.0296875
1 0.65703125 0.44375 0.04140625 0.03125
1 0.2171875 0.45625 0.034375 0.02890625
1 0.69296875 0.7640625 0.0375 0.02890625
0 0.22109375 0.40078125 0.040625 0.02890625
1 0.53828125 0.33125 0.0375 0.02890625
0 0.22109375 0.72890625 0.03984375 0.02890625
1 0.66015625 0.5937499999999999 0.0390625 0.0296875
1 0.1 0.46015625 0.03671875 0.03046875
1 0.57265625 0.565625 0.0328125 0.028125
1 0.5734375 0.4453125 0.0359375 0.03046875
1 0.94375 0.4390625 0.03515625 0.03046875
1 0.1015625 0.9609375 0.0390625 0.0296875
1 0.6546875 0.18125 0.04140625 0.0328125
1 0.41875 0.27734375 0.0359375 0.02734375
1 0.5390625 0.44609375 0.03828125 0.02890625
1 0.2953125 0.515625 0.03828125 0.03359375
1 0.540625 0.82109375 0.0359375 0.02734375
1 0.3390625 0.64296875 0.03515625 0.02890625
1 0.8140625 0.4671875 0.03828125 0.03125
1 0.9453125 0.7640625 0.034375 0.0296875
0 0.77734375 0.81953125 0.03984375 0.028125
1 0.296875 0.4554687499999999 0.0390625 0.03046875
1 0.53671875 0.35625 0.0359375 0.02734375
1 0.6906250000000002 0.3265625 0.03671875 0.028125
1 0.175 0.13671875 0.0421875 0.02890625
1 0.45625 0.6367187499999999 0.03671875 0.0296875
1 0.3015625 0.8390625 0.0390625 0.03125
1 0.2203125 0.9859375 0.034375 0.028125
1 0.68984375 0.1546875 0.03515625 0.02578125
1 0.3375 0.6140625 0.034375 0.02734375
1 0.425 0.95234375 0.03515625 0.0296875
1 0.575 0.8234375 0.03671875 0.028125
1 0.6609375 0.61953125 0.03984375 0.0296875
0 0.5375 0.70859375 0.034375 0.02890625
1 0.69296875 0.240625 0.034375 0.028125
1 0.4203125 0.54375 0.0375 0.03203125
1 0.41953125 0.72421875 0.03828125 0.03046875
1 0.6953125 0.64921875 0.03671875 0.0296875
1 0.18515625 0.90078125 0.03828125 0.03125
1 0.4546875 0.33125 0.03515625 0.028125
1 0.45546875 0.41953125 0.03671875 0.03046875
1 0.421875 0.6375 0.03984375 0.03046875
1 0.5734375 0.678125 0.03515625 0.028125
1 0.56953125 0.35859375 0.03515625 0.02734375
1 0.5742187500000001 0.73515625 0.03671875 0.02734375
1 0.53828125 0.5953125 0.0375 0.02890625
1 0.65625 0.6765625 0.03828125 0.03046875
1 0.659375 0.5625 0.03828125 0.03046875
1 0.57109375 0.41484375 0.0328125 0.028125
1 0.8117187500000002 0.15625 0.03671875 0.028125
0 0.3421875 0.9265625 0.0375 0.02890625
1 0.69296875 0.78984375 0.0375 0.028125
1 0.4234375000000001 0.6671875 0.03984375 0.0296875
0 0.45625 0.77890625 0.0359375 0.02890625
1 0.2984375 0.39921875 0.0390625 0.028125
1 0.93671875 0.26484375 0.03984375 0.03046875
1 0.42265625 0.984375 0.034375 0.03125
1 0.10078125 0.78828125 0.0375 0.0296875
1 0.3414062500000001 0.984375 0.0359375 0.03046875
1 0.3359375 0.48828125 0.03515625 0.03046875
1 0.53828125 0.41953125 0.034375 0.02734375
1 0.41796875 0.30234375 0.03671875 0.028125
1 0.77265625 0.29687499999999994 0.04140625 0.03046875
0 0.946875 0.7312499999999998 0.0328125 0.0296875
1 0.5390625 0.56484375 0.03828125 0.0296875
1 0.21953125 0.61484375 0.034375 0.02578125
1 0.29765625 0.48828125 0.0390625 0.03046875
1 0.53984375 0.4734375 0.03828125 0.0296875
1 0.8937500000000002 0.1765625 0.040625 0.03046875
1 0.6578125 0.415625 0.03984375 0.0296875
1 0.21953125 0.55078125 0.0359375 0.028125
1 0.775 0.534375 0.040625 0.02734375
1 0.3359375 0.21875 0.0390625 0.03203125
1 0.3 0.340625 0.0375 0.028125
0 0.09765625 0.1375 0.0375 0.02890625
0 0.8953125 0.7898437499999998 0.0390625 0.0296875
1 0.4546875 0.54453125 0.03515625 0.0328125
1 0.6578125 0.65 0.03984375 0.02890625
0 0.0640625 0.4625 0.0390625 0.03046875
1 0.69375 0.47109375 0.03515625 0.03125
1 0.0625 0.6132812499999999 0.03828125 0.0296875
1 0.3359375 0.340625 0.03515625 0.02734375
1 0.221875 0.81484375 0.0359375 0.0296875
0 0.06484375 0.9890624999999998 0.0375 0.021875
1 0.9406250000000002 0.2375 0.040625 0.02734375
1 0.77421875 0.3265625 0.03984375 0.02890625
0 0.9460937499999998 0.70625 0.03359375 0.03046875
1 0.57265625 0.7078124999999998 0.03671875 0.0296875
1 0.571875 0.47578125 0.03359375 0.028125
0 0.9453125 0.790625 0.0328125 0.0265625
1 0.45234375 0.278125 0.03515625 0.02578125
1 0.45703125 0.66875 0.034375 0.02734375
1 0.8125 0.5328125 0.03671875 0.0296875
0 0.7765625 0.56171875 0.0421875 0.03125
1 0.940625 0.4671875 0.03828125 0.02890625
1 0.33515625 0.3984375 0.034375 0.02734375
0 0.8015625 0.5890625 0.06015625 0.028125
0 0.3421875 0.83828125 0.0375 0.0296875
0 0.4578125 0.89140625 0.03671875 0.03046875
0 0.18203125 0.5515625 0.03671875 0.02578125
0 0.81171875 0.67578125 0.04140625 0.028125
0 0.93984375 0.1828125 0.0375 0.028125
1 0.778125 0.59140625 0.040625 0.0296875
0 0.7953125 0.6765625 0.06875 0.028125
0 0.8953125 0.8203125 0.03828125 0.02890625
1 0.3328125 0.54921875 0.03984375 0.028125
1 0.4546875 0.30234375 0.03515625 0.028125
1 0.10078125 0.61484375 0.0328125 0.02890625
1 0.9453125 0.84765625 0.0359375 0.03125
1 0.69296875 0.8484375 0.03984375 0.02890625
0 0.69765625 0.70703125 0.03671875 0.02890625
0 0.0625 0.52265625 0.03984375 0.0296875
1 0.6921875 0.41484375 0.03671875 0.02890625
1 0.29609375 0.54921875 0.03515625 0.02734375
1 0.22265625 0.959375 0.034375 0.02890625
1 0.65625 0.21484375 0.0390625 0.0296875
0 0.946875 0.81953125 0.0328125 0.0296875
1 0.896875 0.8468750000000002 0.0390625 0.02890625
1 0.33515625 0.428125 0.03515625 0.0296875
0 0.18671874999999996 0.9875000000000002 0.03671875 0.025
0 0.77734375 0.67578125 0.03828125 0.028125
0 0.54140625 0.84765625 0.03515625 0.02734375
1 0.7796875 0.8468750000000002 0.0421875 0.02890625
1 0.57265625 0.85 0.0375 0.028125
1 0.65390625 0.153125 0.04296875 0.028125
1 0.0984375 0.9890625 0.03203125 0.02109375
1 0.659375 0.8484375 0.0375 0.02734375
1 0.33671875 0.1984375 0.0375 0.02421875
1 0.79296875 0.534375 0.06484375 0.028125
