1 0.403125 0.059375 0.38125 0.11875
0 0.77109375 0.7125 0.3578125 0.14140625
1 0.7734375 0.5742187499999999 0.36328125 0.1390625
1 0.3984375 0.71328125 0.38671875 0.1390625
1 0.3921875 0.8515625 0.415625 0.15078125
1 0.39453125 0.4515625 0.38984375 0.15078125
0 0.765625 0.315625 0.36328125 0.14375
1 0.76171875 0.178125 0.35 0.14375
1 0.40234375 0.31328125 0.3734375 0.13046875
1 0.77109375 0.84609375 0.34765625 0.1390625
1 0.7671875 0.4421875 0.34453125 0.1328125
0 0.4015625 0.18125 0.37109375 0.14140625
1 0.74453125 0.05546875 0.3 0.1109375
1 0.39375 0.58125 0.3921875 0.13515625
