1 0.39375 0.05859375 0.38125 0.1171875
0 0.76484375 0.70546875 0.365625 0.1546875
1 0.38984375 0.85078125 0.40546875 0.1484375
1 0.7671875 0.5640625 0.3765625 0.17734375
1 0.39765625 0.7101562500000002 0.384375 0.14140625
1 0.3921875 0.31171875 0.37890625 0.14140625
0 0.76171875 0.31640625 0.37109375 0.2078125
1 0.38671875 0.44921875 0.39453125 0.14609375
1 0.75546875 0.17265625 0.36328125 0.190625
1 0.76953125 0.83984375 0.35 0.1390625
0 0.39375 0.17734375 0.37109375 0.14140625
1 0.38828125 0.5765625 0.390625 0.10859375
