1 0.3515625 0.065625 0.3765625 0.12578125
1 0.35 0.7156249999999998 0.37890625 0.1390625
1 0.7234375 0.575 0.384375 0.14140625
1 0.33984375 0.45390625 0.384375 0.15078125
1 0.71171875 0.3171875 0.365625 0.1390625
1 0.71328125 0.84609375 0.33671875 0.1390625
1 0.709375 0.44609375 0.35546875 0.13515625
1 0.34375 0.853125 0.3921875 0.1484375
1 0.35625 0.31640625 0.35 0.1375
1 0.70625 0.17734375 0.35 0.14609375
1 0.68046875 0.05625 0.28671875 0.1125
1 0.71953125 0.71484375 0.3703125 0.14609375
0 0.34453125 0.190625 0.36875 0.14609375
1 0.34375 0.5859375 0.38671875 0.1359375
