1 0.35625 0.06328125 0.38125 0.121875
1 0.34453125 0.4546875 0.38984375 0.1484375
1 0.72890625 0.57421875 0.36875 0.1484375
1 0.72734375 0.3171875 0.3765625 0.1390625
1 0.34375 0.7156249999999998 0.40234375 0.1390625
1 0.72109375 0.84921875 0.3421875 0.14609375
1 0.36015625 0.315625 0.36875 0.13515625
0 0.7171875 0.7125 0.34453125 0.14140625
1 0.34375 0.85078125 0.4078125 0.1484375
1 0.68984375 0.05546875 0.284375 0.1109375
1 0.71171875 0.18125 0.34453125 0.14140625
0 0.3515625 0.18828125 0.3765625 0.14609375
1 0.7359375 0.4546875000000001 0.36484375 0.12578125
1 0.3578125 0.58359375 0.4140625 0.109375
