0 0.33828125 0.1890625 0.3703125 0.1421875
1 0.71953125 0.58125 0.3671875 0.1421875
1 0.33828125 0.71171875 0.3890625 0.13671875
1 0.33671875 0.85234375 0.3984375 0.14765625
1 0.7109375 0.3140625 0.3546875 0.13359375
1 0.35234375 0.06015625 0.3765625 0.1203125
1 0.35234375 0.58984375 0.37265625 0.1296875
1 0.70703125 0.184375 0.346875 0.1390625
1 0.7078125 0.44453125 0.35 0.1359375
1 0.7078125 0.84765625 0.33125 0.13515625
1 0.33203125 0.45390625000000007 0.39140625 0.14765625
1 0.34609375 0.31015625 0.36484375 0.13203125
1 0.684375 0.05234375 0.3015625 0.1046875
0 0.7109375 0.71328125 0.3390625 0.14375
