1 0.403125 0.059375 0.38125 0.11875
0 0.76484375 0.315625 0.35 0.14375
1 0.77109375 0.5742187499999999 0.3578125 0.1390625
0 0.77109375 0.71328125 0.35234375 0.1390625
1 0.40234375 0.7125 0.37890625 0.1375
1 0.38984375 0.45 0.4 0.1484375
1 0.4 0.31328125 0.37890625 0.13046875
1 0.76875 0.4421875 0.35234375 0.1375
1 0.7765625 0.84296875 0.34765625 0.14140625
1 0.39375 0.853125 0.40234375 0.1484375
1 0.759375 0.178125 0.34453125 0.14375
0 0.4015625 0.18046875 0.3765625 0.1390625
1 0.740625 0.05546875 0.30234375 0.1109375
1 0.40546875 0.58515625 0.35625 0.1203125
