1 0.37109375 0.06328125 0.3734375 0.121875
1 0.74765625 0.5765625 0.36875 0.1484375
1 0.76328125 0.3171875 0.415625 0.1390625
1 0.37109375 0.71328125 0.37890625 0.1390625
1 0.73671875 0.8453125 0.34765625 0.14609375
1 0.3765625 0.3140625 0.36328125 0.1375
1 0.36484375 0.45 0.38671875 0.1484375
1 0.7265625 0.17734375 0.3421875 0.14609375
1 0.36171875 0.853125 0.41328125 0.15234375
1 0.73515625 0.44609375 0.35 0.13515625
0 0.7421875 0.7109375 0.35234375 0.1390625
1 0.7078125 0.05000000000000001 0.284375 0.09921875
0 0.37265625 0.1859375 0.365625 0.14609375
1 0.36875 0.58125 0.37421875 0.13125
