1 0.4015625 0.05859375 0.3765625 0.1171875
0 0.77265625 0.7109375 0.365625 0.1390625
0 0.76484375 0.31953125 0.365625 0.175
1 0.77265625 0.5671875 0.37109375 0.15703125
1 0.39609375 0.7101562500000002 0.38671875 0.14140625
1 0.3921875 0.853125 0.40546875 0.15234375
1 0.38671875 0.44765625 0.39453125 0.1484375
1 0.39609375 0.31171875 0.3765625 0.1375
1 0.759375 0.175 0.35546875 0.159375
1 0.76875 0.84375 0.34765625 0.1390625
0 0.39609375 0.18125 0.37109375 0.1375
1 0.7421875000000001 0.053125 0.29453125 0.10625
1 0.38671875 0.5828125 0.3984375 0.125
