1 0.34609375 0.06328125 0.3765625 0.121875
1 0.76484375 0.71328125 0.465625 0.14375
1 0.3421875 0.71484375 0.384375 0.14140625
1 0.71953125 0.575 0.3765625 0.14140625
1 0.3515625 0.5796875 0.365625 0.1375
1 0.709375 0.315625 0.36015625 0.1390625
1 0.70546875 0.44609375 0.35234375 0.13515625
1 0.7015625 0.84765625 0.3234375 0.1375
1 0.34375 0.8484375 0.3921875 0.1484375
1 0.33515625 0.44921875 0.3921875 0.14609375
1 0.3515625 0.3171875 0.35546875 0.13515625
1 0.6984375 0.18125 0.34453125 0.14140625
1 0.6828125 0.05625 0.31328125 0.1125
0 0.340625 0.18828125 0.365625 0.14609375
