1 0.39375 0.06171875 0.378125 0.1234375
0 0.76015625 0.7125 0.3578125 0.14140625
1 0.76328125 0.5742187499999999 0.36875 0.1390625
1 0.4015625 0.575 0.35546875 0.14140625
1 0.3765625 0.8515625 0.4265625 0.1546875
1 0.39453125 0.71328125 0.384375 0.1390625
1 0.7578125 0.84609375 0.34765625 0.1390625
1 0.3921875 0.31328125 0.36875 0.1390625
1 0.7484375 0.4421875 0.334375 0.1375
1 0.74609375 0.1734375 0.34453125 0.15703125
1 0.37890625 0.44921875 0.4 0.14609375
1 0.7304687500000001 0.05000000000000001 0.28671875 0.09921875
0 0.75390625 0.31640625 0.35 0.14609375
0 0.3921875 0.184375 0.36875 0.1484375
