1 0.34765625 0.065625 0.37890625 0.13046875
1 0.7484375 0.7156249999999998 0.41875 0.1390625
1 0.334375 0.45546875 0.39453125 0.15078125
1 0.3484375 0.71484375 0.38125 0.1375
1 0.7265625 0.5796875 0.384375 0.14140625
1 0.71328125 0.3140625 0.36328125 0.1375
1 0.34609375 0.31875 0.3765625 0.1375
1 0.71015625 0.4468750000000001 0.35234375 0.1375
1 0.34453125 0.85390625 0.39453125 0.14609375
1 0.71484375 0.853125 0.34453125 0.1390625
1 0.7015625 0.178125 0.34453125 0.1484375
1 0.6828125 0.05625 0.29765625 0.1125
0 0.34375 0.190625 0.365625 0.14609375
1 0.3453125 0.59609375 0.37890625 0.13359375
