1 0.38125 0.06328125 0.384375 0.121875
1 0.75625 0.57734375 0.365625 0.14609375
1 0.38828125 0.7171875 0.38125 0.14609375
1 0.3765625 0.4546875 0.4 0.15234375
0 0.75390625 0.7156249999999998 0.36015625 0.1390625
1 0.73671875 0.44453125 0.33671875 0.1328125
1 0.7484375 0.84765625 0.34453125 0.1375
1 0.36875 0.85390625 0.415625 0.15078125
1 0.73671875 0.18125 0.34765625 0.14609375
1 0.39453125 0.3140625 0.3578125 0.1375
1 0.715625 0.053125 0.284375 0.10625
1 0.76953125 0.32109375 0.41328125 0.15078125
0 0.3828125 0.1859375 0.365625 0.14609375
1 0.37890625 0.58515625 0.409375 0.1203125
