1 0.334375 0.065625 0.384375 0.12578125
1 0.74453125 0.71484375 0.43125 0.1375
1 0.33671875 0.7171875 0.37890625 0.1375
1 0.71015625 0.57734375 0.36875 0.1375
1 0.33515625 0.4546875 0.38125 0.1484375
1 0.70390625 0.315625 0.36015625 0.1390625
1 0.7 0.44375 0.35234375 0.1390625
1 0.3421875 0.315625 0.36875 0.1390625
1 0.33515625 0.8515625 0.38671875 0.15078125
1 0.7 0.8484374999999998 0.33671875 0.13515625
1 0.6921875 0.18125 0.3421875 0.14140625
1 0.68125 0.05625 0.315625 0.1125
1 0.34609375 0.58046875 0.35546875 0.12578125
0 0.33671875 0.190625 0.36328125 0.14609375
