1 0.4015625 0.05859375 0.38125 0.1171875
0 0.77109375 0.7109375 0.36328125 0.1390625
0 0.7671875 0.315625 0.36015625 0.14375
1 0.77265625 0.57421875 0.365625 0.14375
1 0.3984375 0.71328125 0.38125 0.1390625
1 0.39453125 0.853125 0.40546875 0.15234375
1 0.38671875 0.44765625 0.39453125 0.1484375
1 0.4015625 0.3109375 0.3765625 0.13515625
1 0.77265625 0.84296875 0.35 0.14140625
1 0.76328125 0.178125 0.35234375 0.14375
0 0.4015625 0.18046875 0.37109375 0.1390625
1 0.76171875 0.4421875 0.35 0.1375
1 0.7484375 0.05625 0.31875 0.1125
1 0.39140625 0.57265625 0.3921875 0.13125
