1 0.36875 0.06328125 0.3734375 0.121875
1 0.740625 0.5765625 0.365625 0.14375
1 0.76953125 0.3140625 0.434375 0.1375
1 0.37265625 0.7156249999999998 0.38125 0.1390625
1 0.73828125 0.84765625 0.35 0.14140625
1 0.36015625 0.45 0.38984375 0.1484375
1 0.7234375 0.17734375 0.34765625 0.14609375
1 0.73046875 0.44609375 0.35 0.13515625
1 0.37890625 0.315625 0.35234375 0.1390625
1 0.359375 0.8515625 0.41328125 0.15078125
0 0.37109375 0.1890625 0.36328125 0.1484375
0 0.73671875 0.7125 0.35234375 0.1375
1 0.70234375 0.05078125 0.284375 0.1015625
1 0.36640625 0.590625 0.4046875 0.12734375
