1 0.21562500000000004 0.16640625000000003 0.04140625 0.034375
0 0.17734375 0.459375 0.0390625 0.03125
0 0.8921875 0.56015625 0.03828125 0.0296875
1 0.93671875 0.21171875 0.03984375 0.03046875
1 0.1015625 0.87890625 0.0359375 0.03046875
1 0.21796875 0.228125 0.03984375 0.0296875
1 0.21875 0.759375 0.0359375 0.0296875
1 0.21875 0.43125 0.03828125 0.03046875
0 0.21796875 0.196875 0.0421875 0.03203125
0 0.21640625 0.13515625 0.040625 0.0296875
0 0.809375 0.26953125 0.03671875 0.0296875
1 0.0953125 0.28984375 0.03828125 0.03203125
1 0.178125 0.4328125 0.040625 0.03046875
1 0.8109375 0.5609375 0.0375 0.03125
1 0.76953125 0.18125 0.04140625 0.03203125
0 0.571875 0.1828125 0.0359375 0.0359375
0 0.8898437500000002 0.32578125 0.040625 0.03046875
1 0.0984375 0.43515625 0.03515625 0.0296875
1 0.3390625 0.8703125 0.0359375 0.0296875
0 0.77109375 0.56015625 0.040625 0.03125
0 0.775 0.81953125 0.03828125 0.02734375
1 0.41484375 0.51171875 0.04140625 0.03359375
0 0.18046875 0.52265625 0.03828125 0.0328125
0 0.1015625 0.8203125 0.0359375 0.028125
0 0.09765625 0.49453125 0.0390625 0.0328125
0 0.89296875 0.7312499999999998 0.03671875 0.0296875
0 0.059375 0.4359374999999999 0.0390625 0.03046875
1 0.1796875 0.3765625 0.03984375 0.03046875
1 0.8890625 0.29375 0.0390625 0.03046875
1 0.9375 0.29375 0.04140625 0.03125
0 0.4171875 0.4468750000000001 0.03984375 0.03203125
1 0.18046875 0.64609375 0.0390625 0.0296875
1 0.1796875 0.49140625 0.03828125 0.034375
1 0.42421875 0.89609375 0.0375 0.03203125
1 0.17578125 0.22890625 0.0421875 0.0296875
1 0.56875 0.2421875 0.0375 0.0296875
1 0.45390625 0.4796875 0.034375 0.03359375
0 0.4546875000000001 0.75078125 0.0359375 0.02890625
0 0.6578125 0.734375 0.0390625 0.02890625
1 0.8921875 0.58984375 0.03671875 0.03046875
1 0.3 0.8992187499999998 0.0375 0.0296875
0 0.76875 0.21328125 0.03984375 0.0296875
1 0.06171875000000001 0.93828125 0.03671875 0.028125
0 0.77265625 0.76328125 0.03984375 0.02890625
1 0.215625 0.25859375 0.03984375 0.0328125
0 0.89140625 0.61875 0.03671875 0.03046875
0 0.8132812499999998 0.7625 0.0375 0.03046875
1 0.809375 0.2953125 0.0359375 0.0296875
1 0.18203125 0.8765625 0.03828125 0.03046875
1 0.8109375 0.7328125 0.0375 0.03125
1 0.1796875 0.34453125 0.0390625 0.03046875
0 0.18125 0.7609375 0.0390625 0.0296875
1 0.0890625 0.20078125 0.04296875 0.0328125
0 0.178125 0.4015625 0.0390625 0.0296875
0 0.1828125 0.84453125 0.0390625 0.03046875
0 0.29453125 0.28515624999999994 0.0375 0.03046875
1 0.09921875 0.7890625 0.034375 0.03125
0 0.93984375 0.4125 0.0359375 0.03125
1 0.45390625 0.44765625 0.0359375 0.03125
0 0.88984375 0.38203125 0.0390625 0.03046875
1 0.18203125 0.67265625 0.03828125 0.03046875
1 0.88984375 0.21015624999999996 0.03984375 0.02890625
0 0.9421874999999998 0.3828125 0.0375 0.02890625
1 0.65390625 0.29921875 0.0421875 0.03125
1 0.33359375 0.51796875 0.03828125 0.0328125
1 0.4546875 0.725 0.03671875 0.03046875
0 0.059375 0.4078125 0.03984375 0.03125
1 0.88984375 0.4124999999999999 0.0375 0.03046875
1 0.534375 0.246875 0.0375 0.03046875
0 0.30078125 0.87109375 0.0390625 0.02890625
1 0.571875 0.5953125 0.03515625 0.02890625
0 0.45703125 0.86484375 0.0375 0.0296875
1 0.45390625 0.61328125 0.0328125 0.0265625
1 0.296875 0.3125 0.03671875 0.02734375
0 0.3 0.7015625 0.040625 0.02890625
1 0.29921875 0.815625 0.03984375 0.03046875
0 0.0609375 0.4953125 0.0390625 0.0328125
1 0.18046875000000004 0.73046875 0.0375 0.03046875
1 0.41640625 0.359375 0.0390625 0.0296875
0 0.1796875 0.70234375 0.03828125 0.03046875
0 0.296875 0.21015625 0.0375 0.03203125
1 0.6578125 0.7078124999999998 0.040625 0.0296875
1 0.79375 0.6171874999999999 0.0703125 0.03359375
1 0.3375 0.6703125 0.03515625 0.0296875
0 0.0625 0.8203125 0.0390625 0.0296875
0 0.4234375 0.92734375 0.03671875 0.02890625
1 0.29921875 0.67109375 0.040625 0.0296875
0 0.9445312500000002 0.646875 0.03671875 0.0296875
1 0.77265625 0.73125 0.03984375 0.03125
1 0.89296875 0.5328125 0.0390625 0.03046875
1 0.7734375 0.7882812500000002 0.03984375 0.0328125
1 0.09296875 0.2296875 0.0390625 0.03125
0 0.29921875 0.78359375 0.0390625 0.02890625
0 0.89296875 0.7625 0.0375 0.03046875
1 0.41953125 0.4796875 0.0390625 0.034375
1 0.80859375 0.23828125 0.0359375 0.03046875
1 0.77109375 0.26953124999999994 0.040625 0.03046875
0 0.33984375 0.896875 0.0390625 0.03046875
1 0.21640625 0.52109375 0.03359375 0.03125
1 0.09453125 0.46171875 0.0359375 0.03125
1 0.41875 0.21875 0.03828125 0.0296875
1 0.096875 0.37890625 0.03515625 0.02890625
1 0.8937500000000002 0.7046875 0.03671875 0.03046875
0 0.33984375 0.78125 0.03828125 0.0296875
1 0.809375 0.18203125 0.03671875 0.02890625
1 0.3375 0.95390625 0.03515625 0.02890625
0 0.09765625 0.31875 0.040625 0.03046875
0 0.5734375 0.621875 0.0375 0.03046875
0 0.21875 0.7875 0.03671875 0.0296875
0 0.81328125 0.790625 0.03828125 0.03046875
0 0.8132812499999998 0.8195312500000002 0.0375 0.02890625
1 0.53671875 0.3015625 0.0359375 0.02890625
1 0.5359375 0.1734375 0.0390625 0.03828125
1 0.08984375 0.16796875 0.04296875 0.0328125
0 0.0984375 0.40390625 0.03671875 0.02890625
1 0.534375 0.12109375 0.03828125 0.03984375
1 0.68671875 0.27109375 0.034375 0.02890625
1 0.81015625 0.4421875 0.03984375 0.03125
0 0.06328125 0.87890625 0.0390625 0.03046875
1 0.77109375 0.534375 0.0390625 0.028125
1 0.57109375 0.13046875 0.034375 0.03671875
0 0.421875 0.8375 0.0375 0.03046875
0 0.94375 0.6171875 0.03671875 0.03125
1 0.53515625 0.21328125 0.0390625 0.0328125
0 0.534375 0.275 0.03671875 0.02890625
1 0.45546875 0.809375 0.0359375 0.03203125
1 0.80546875 0.2125 0.0359375 0.02890625
0 0.77265625 0.70546875 0.03984375 0.02890625
1 0.3328125 0.31171875 0.0359375 0.028125
0 0.18046875 0.8171874999999998 0.03671875 0.0296875
1 0.453125 0.41953125 0.0359375 0.0296875
0 0.77109375 0.4390625 0.0375 0.02890625
0 0.2171875 0.490625 0.03671875 0.03359375
1 0.453125 0.359375 0.0359375 0.02890625
1 0.89140625 0.35234375 0.04296875 0.03046875
0 0.18046875 0.31796875 0.03828125 0.02890625
1 0.1734375 0.19765625 0.0453125 0.03125
1 0.17890625 0.2875 0.0390625 0.02890625
0 0.103125 0.846875 0.0375 0.0296875
1 0.29453125 0.10859375 0.0390625 0.034375
0 0.94296875 0.5578125 0.03828125 0.0296875
1 0.2171875 0.34375 0.03671875 0.0296875
0 0.0640625 0.84921875 0.03984375 0.03046875
1 0.5390625 0.7921875 0.0390625 0.03046875
1 0.41796875 0.4203125 0.03984375 0.0296875
1 0.69453125 0.7328125 0.0375 0.028125
0 0.6546875 0.76328125 0.03671875 0.03046875
1 0.93828125 0.325 0.03984375 0.02890625
1 0.690625 0.240625 0.03515625 0.02890625
1 0.42265625 0.81015625 0.0375 0.03203125
1 0.3015625 0.7570312500000002 0.0375 0.02890625
1 0.05703125 0.378125 0.03671875 0.03046875
0 0.57109375 0.2171875 0.0359375 0.0296875
1 0.45625 0.8375 0.0375 0.0296875
1 0.5390625 0.82265625 0.03828125 0.02890625
0 0.5375 0.73515625 0.0375 0.03046875
0 0.5390624999999999 0.678125 0.0375 0.03046875
1 0.33203125 0.28359375 0.0359375 0.03046875
1 0.690625 0.18046875000000004 0.04140625 0.03359375
1 0.7703124999999998 0.296875 0.04140625 0.0296875
0 0.296875 0.51796875 0.0390625 0.0328125
0 0.41796875 0.18984375 0.03984375 0.02734375
1 0.1703125 0.16875 0.04375 0.03359375
1 0.575 0.7921875000000002 0.0375 0.02890625
0 0.890625 0.43984375 0.03828125 0.0296875
0 0.94453125 0.58671875 0.0375 0.0296875
1 0.890625 0.14921875 0.03984375 0.02734375
1 0.6578125 0.821875 0.0390625 0.03046875
1 0.69140625 0.76328125 0.03828125 0.0296875
1 0.69375 0.67734375 0.03515625 0.0296875
1 0.41953125 0.33203125 0.03671875 0.02734375
1 0.65390625 0.3546875 0.040625 0.03046875
1 0.890625 0.23671875 0.0390625 0.0296875
1 0.6882812499999998 0.5375 0.0375 0.0265625
0 0.45625 0.77890625 0.03671875 0.0296875
1 0.93828125 0.3515625 0.03828125 0.03125
1 0.93828125 0.26640625 0.03984375 0.0296875
0 0.42109375 0.7546875 0.0375 0.02890625
1 0.5359375 0.621875 0.040625 0.0296875
1 0.571875 0.678125 0.0359375 0.0296875
0 0.80859375 0.35390625 0.03671875 0.028125
1 0.809375 0.32578125 0.03671875 0.03046875
0 0.21953125 0.37578125 0.0390625 0.03125
1 0.7703125 0.240625 0.040625 0.0296875
0 0.21953125000000004 0.6453125 0.0375 0.02890625
1 0.21953125 0.9015625 0.0359375 0.03046875
1 0.8890625 0.46640625 0.03828125 0.0328125
1 0.33671875 0.7273437499999998 0.03515625 0.0296875
1 0.77109375 0.46484375 0.0375 0.03046875
1 0.8890625 0.2671875 0.0375 0.02890625
1 0.3 0.8421875 0.0390625 0.03125
0 0.10078125 0.9367187500000002 0.03828125 0.02890625
0 0.3390625 0.75625 0.0375 0.02890625
1 0.6515625 0.18203125 0.040625 0.03203125
1 0.69140625 0.3546875 0.03515625 0.03046875
1 0.4140625 0.1625 0.03984375 0.028125
1 0.2953125 0.61484375 0.03828125 0.02734375
0 0.18046875 0.78671875 0.03828125 0.03046875
0 0.69453125 0.8203125 0.03828125 0.0296875
1 0.29375 0.2578125 0.0375 0.0296875
0 0.30078124999999994 0.9546875 0.03828125 0.02734375
1 0.33359375 0.3414062500000001 0.03671875 0.028125
0 0.89296875 0.64765625 0.03671875 0.02890625
1 0.18046875000000004 0.93359375 0.0375 0.028125
1 0.21875 0.703125 0.0359375 0.03046875
1 0.7687500000000002 0.15546875 0.03671875 0.02890625
0 0.65546875 0.7898437499999998 0.03828125 0.0296875
1 0.65390625 0.271875 0.03984375 0.028125
1 0.2171875 0.4578125 0.03671875 0.03046875
0 0.221875 0.8757812499999998 0.03828125 0.0296875
1 0.29687500000000006 0.34140625 0.0359375 0.0296875
1 0.5375 0.33046875 0.03671875 0.02890625
0 0.42265625 0.86796875 0.0375 0.03125
1 0.33203125 0.11953125 0.0375 0.03515625
1 0.57109375 0.33203125 0.0359375 0.02890625
0 0.21796875 0.40234375 0.0390625 0.02890625
1 0.68828125 0.32734375 0.03515625 0.02890625
1 0.9421875 0.7625 0.03671875 0.03046875
1 0.3328125 0.16875 0.0359375 0.03671875
1 0.69140625 0.78984375 0.0375 0.02890625
0 0.296875 0.64375 0.040625 0.03125
1 0.41796875 0.72578125 0.0375 0.03125
1 0.41484375 0.246875 0.03828125 0.02890625
1 0.41796875 0.5453125 0.0390625 0.034375
1 0.41875 0.61328125 0.03828125 0.0265625
1 0.3 0.92890625 0.03671875 0.028125
1 0.33203125 0.25546875 0.03828125 0.0296875
1 0.178125 0.26015625 0.040625 0.03046875
1 0.4515624999999999 0.24765625 0.034375 0.03125
1 0.45 0.190625 0.03203125 0.02734375
1 0.2953125 0.43046875 0.0375 0.028125
1 0.56953125 0.27343749999999994 0.0375 0.03046875
1 0.5375 0.44609375 0.03828125 0.0296875
1 0.6875 0.2984375 0.034375 0.02890625
1 0.6875 0.21484375 0.03515625 0.028125
0 0.9421875 0.6734375 0.034375 0.03125
0 0.80859375 0.6750000000000002 0.03984375 0.02890625
1 0.6609375 0.6203125 0.0421875 0.03046875
1 0.2203125 0.84453125 0.0375 0.03125
1 0.5703125 0.3015625 0.03828125 0.0296875
0 0.5359375 0.709375 0.034375 0.028125
1 0.53828125 0.6515625 0.03828125 0.0296875
1 0.53671875 0.47578125 0.0375 0.0296875
1 0.453125 0.546875 0.03515625 0.034375
1 0.5375 0.540625 0.0375 0.028125
1 0.4546875 0.390625 0.03671875 0.028125
0 0.09375000000000001 0.26328125 0.03828125 0.03046875
1 0.4507812500000001 0.21875 0.03203125 0.02890625
1 0.45234375 0.3328125 0.034375 0.02734375
1 0.45390625 0.51640625 0.03671875 0.03359375
1 0.1 0.909375 0.0375 0.0296875
0 0.2203125 0.7296875 0.0390625 0.0296875
1 0.69375 0.5625 0.03671875 0.03125
0 0.18515625 0.96015625 0.040625 0.028125
1 0.5742187499999999 0.7664062499999998 0.0375 0.0296875
1 0.4203124999999999 0.6984375000000002 0.03828125 0.02890625
1 0.45234375 0.16484375 0.0328125 0.028125
1 0.8109375 0.53359375 0.0375 0.02890625
1 0.29609375 0.40078125 0.0375 0.028125
0 0.5390625 0.76484375 0.0390625 0.0296875
1 0.5359375 0.35703125 0.0359375 0.02890625
0 0.0625 0.90625 0.03671875 0.02890625
1 0.33671875 0.64375 0.0359375 0.02890625
1 0.2953125 0.48984375 0.0390625 0.0296875
0 0.94375 0.78984375 0.03515625 0.02890625
0 0.94375 0.53359375 0.0375 0.02890625
1 0.30078124999999994 0.72734375 0.03828125 0.03046875
1 0.94296875 0.43984375 0.03671875 0.028125
1 0.1015625 0.96796875 0.0390625 0.03046875
1 0.53671875 0.5953125 0.0390625 0.03046875
0 0.2203125 0.67265625 0.03828125 0.03046875
0 0.340625 0.83984375 0.0375 0.03046875
0 0.81015625 0.70625 0.0390625 0.03125
1 0.6578125 0.5624999999999999 0.0375 0.0296875
1 0.334375 0.48984375 0.03671875 0.03125
1 0.45390625 0.66796875 0.0359375 0.0296875
1 0.88984375 0.1765625 0.03984375 0.03125
0 0.33984375 0.8140625 0.03828125 0.03125
1 0.940625 0.465625 0.03984375 0.03046875
0 0.8109375 0.5898437500000001 0.0375 0.02890625
0 0.2953125 0.1640625 0.0375 0.0265625
1 0.41875 0.390625 0.0390625 0.02890625
1 0.65703125 0.6765625 0.03984375 0.03046875
1 0.6867187500000002 0.1546875 0.03671875 0.0265625
0 0.45703125 0.89296875 0.03671875 0.0296875
1 0.33359375 0.45625 0.0375 0.03046875
1 0.29453125 0.45625 0.03984375 0.03046875
1 0.18125 0.90234375 0.0375 0.0296875
1 0.57421875 0.82265625 0.0359375 0.028125
1 0.659375 0.5937499999999999 0.0390625 0.0296875
0 0.42265625 0.7796875 0.0390625 0.02890625
1 0.56953125 0.709375 0.03984375 0.0296875
0 0.06015625000000001 0.4640625 0.0375 0.0296875
1 0.56875 0.36015625 0.03515625 0.02734375
1 0.21953125 0.9328125 0.0359375 0.028125
1 0.33203125 0.4000000000000001 0.034375 0.028125
1 0.77421875 0.5890625 0.03828125 0.0296875
1 0.16875 0.1375 0.0421875 0.03203125
1 0.421875 0.953125 0.0359375 0.03046875
1 0.4546875 0.6984375000000002 0.03515625 0.02890625
1 0.5375 0.565625 0.03828125 0.0296875
0 0.80859375 0.41171875 0.03984375 0.0296875
1 0.65390625 0.38671875 0.04375 0.03046875
1 0.57109375 0.565625 0.0328125 0.0296875
1 0.42109375 0.984375 0.0359375 0.03125
1 0.334375 0.615625 0.034375 0.02734375
0 0.8921875 0.6750000000000002 0.0359375 0.02890625
1 0.4203125 0.66875 0.0375 0.02890625
1 0.45390625 0.63828125 0.0359375 0.02890625
1 0.80546875 0.15625 0.0359375 0.028125
1 0.57109375 0.44453125 0.03515625 0.0296875
0 0.8921875 0.78984375 0.03828125 0.02890625
1 0.3328125 0.21875 0.0359375 0.0359375
1 0.0640625 0.96796875 0.0375 0.0296875
1 0.69375 0.64921875 0.03515625 0.0296875
1 0.65390625 0.24140624999999996 0.03671875 0.02890625
0 0.09375 0.1390625 0.0375 0.028125
1 0.4140625 0.2765625 0.03671875 0.028125
1 0.05937499999999999 0.61875 0.0375 0.02890625
1 0.65546875 0.415625 0.040625 0.02890625
0 0.9453125 0.81953125 0.03359375 0.0296875
1 0.65625 0.53828125 0.03828125 0.025
1 0.6945312500000002 0.6203125 0.0328125 0.028125
1 0.56875 0.47578125 0.03515625 0.02890625
1 0.8109375 0.4671875 0.0390625 0.0296875
1 0.57265625 0.653125 0.0359375 0.02890625
0 0.65390625 0.32890625 0.04140625 0.02890625
1 0.22109375 0.96328125 0.034375 0.02578125
1 0.64921875 0.15390625 0.04453125 0.03046875
1 0.68984375 0.38515625 0.0359375 0.02734375
1 0.7726562500000002 0.41328125 0.03671875 0.02890625
1 0.5703125000000001 0.53984375 0.0328125 0.028125
1 0.9390625 0.23828125 0.0390625 0.02734375
1 0.65390625 0.21484375 0.0390625 0.02890625
1 0.21953125000000004 0.81796875 0.0375 0.03046875
1 0.4203124999999999 0.64140625 0.03828125 0.03125
1 0.41640625 0.30234375 0.0375 0.028125
1 0.33359375 0.5507812500000001 0.03828125 0.02890625
1 0.53984375 0.4203125 0.03671875 0.028125
1 0.7703125 0.35390625 0.0390625 0.0296875
0 0.94375 0.70390625 0.034375 0.03046875
1 0.77109375 0.32734375 0.04140625 0.02890625
0 0.3390625 0.92734375 0.03828125 0.0296875
0 0.0984375 0.34765625 0.0390625 0.03203125
0 0.9390625 0.1828125 0.03671875 0.02734375
0 0.5390624999999999 0.8484375 0.0375 0.02734375
1 0.09765625 0.52421875 0.03671875 0.03046875
1 0.65546875 0.44375 0.04296875 0.03125
1 0.4515625 0.303125 0.03359375 0.02734375
1 0.2171875 0.28671875 0.03984375 0.02734375
1 0.57109375 0.7359375 0.03984375 0.0296875
1 0.21484375 0.55234375 0.034375 0.028125
0 0.796875 0.65 0.06484375 0.03125
1 0.0984375 0.615625 0.03359375 0.028125
1 0.57109375 0.41484375 0.0328125 0.02890625
0 0.06484375 0.98984375 0.0375 0.01953125
1 0.33671875 0.9851562499999998 0.0328125 0.0296875
1 0.7765625 0.84609375 0.0390625 0.028125
1 0.21796874999999996 0.3171875 0.03671875 0.02890625
0 0.94453125 0.73125 0.034375 0.03125
1 0.29921875 0.98515625 0.0390625 0.02890625
0 0.69140625 0.59375 0.03515625 0.028125
1 0.65625 0.4749999999999999 0.04453125 0.03046875
0 0.18125 0.61640625 0.03828125 0.02734375
0 0.8937500000000002 0.81875 0.03671875 0.028125
1 0.2171875 0.61640625 0.03359375 0.0265625
1 0.89609375 0.8453125 0.03828125 0.0296875
1 0.94296875 0.84765625 0.03671875 0.03203125
1 0.690625 0.415625 0.0359375 0.02890625
1 0.21953125 0.98671875 0.034375 0.02578125
1 0.29296875 0.55 0.03515625 0.02890625
1 0.6890625 0.8484375 0.04140625 0.02734375
1 0.57265625 0.8507812500000002 0.0359375 0.02890625
1 0.4515625 0.27890625 0.03515625 0.0265625
0 0.18046875 0.55234375 0.0359375 0.02734375
1 0.8125 0.846875 0.03515625 0.0296875
0 0.7734375 0.675 0.0375 0.028125
0 0.69609375 0.7078125 0.03515625 0.02890625
1 0.65703125 0.8484375 0.0359375 0.0265625
0 0.1828125 0.98671875 0.0390625 0.025
1 0.69140625 0.47421875 0.03671875 0.0296875
1 0.65703125 0.64921875 0.0390625 0.028125
1 0.69921875 0.4421875 0.040625 0.028125
1 0.0578125 0.52734375 0.040625 0.03046875
1 0.3328125 0.4296875 0.0359375 0.02890625
1 0.09843749999999998 0.990625 0.034375 0.01875
