1 0.76484375 0.71484375 0.465625 0.1375
1 0.33671875 0.065625 0.37890625 0.12578125
1 0.33828125 0.7156249999999998 0.38125 0.1390625
1 0.32734375 0.4546875 0.39765625 0.1484375
1 0.709375 0.5796875 0.365625 0.14140625
1 0.70546875 0.315625 0.36328125 0.1390625
1 0.3421875 0.3171875 0.3734375 0.1390625
1 0.70234375 0.44453124999999993 0.35234375 0.1375
1 0.33046875 0.853125 0.40234375 0.14375
1 0.34609375 0.58515625 0.36015625 0.13515625
1 0.7015625 0.84921875 0.334375 0.1375
1 0.69375 0.18125 0.34453125 0.14140625
1 0.67109375 0.05546875 0.28984375 0.1109375
0 0.33984375 0.190625 0.36328125 0.14609375
