0 0.3484375 0.19140625 0.375 0.1421875
1 0.7203125 0.31484375 0.35234375 0.13984375
1 0.34921875 0.715625 0.38359375 0.1375
1 0.72109375 0.58828125 0.3734375 0.1375
1 0.35625 0.06171875 0.38125 0.1234375
1 0.3578125 0.5953125 0.3765625 0.128125
1 0.3484375 0.85859375 0.3984375 0.1484375
1 0.71640625 0.44765625 0.34921875 0.134375
1 0.75 0.7179687500000002 0.42265625 0.134375
1 0.7171875 0.18515625 0.34765625 0.140625
1 0.34765625 0.45703125 0.38359375 0.1484375
1 0.71640625 0.8515625 0.33671875 0.134375
1 0.3625 0.3125 0.36640625 0.13515625
1 0.690625 0.053125 0.296875 0.10625
