1 0.215625 0.16640625000000003 0.0390625 0.034375
1 0.0921875 0.28984375 0.0390625 0.03203125
0 0.18046875 0.8453125 0.040625 0.03125
1 0.10078125 0.8796875 0.0375 0.03046875
1 0.8109375 0.5609375 0.0375 0.03125
1 0.9375 0.2109375 0.03984375 0.03046875
0 0.21796875 0.19921875 0.03828125 0.03125
1 0.3375 0.95546875 0.034375 0.02890625
1 0.096875 0.43515625 0.03515625 0.0296875
0 0.809375 0.26875 0.03671875 0.02890625
1 0.41484375 0.5125 0.04140625 0.03359375
1 0.0875 0.20078125 0.0421875 0.03359375
1 0.2171875 0.22890625 0.0375 0.03046875
0 0.06015625000000001 0.91015625 0.0375 0.03046875
0 0.8921875 0.56015625 0.03828125 0.0296875
0 0.09609375 0.4953125 0.03671875 0.0328125
1 0.17421875 0.22890625 0.0421875 0.03046875
0 0.41640625 0.44765625 0.0390625 0.03125
0 0.8898437500000002 0.32578125 0.040625 0.03046875
0 0.05859375 0.4953125 0.03984375 0.03359375
0 0.4546875000000001 0.75234375 0.0359375 0.02890625
0 0.17890624999999996 0.70390625 0.03671875 0.03046875
0 0.0578125 0.4632812499999999 0.0375 0.03046875
1 0.8890625 0.29296874999999994 0.03828125 0.03046875
0 0.57109375 0.1828125 0.0359375 0.0359375
0 0.17734374999999997 0.40390625 0.03984375 0.0296875
1 0.17734374999999997 0.4328125 0.03984375 0.03046875
1 0.178125 0.3765625 0.03984375 0.0296875
0 0.09609375 0.31953125 0.04140625 0.03046875
0 0.0609375 0.82109375 0.0390625 0.03046875
0 0.771875 0.7640625 0.03984375 0.02890625
1 0.7703124999999998 0.18125 0.04140625 0.03203125
1 0.4546875 0.61328125 0.034375 0.0265625
0 0.8937500000000002 0.73125 0.03671875 0.02890625
1 0.2171875 0.43203125 0.03671875 0.03125
0 0.0578125 0.4359374999999999 0.0390625 0.03046875
0 0.29453125 0.28515624999999994 0.0375 0.03046875
1 0.56796875 0.2421875 0.0375 0.0296875
0 0.18046875 0.7625 0.03828125 0.03125
0 0.775 0.8203125 0.0390625 0.028125
1 0.3 0.90078125 0.0390625 0.0296875
1 0.571875 0.59609375 0.03515625 0.0296875
1 0.30078125 0.75859375 0.03671875 0.02890625
0 0.17890624999999996 0.4609375 0.03984375 0.03125
1 0.8921875 0.5328125 0.0390625 0.03046875
1 0.18046875 0.73125 0.03671875 0.03046875
1 0.17890625 0.646875 0.03828125 0.03125
0 0.7703124999999998 0.21328125 0.04140625 0.02890625
0 0.059375 0.40546875 0.0390625 0.03125
0 0.18046875 0.52265625 0.0390625 0.03359375
1 0.9375 0.29375 0.04140625 0.03046875
1 0.09765625 0.790625 0.03359375 0.0296875
1 0.3390625 0.8718749999999998 0.03515625 0.0296875
0 0.215625 0.1359375 0.0390625 0.02890625
1 0.21796874999999996 0.76015625 0.03671875 0.03046875
1 0.33203125 0.2546875 0.03828125 0.03125
1 0.18046875000000004 0.67421875 0.0375 0.03125
0 0.8125 0.76328125 0.03828125 0.03046875
1 0.17890624999999996 0.34453125 0.03984375 0.03046875
1 0.41953125 0.4796875 0.03828125 0.034375
0 0.77109375 0.56171875 0.03984375 0.03125
1 0.4242187499999999 0.896875 0.03828125 0.03203125
0 0.2984375 0.87265625 0.040625 0.0296875
1 0.3328125 0.4 0.0375 0.0296875
0 0.93984375 0.4125 0.0359375 0.03125
0 0.3390625 0.7820312499999998 0.0390625 0.0296875
1 0.81171875 0.7328125 0.03828125 0.03125
0 0.421875 0.8390625 0.0375 0.0296875
1 0.8921875 0.58984375 0.03671875 0.03046875
0 0.2953125 0.21015625 0.0375 0.03203125
1 0.4546875 0.72578125 0.03671875 0.0296875
1 0.17890625 0.49140625 0.03828125 0.0328125
0 0.81171875 0.5898437499999999 0.0375 0.0296875
1 0.453125 0.48046875 0.034375 0.0328125
1 0.29453125 0.10859375 0.0375 0.03359375
0 0.340625 0.89921875 0.03828125 0.03046875
1 0.29609375 0.3125 0.03671875 0.02734375
1 0.809375 0.29453125 0.0359375 0.03046875
0 0.09296875 0.26328125 0.0375 0.02890625
1 0.215625 0.26015625 0.040625 0.03046875
1 0.7703125 0.534375 0.03984375 0.02890625
1 0.09921875 0.91015625 0.0375 0.03046875
0 0.89140625 0.61875 0.03671875 0.0296875
0 0.890625 0.38203125 0.0390625 0.03046875
0 0.096875 0.4046875 0.0359375 0.0296875
1 0.3328125 0.11874999999999998 0.0375 0.0359375
0 0.3 0.7023437500000002 0.03984375 0.02890625
0 0.9421875 0.3828125 0.03828125 0.02890625
1 0.809375 0.18125 0.0359375 0.0296875
1 0.33203125 0.284375 0.03671875 0.03046875
0 0.09453125 0.346875 0.03671875 0.03046875
1 0.7734375 0.7890625 0.03984375 0.0328125
1 0.06093749999999999 0.9406250000000002 0.03671875 0.02890625
1 0.6953125 0.7328125 0.03828125 0.028125
1 0.33359375 0.51875 0.0390625 0.0328125
1 0.0953125 0.46328125 0.03515625 0.03125
0 0.534375 0.2734375 0.03671875 0.0296875
1 0.790625 0.61796875 0.0703125 0.0328125
1 0.65703125 0.821875 0.0390625 0.0296875
0 0.3 0.95625 0.040625 0.02734375
1 0.08984375 0.16796875 0.04296875 0.0328125
1 0.88984375 0.4124999999999999 0.0375 0.03046875
1 0.6546875 0.471875 0.04375 0.03125
1 0.659375 0.70859375 0.04296875 0.03046875
1 0.890625 0.209375 0.03984375 0.02890625
1 0.80546875 0.2125 0.0359375 0.02890625
0 0.94375 0.64609375 0.03671875 0.03046875
0 0.0625 0.88046875 0.03828125 0.0296875
1 0.80859375 0.23828125 0.0359375 0.03046875
1 0.33828125 0.72734375 0.03671875 0.03046875
1 0.8937500000000002 0.70546875 0.03671875 0.03046875
1 0.8921875 0.35234375 0.04296875 0.03046875
1 0.65390625 0.2984375 0.0421875 0.03125
1 0.09453125 0.378125 0.034375 0.03125
1 0.534375 0.21328125 0.0390625 0.0328125
1 0.45546875 0.81015625 0.03671875 0.0328125
0 0.65703125 0.7359375 0.0390625 0.02890625
1 0.6945312500000002 0.790625 0.03671875 0.02890625
1 0.09218750000000002 0.23046875 0.03828125 0.0328125
0 0.1 0.82109375 0.03671875 0.02890625
1 0.5359375 0.3015625 0.0359375 0.02890625
1 0.421875 0.8125 0.0375 0.03125
1 0.771875 0.73203125 0.04140625 0.03203125
0 0.21875 0.6453125 0.03984375 0.03046875
0 0.42265625 0.92734375 0.03671875 0.028125
0 0.9445312500000002 0.559375 0.03671875 0.0296875
1 0.21484375 0.521875 0.03359375 0.03125
0 0.8132812499999998 0.790625 0.0375 0.03046875
1 0.453125 0.4484375 0.03671875 0.03046875
0 0.18125 0.9625 0.0375 0.02734375
1 0.2921875 0.2578125 0.0375 0.03046875
1 0.33203125 0.31171875 0.03671875 0.02734375
0 0.21875 0.375 0.0390625 0.02890625
1 0.3 0.72734375 0.03671875 0.03203125
0 0.0609375 0.84921875 0.03828125 0.03125
0 0.69453125 0.8203125 0.03828125 0.0296875
0 0.3 0.7859374999999998 0.0390625 0.0296875
0 0.89296875 0.7625 0.0375 0.03125
1 0.4515625 0.36015625 0.03671875 0.02890625
0 0.1015625 0.84765625 0.0390625 0.0296875
0 0.421875 0.75625 0.03828125 0.02890625
1 0.7703125 0.2703125 0.040625 0.03125
1 0.53515625 0.1734375 0.0390625 0.03671875
1 0.2140625 0.459375 0.03515625 0.02890625
1 0.8109375 0.534375 0.0375 0.02890625
1 0.415625 0.359375 0.0375 0.02890625
0 0.21875 0.7296875000000002 0.03828125 0.02890625
0 0.57265625 0.62265625 0.03671875 0.03046875
1 0.18046875 0.9343749999999998 0.03828125 0.0296875
0 0.8132812499999998 0.8203125 0.0375 0.02890625
1 0.16796875 0.16640625 0.0453125 0.0328125
0 0.45625 0.865625 0.03828125 0.02890625
0 0.77109375 0.4390625 0.0375 0.0296875
1 0.53984375 0.79296875 0.0390625 0.03046875
0 0.53828125 0.67890625 0.0375 0.0296875
0 0.215625 0.49296875 0.0359375 0.03203125
0 0.771875 0.70546875 0.0390625 0.02890625
0 0.1796875 0.31796875 0.03828125 0.02890625
0 0.21953125000000004 0.87734375 0.0375 0.028125
0 0.33828125 0.7578125 0.03828125 0.02890625
0 0.53671875 0.7101562500000002 0.03515625 0.02890625
1 0.6515625 0.18203125 0.0421875 0.0328125
1 0.2171875 0.34453125 0.03671875 0.0296875
1 0.81015625 0.4421875 0.03984375 0.03125
1 0.534375 0.24609375 0.0375 0.03046875
1 0.69140625 0.18046875000000004 0.040625 0.03359375
1 0.21796875 0.70390625 0.0359375 0.03125
1 0.29921875 0.84140625 0.040625 0.03203125
1 0.18203125 0.87890625 0.0390625 0.0296875
1 0.29765625 0.67109375 0.040625 0.03046875
1 0.68984375 0.53828125 0.03671875 0.02734375
1 0.41796875 0.6140625 0.03828125 0.02578125
0 0.5703125000000001 0.2171875 0.03671875 0.0296875
1 0.4171875 0.21875 0.0375 0.0296875
1 0.89140625 0.14921875 0.03984375 0.02734375
0 0.94375 0.61640625 0.03671875 0.03203125
1 0.9390625 0.325 0.03984375 0.02890625
0 0.18046875000000004 0.81875 0.0375 0.0296875
0 0.1015625 0.93828125 0.0390625 0.02890625
0 0.340625 0.92890625 0.03828125 0.0296875
1 0.45 0.21953125 0.0328125 0.02890625
0 0.89140625 0.43984375 0.03828125 0.0296875
1 0.1015625 0.96875 0.03984375 0.03125
0 0.65390625 0.7640625 0.0375 0.03046875
1 0.2953125 0.45703125 0.03984375 0.03203125
1 0.415625 0.3328125 0.03671875 0.028125
0 0.809375 0.6750000000000002 0.0390625 0.02890625
1 0.5375 0.65234375 0.03828125 0.03046875
0 0.94375 0.53359375 0.03828125 0.0296875
1 0.1734375 0.19765625 0.04609375 0.03046875
0 0.94453125 0.58671875 0.0375 0.0296875
1 0.21953125 0.93515625 0.0359375 0.02890625
0 0.4234375 0.86875 0.03828125 0.0296875
1 0.06171875000000001 0.96953125 0.03671875 0.02890625
1 0.690625 0.240625 0.034375 0.02890625
1 0.17734375 0.2875 0.040625 0.02890625
0 0.29765625 0.64453125 0.03984375 0.0296875
1 0.69140625 0.76328125 0.03828125 0.0296875
0 0.29609375 0.51953125 0.03828125 0.03203125
1 0.4171875 0.69921875 0.0390625 0.02890625
1 0.5359375 0.62265625 0.040625 0.028125
1 0.69453125 0.5625 0.0375 0.03125
1 0.05703125 0.37734375 0.0375 0.03203125
1 0.41328125 0.42109375 0.03828125 0.02890625
1 0.68671875 0.27109375 0.03359375 0.02890625
1 0.890625 0.23671875 0.0390625 0.0296875
1 0.57109375 0.13046875 0.03671875 0.0359375
0 0.80859375 0.3546875 0.03671875 0.02890625
1 0.57265625 0.67890625 0.0359375 0.0296875
1 0.9390625 0.353125 0.0390625 0.03046875
1 0.8890625 0.46640625 0.03828125 0.0328125
0 0.2203125 0.7890625 0.0375 0.03046875
1 0.53984375 0.8234375 0.03828125 0.028125
1 0.65703125 0.5390625 0.03828125 0.0265625
1 0.45390625 0.51171875 0.03515625 0.03203125
1 0.7703124999999998 0.296875 0.04140625 0.0296875
1 0.415625 0.5453125 0.040625 0.03359375
1 0.21953125 0.903125 0.0359375 0.03046875
1 0.41328125 0.16328125 0.04140625 0.0296875
0 0.421875 0.78125 0.03828125 0.0296875
1 0.56875 0.27421875 0.0375 0.03046875
1 0.7703125 0.23984375 0.040625 0.0296875
1 0.65546875 0.44296875 0.0421875 0.03046875
1 0.3 0.93046875 0.03828125 0.02890625
1 0.8890625 0.2671875 0.0375 0.02890625
1 0.45625 0.8390625000000002 0.03828125 0.02890625
1 0.77109375 0.465625 0.0375 0.03046875
1 0.7742187499999998 0.5890625 0.0375 0.03046875
1 0.575 0.79375 0.0359375 0.02890625
1 0.41484375 0.246875 0.03828125 0.02890625
0 0.3390625 0.81484375 0.0390625 0.03125
1 0.3359375 0.66953125 0.034375 0.0296875
1 0.5359375 0.59609375 0.0390625 0.03046875
1 0.809375 0.3265625 0.03671875 0.03046875
1 0.29921875 0.81640625 0.0390625 0.0296875
1 0.65390625 0.27109375 0.040625 0.028125
1 0.33203125 0.3421875 0.03828125 0.028125
1 0.33359375 0.45703125 0.0375 0.03125
0 0.33984375 0.84140625 0.03671875 0.03046875
0 0.65703125 0.790625 0.03828125 0.02890625
1 0.2203125 0.8453125 0.03671875 0.0296875
1 0.653125 0.3546875 0.040625 0.03046875
0 0.45703125 0.89375 0.0375 0.0296875
1 0.93828125 0.26640625 0.0390625 0.0296875
1 0.421875 0.7265625 0.0375 0.03046875
0 0.89296875 0.6484375 0.0359375 0.0296875
0 0.1796875 0.78828125 0.0375 0.03046875
1 0.571875 0.65390625 0.0359375 0.02890625
0 0.53671875 0.7359375 0.03671875 0.0296875
0 0.21796875 0.4015625 0.0390625 0.03046875
1 0.17734375 0.2609375 0.04140625 0.03046875
1 0.4515625 0.24765625 0.03515625 0.03046875
0 0.45546875 0.7796875 0.03671875 0.0296875
1 0.33203125 0.16796875 0.0359375 0.03671875
1 0.5390625 0.540625 0.03828125 0.028125
1 0.94296875 0.76328125 0.03671875 0.03046875
0 0.9421875 0.67421875 0.034375 0.03125
0 0.94375 0.78984375 0.03515625 0.02890625
1 0.453125 0.546875 0.03515625 0.034375
1 0.21953125 0.81796875 0.03671875 0.0296875
0 0.2953125 0.16328125 0.03359375 0.02734375
1 0.5359375 0.33125 0.03671875 0.0296875
0 0.41796875 0.18984375 0.0390625 0.02734375
1 0.45234375 0.3328125 0.03515625 0.028125
1 0.534375 0.12109375 0.03828125 0.03828125
1 0.6609375 0.6203125 0.04296875 0.0296875
0 0.09140625 0.13828125 0.0390625 0.028125
1 0.56953125 0.709375 0.03984375 0.03125
1 0.18125 0.9046875 0.0375 0.0296875
1 0.4515625 0.16484375 0.03359375 0.028125
1 0.4203125 0.95390625 0.03515625 0.03125
1 0.29375 0.43046875 0.0390625 0.02890625
1 0.45390625 0.69765625 0.0359375 0.02890625
1 0.69140625 0.3546875 0.03515625 0.03046875
1 0.5375 0.4195312500000001 0.03359375 0.028125
1 0.29609375 0.615625 0.03828125 0.028125
1 0.21953125 0.96484375 0.0359375 0.02578125
1 0.68671875 0.29765625 0.034375 0.02890625
1 0.9421875 0.43984375 0.03671875 0.028125
1 0.44921875 0.18984375 0.03203125 0.02734375
0 0.53984375 0.765625 0.03828125 0.0296875
1 0.29453125 0.34140625 0.03515625 0.02890625
1 0.45234375 0.4203125 0.03671875 0.02890625
1 0.56875 0.36015625 0.03359375 0.028125
1 0.6945312500000002 0.47421875 0.03671875 0.03046875
1 0.6546875 0.3875 0.04296875 0.03046875
1 0.6875 0.21484375 0.03515625 0.028125
0 0.5390624999999999 0.84921875 0.0375 0.028125
1 0.65703125 0.56328125 0.0375 0.03046875
1 0.5703125 0.33125 0.03515625 0.02890625
1 0.65859375 0.5937499999999999 0.0390625 0.0296875
1 0.53671875 0.36015625 0.0359375 0.0296875
1 0.94140625 0.465625 0.0390625 0.03046875
1 0.53828125 0.565625 0.03828125 0.0296875
1 0.88984375 0.1765625 0.03984375 0.03046875
1 0.68828125 0.32734375 0.0359375 0.028125
1 0.33203125 0.4906249999999999 0.03671875 0.03046875
0 0.21953125 0.6726562499999998 0.03828125 0.0296875
1 0.6875 0.1546875 0.03671875 0.0265625
0 0.77265625 0.67578125 0.0375 0.0296875
1 0.45390625 0.64140625 0.03515625 0.03125
1 0.57421875 0.7671875 0.0359375 0.028125
1 0.21796875 0.6171875 0.0359375 0.0265625
1 0.6578125 0.6765625 0.03984375 0.03046875
0 0.8109375 0.70703125 0.0390625 0.03046875
1 0.57421875 0.82421875 0.034375 0.028125
0 0.80859375 0.4109375 0.03984375 0.0296875
1 0.3328125 0.21796874999999996 0.03671875 0.0328125
1 0.7687500000000002 0.15546875 0.03671875 0.028125
1 0.5703125 0.4156250000000001 0.03203125 0.028125
1 0.16796875 0.13828125 0.0421875 0.03125
1 0.45390625 0.66875 0.03515625 0.028125
1 0.45234375 0.3890625 0.03671875 0.02890625
1 0.09765625 0.525 0.03515625 0.03046875
1 0.56953125 0.3015625 0.0375 0.02890625
1 0.29609375 0.48984375 0.03828125 0.03046875
1 0.5703125 0.540625 0.03203125 0.0265625
1 0.5375 0.44609375 0.0375 0.02890625
1 0.3359375 0.64375 0.03515625 0.0296875
1 0.5703125 0.565625 0.03203125 0.02890625
0 0.89140625 0.67578125 0.03515625 0.02890625
1 0.7703125 0.3539062499999999 0.03984375 0.03046875
1 0.69375 0.678125 0.03515625 0.02890625
1 0.68984375 0.8484375 0.040625 0.02734375
1 0.81015625 0.4671875 0.0390625 0.0296875
1 0.41796875 0.38984375 0.03671875 0.03046875
1 0.4140625 0.2765625 0.03828125 0.02890625
1 0.4515625 0.303125 0.03359375 0.02734375
1 0.29375 0.40078125 0.03828125 0.0296875
1 0.4171875 0.66875 0.03828125 0.02890625
1 0.65 0.15390625 0.04453125 0.03046875
0 0.9453125 0.81875 0.03359375 0.03046875
1 0.421875 0.9851562499999998 0.03515625 0.0296875
1 0.6890625 0.38515625 0.0359375 0.028125
1 0.77109375 0.41015625 0.0359375 0.02890625
1 0.6984375000000002 0.44296875 0.040625 0.02890625
1 0.65625 0.415625 0.0390625 0.02890625
0 0.8921875 0.78984375 0.0375 0.02890625
1 0.5375 0.47265625 0.03828125 0.02890625
1 0.21640625 0.2875 0.0375 0.028125
1 0.65546875 0.240625 0.03671875 0.02890625
1 0.334375 0.615625 0.034375 0.0265625
1 0.80546875 0.15625 0.03515625 0.02734375
1 0.3 0.98671875 0.03828125 0.02578125
1 0.33203125 0.55234375 0.0375 0.03046875
0 0.7742187499999998 0.65 0.0375 0.02890625
1 0.41796875 0.6421875 0.03828125 0.03046875
0 0.93984375 0.1828125 0.03671875 0.02734375
1 0.65390625 0.21484375 0.0390625 0.02890625
0 0.69375 0.59453125 0.03515625 0.0296875
0 0.653125 0.32890625 0.0421875 0.02890625
0 0.94453125 0.73125 0.034375 0.03125
1 0.93828125 0.2390625 0.03984375 0.028125
0 0.06328125 0.990625 0.0375 0.01796875
1 0.65859375 0.64921875 0.040625 0.02890625
1 0.77109375 0.328125 0.0421875 0.02890625
1 0.29453125 0.5515625 0.03515625 0.02890625
1 0.69375 0.61953125 0.034375 0.02734375
0 0.94375 0.70546875 0.03515625 0.0296875
1 0.33515625 0.98671875 0.03515625 0.0265625
1 0.57109375 0.4453125 0.034375 0.028125
1 0.415625 0.303125 0.0375 0.028125
1 0.56953125 0.73828125 0.03671875 0.0265625
1 0.2140625 0.55390625 0.0359375 0.028125
1 0.8953125 0.8468750000000002 0.03828125 0.02890625
1 0.21953125 0.98828125 0.03515625 0.02265625
1 0.69296875 0.65 0.034375 0.02890625
1 0.56875 0.47578125 0.03359375 0.02734375
1 0.33203125 0.4296875 0.0359375 0.0296875
1 0.21640625 0.31796875 0.03515625 0.02890625
1 0.096875 0.6171875 0.0359375 0.02734375
1 0.8125 0.84765625 0.0359375 0.0296875
1 0.06015625000000001 0.61875 0.0375 0.0296875
0 0.809375 0.65 0.03984375 0.0296875
1 0.6953125 0.415625 0.0375 0.0296875
0 0.06640625 0.79140625 0.02734375 0.028125
1 0.571875 0.85234375 0.03515625 0.02890625
1 0.94296875 0.84765625 0.03671875 0.03203125
1 0.77578125 0.846875 0.0390625 0.028125
0 0.18046875 0.6171875000000001 0.03828125 0.02890625
1 0.4515625 0.27734375000000006 0.03515625 0.028125
0 0.184375 0.9890624999999998 0.03515625 0.021875
1 0.65703125 0.84765625 0.03671875 0.0265625
1 0.05625 0.31640625 0.0328125 0.03359375
0 0.89375 0.81953125 0.0375 0.028125
0 0.178125 0.553125 0.03515625 0.02734375
