1 0.76484375 0.7125 0.465625 0.1375
1 0.34375 0.065625 0.37109375 0.12578125
1 0.71171875 0.57734375 0.365625 0.1375
1 0.3421875 0.7125 0.37890625 0.1375
1 0.3328125 0.45390625 0.38671875 0.15078125
1 0.34453125 0.3171875 0.3734375 0.1390625
1 0.7078125 0.315625 0.36328125 0.1390625
1 0.70390625 0.44609375 0.35 0.13515625
1 0.34453125 0.8484375 0.39453125 0.1484375
1 0.70546875 0.84765625 0.33671875 0.1375
1 0.69609375 0.18125 0.34453125 0.14140625
1 0.6765625 0.05546875 0.28984375 0.1109375
1 0.3515625 0.58046875 0.35546875 0.12578125
0 0.34453125 0.190625 0.36328125 0.14609375
