1 0.71640625 0.7125 0.36875 0.1375
1 0.3421875 0.065625 0.37890625 0.12578125
1 0.33671875 0.7156249999999998 0.37890625 0.1390625
1 0.32734375 0.4546875 0.39765625 0.1484375
1 0.71171875 0.57734375 0.37109375 0.1375
1 0.70546875 0.315625 0.36328125 0.1390625
1 0.3421875 0.3171875 0.36875 0.1390625
1 0.70234375 0.44609375 0.35234375 0.13515625
1 0.33671875 0.853125 0.39453125 0.1484375
1 0.3515625 0.5828125 0.35546875 0.13046875
1 0.69609375 0.18125 0.34453125 0.14140625
1 0.7 0.84765625 0.33125 0.1375
1 0.6734375 0.05546875 0.284375 0.1109375
0 0.3421875 0.190625 0.36328125 0.14609375
