1 0.384375 0.06328125 0.384375 0.121875
1 0.75546875 0.57734375 0.36328125 0.14609375
1 0.38671875 0.71484375 0.37890625 0.14140625
1 0.38046875 0.45234375 0.38671875 0.1484375
1 0.7421875 0.44453124999999993 0.33125 0.1375
0 0.75546875 0.71484375 0.3578125 0.1375
1 0.38125 0.85390625 0.4 0.15078125
1 0.7515625 0.84609375 0.33984375 0.1390625
1 0.7421875 0.17890625 0.34765625 0.14609375
1 0.39609375 0.3140625 0.35546875 0.1375
1 0.72109375 0.05625 0.28984375 0.1125
0 0.7453125 0.32109375 0.359375 0.15078125
0 0.38515625 0.18828125 0.365625 0.14609375
1 0.378125 0.5875 0.3859375 0.11640625
