1 0.2171875 0.16640625 0.0390625 0.03359375
1 0.21953125000000004 0.7585937499999998 0.0375 0.0296875
1 0.33984375 0.8703125 0.03515625 0.0296875
1 0.7703124999999998 0.18125 0.04140625 0.03203125
1 0.9375 0.21171875000000004 0.0390625 0.0296875
1 0.21875 0.22890625 0.0375 0.03046875
1 0.21875 0.43125 0.0390625 0.03046875
0 0.18203125 0.76015625 0.0390625 0.0296875
1 0.21875 0.34375 0.0375 0.03046875
1 0.8132812499999998 0.7328125 0.0375 0.03125
1 0.18046875 0.3765625 0.03984375 0.03046875
0 0.18203125 0.521875 0.0390625 0.03359375
0 0.771875 0.21406249999999996 0.03984375 0.02890625
0 0.10000000000000002 0.49453125 0.03828125 0.03203125
1 0.790625 0.61875 0.0671875 0.03203125
0 0.2171875 0.1359375 0.03828125 0.0296875
0 0.81328125 0.7625 0.03828125 0.03203125
1 0.4242187499999999 0.81015625 0.03828125 0.03125
0 0.57109375 0.18203125 0.0375 0.0359375
1 0.4171875 0.35859375 0.03828125 0.0296875
0 0.2171875 0.1984375 0.0375 0.03203125
1 0.18046875 0.7296875 0.03671875 0.0296875
1 0.771875 0.73203125 0.040625 0.03125
0 0.10234375 0.81953125 0.0375 0.028125
0 0.89296875 0.73125 0.0359375 0.02890625
1 0.415625 0.51171875 0.040625 0.0328125
0 0.1828125 0.84375 0.03828125 0.03046875
0 0.8898437500000002 0.3265625 0.040625 0.03046875
1 0.7726562500000002 0.4109375 0.03671875 0.02890625
1 0.1015625 0.878125 0.03671875 0.03125
0 0.45546875 0.75078125 0.0359375 0.02890625
1 0.4546875 0.6125 0.03359375 0.0265625
1 0.09609375 0.28906250000000006 0.0375 0.03203125
0 0.06171875 0.4953125 0.0390625 0.0328125
0 0.89296875 0.56015625 0.0375 0.0296875
0 0.7734375 0.7625 0.03984375 0.03046875
1 0.17890624999999996 0.4320312499999999 0.03984375 0.03046875
1 0.56953125 0.24296875000000004 0.0375 0.0296875
1 0.2171875 0.25859375 0.0375 0.03203125
1 0.0640625 0.9375 0.03671875 0.028125
1 0.65390625 0.29921875 0.0421875 0.03203125
0 0.17812500000000003 0.4015625 0.03828125 0.0296875
1 0.1796875 0.34375 0.0390625 0.0296875
1 0.18125 0.6453125 0.03984375 0.03046875
1 0.10078125 0.52578125 0.03671875 0.03046875
1 0.8890625 0.2953125 0.03984375 0.0296875
1 0.45390625 0.4476562499999999 0.03671875 0.03046875
0 0.30078125000000006 0.70078125 0.03984375 0.028125
1 0.89296875 0.5328125 0.03828125 0.03046875
1 0.8109375 0.4421875 0.03828125 0.03125
1 0.9375 0.29375 0.040625 0.03203125
1 0.3375 0.66953125 0.03515625 0.0296875
1 0.89140625 0.21015625 0.040625 0.0296875
0 0.809375 0.26953125 0.03828125 0.02890625
1 0.53515625 0.246875 0.03828125 0.03125
0 0.18125 0.8171874999999998 0.0359375 0.0296875
1 0.89296875 0.58984375 0.03671875 0.03046875
0 0.103125 0.84609375 0.0390625 0.0296875
1 0.09765624999999999 0.378125 0.0359375 0.02890625
0 0.42421875 0.9265625 0.03671875 0.02890625
1 0.6546875 0.53828125 0.03828125 0.0265625
1 0.5359375 0.12109375 0.03671875 0.0390625
0 0.1796875 0.315625 0.0390625 0.0296875
1 0.17734375 0.2296875 0.04296875 0.03046875
1 0.1796875 0.2875 0.040625 0.03046875
0 0.4171875 0.446875 0.0390625 0.03125
1 0.6546875 0.471875 0.04375 0.03046875
1 0.42421875 0.8953125 0.03671875 0.03203125
0 0.2953125 0.28515624999999994 0.03671875 0.03046875
0 0.1796875 0.46015625 0.0390625 0.03046875
1 0.33359375 0.11796875 0.0375 0.0359375
1 0.22109375 0.9328125 0.0359375 0.028125
1 0.09140625 0.16875 0.0421875 0.03359375
0 0.89140625 0.76171875 0.03671875 0.03125
1 0.69140625 0.24140625 0.03515625 0.028125
1 0.29921875 0.6703125 0.03984375 0.0296875
0 0.0640625 0.90546875 0.0375 0.03046875
1 0.09375 0.23046875 0.03671875 0.03203125
0 0.8914062499999998 0.61875 0.0375 0.03046875
1 0.18125 0.87578125 0.03828125 0.03046875
0 0.09921875 0.31953125 0.040625 0.0296875
1 0.53515625 0.21406249999999996 0.03828125 0.0328125
1 0.090625 0.19843749999999996 0.04140625 0.0328125
1 0.29687500000000006 0.3125 0.0359375 0.02734375
0 0.7734375 0.70546875 0.0390625 0.0296875
0 0.3 0.7828125 0.0390625 0.03046875
1 0.3390625 0.72578125 0.03671875 0.03046875
0 0.94140625 0.38359375 0.03671875 0.0296875
0 0.09765625 0.4046875 0.03671875 0.0296875
1 0.8921875 0.15 0.0421875 0.02734375
0 0.42265625 0.8375 0.0375 0.03125
1 0.89375 0.70546875 0.0359375 0.03125
1 0.29921875 0.81484375 0.0390625 0.03046875
1 0.21640625 0.5203125 0.0328125 0.03203125
1 0.18203125 0.93203125 0.03828125 0.0296875
0 0.0640625 0.81953125 0.0390625 0.0296875
0 0.8125 0.70546875 0.03828125 0.03046875
1 0.45703125 0.8375 0.0375 0.0296875
1 0.18125 0.49296875 0.0390625 0.0328125
1 0.5359375 0.175 0.03671875 0.0375
1 0.33359375 0.51796875 0.0375 0.0328125
1 0.6953125 0.6203125 0.034375 0.028125
1 0.18046875 0.671875 0.03828125 0.02890625
1 0.57109375 0.13046875 0.03515625 0.0375
0 0.890625 0.38203125 0.0375 0.03046875
1 0.890625 0.41328125 0.03671875 0.03046875
0 0.3015625 0.87109375 0.03984375 0.02890625
0 0.10234375 0.93515625 0.03984375 0.028125
1 0.69453125 0.67734375 0.0359375 0.03046875
0 0.77265625 0.44140625 0.0375 0.02890625
1 0.21953125000000004 0.70390625 0.0375 0.03046875
0 0.9453125 0.56015625 0.03671875 0.03046875
1 0.45390625 0.4796875 0.034375 0.0328125
1 0.10234375 0.90546875 0.03671875 0.0296875
0 0.33984375 0.78125 0.03828125 0.0296875
1 0.3390625 0.9539062499999998 0.03515625 0.0296875
0 0.29765625 0.21015625 0.0375 0.03203125
1 0.534375 0.3015625 0.0375 0.028125
0 0.45703125 0.8671875 0.03828125 0.02890625
1 0.175 0.19765625 0.046875 0.03125
1 0.0578125 0.378125 0.03671875 0.03046875
0 0.059375 0.40625 0.03828125 0.03046875
0 0.41796875 0.190625 0.03984375 0.02734375
1 0.33515625 0.45625 0.0375 0.03046875
0 0.1796875 0.70234375 0.0375 0.03046875
1 0.3328125 0.31171875 0.03671875 0.028125
1 0.80859375 0.21171875 0.03671875 0.02890625
1 0.53828125 0.82265625 0.03671875 0.028125
1 0.4203125 0.33203125 0.0375 0.02734375
1 0.41953125 0.4796875 0.03828125 0.03359375
0 0.0640625 0.8484375 0.0390625 0.03046875
1 0.17890625 0.26015625 0.040625 0.03046875
1 0.4140625 0.16171875 0.040625 0.0296875
0 0.93984375 0.4140625 0.034375 0.03046875
1 0.3015625 0.8984375 0.0390625 0.02890625
0 0.3421875 0.896875 0.0375 0.0296875
1 0.8093749999999998 0.2953125 0.0375 0.03046875
1 0.0984375 0.790625 0.03359375 0.0296875
1 0.5390625 0.79140625 0.03828125 0.03046875
1 0.453125 0.4203125 0.0359375 0.02890625
1 0.81015625 0.18203125 0.03671875 0.0296875
1 0.65859375 0.7078124999999998 0.03984375 0.0296875
0 0.8109375 0.4140625 0.0375 0.02890625
0 0.22187499999999996 0.78671875 0.03671875 0.0296875
0 0.2171875 0.49140625 0.03671875 0.03203125
1 0.6945312500000002 0.5625 0.03671875 0.03125
0 0.534375 0.275 0.03671875 0.028125
1 0.16953125 0.16640625 0.0453125 0.0328125
0 0.30078125000000006 0.95390625 0.03984375 0.028125
1 0.659375 0.6203125 0.0390625 0.0296875
1 0.6906250000000002 0.53828125 0.03671875 0.02734375
1 0.45703125 0.809375 0.03515625 0.03203125
1 0.41796875 0.4203125 0.0390625 0.0296875
1 0.41875 0.21875 0.0375 0.0296875
0 0.33828125 0.75390625 0.0375 0.02890625
1 0.4546875000000001 0.51171875 0.0359375 0.03203125
1 0.7703125 0.2703125 0.0390625 0.0296875
0 0.0640625 0.878125 0.0390625 0.03046875
0 0.1828125 0.959375 0.0390625 0.02734375
1 0.3015625 0.7570312500000002 0.0359375 0.02890625
1 0.69296875 0.3546875 0.03515625 0.03046875
1 0.93828125 0.35390625 0.03671875 0.03125
0 0.421875 0.7546874999999998 0.0375 0.0296875
1 0.29609375 0.45625 0.03984375 0.0296875
0 0.65859375 0.7335937500000002 0.03984375 0.02890625
0 0.2203125 0.375 0.03984375 0.03125
1 0.8921875 0.35078125 0.04140625 0.03125
1 0.575 0.7921875 0.03828125 0.028125
1 0.771875 0.240625 0.03984375 0.0296875
1 0.09609375 0.434375 0.0359375 0.0296875
1 0.57265625 0.678125 0.034375 0.02890625
1 0.88984375 0.46640625 0.03828125 0.0328125
1 0.3328125 0.284375 0.03671875 0.0296875
1 0.80859375 0.23906250000000004 0.0375 0.0296875
1 0.21875 0.28828125 0.0375 0.03046875
1 0.69140625 0.18125 0.040625 0.03359375
1 0.41953125 0.61328125 0.03671875 0.0265625
0 0.809375 0.353125 0.0390625 0.02890625
1 0.29609375 0.10859375 0.0375 0.0328125
1 0.30078124999999994 0.9296875 0.03828125 0.02734375
1 0.9390625 0.32578125 0.0375 0.02890625
0 0.8898437500000002 0.440625 0.03671875 0.02890625
0 0.57109375 0.2171875 0.0375 0.03046875
1 0.45546875 0.72421875 0.03671875 0.0296875
1 0.94296875 0.76328125 0.03671875 0.03125
1 0.2953125 0.4890625 0.040625 0.0296875
0 0.45703125 0.77890625 0.0359375 0.03046875
1 0.21953125 0.9015625 0.03515625 0.03046875
0 0.2203125 0.64453125 0.0375 0.0296875
1 0.22109375 0.84375 0.03828125 0.0296875
1 0.68828125 0.27109375 0.03515625 0.028125
0 0.18125 0.78828125 0.0390625 0.0296875
1 0.4546875 0.390625 0.03671875 0.028125
0 0.89296875 0.6484375 0.03671875 0.0296875
1 0.771875 0.46484375 0.03671875 0.0296875
0 0.4234375 0.78046875 0.0390625 0.0296875
0 0.53984375 0.678125 0.03828125 0.0296875
1 0.65390625 0.3546875 0.040625 0.03046875
0 0.94375 0.67421875 0.03515625 0.03203125
0 0.296875 0.16328125 0.03671875 0.028125
0 0.79375 0.64921875 0.0703125 0.03203125
1 0.88984375 0.26640625 0.0390625 0.0296875
0 0.22109375 0.671875 0.03828125 0.03046875
1 0.5742187499999999 0.76640625 0.0375 0.02890625
0 0.29765625 0.64375 0.03984375 0.03046875
0 0.81328125 0.790625 0.03828125 0.03046875
1 0.775 0.78984375 0.03828125 0.03203125
1 0.4515625 0.21875 0.03359375 0.02890625
1 0.6578125 0.821875 0.0390625 0.03046875
0 0.53828125 0.7359375 0.0375 0.0296875
1 0.29375 0.2578125 0.0375 0.03046875
0 0.221875 0.875 0.0390625 0.0296875
0 0.29765625 0.51796875 0.03828125 0.03203125
1 0.453125 0.33203125 0.034375 0.02734375
1 0.6546875 0.24140624999999996 0.03671875 0.02890625
1 0.3328125 0.2546875 0.03828125 0.03046875
1 0.29687499999999994 0.43046875 0.03828125 0.02890625
0 0.9453125 0.58671875 0.0375 0.0296875
0 0.42421875 0.8679687499999998 0.03671875 0.0296875
0 0.57265625 0.621875 0.03671875 0.03046875
1 0.42421875 0.953125 0.0359375 0.03046875
1 0.33515625 0.4890625 0.0359375 0.03125
0 0.21875 0.72890625 0.03828125 0.02890625
1 0.6546875 0.44296875 0.04296875 0.03046875
1 0.53828125 0.44609375 0.0375 0.02890625
0 0.9453125 0.64765625 0.0359375 0.03046875
1 0.89140625 0.23671875 0.0390625 0.0296875
1 0.57109375 0.41484375 0.0328125 0.02890625
0 0.94453125 0.53359375 0.0390625 0.02890625
1 0.6890625 0.29765625 0.0359375 0.02890625
1 0.45234375 0.24765625 0.03515625 0.03125
1 0.69453125 0.64921875 0.03515625 0.0296875
1 0.18203125 0.90234375 0.0375 0.03046875
1 0.7703125 0.296875 0.03984375 0.0296875
1 0.41875 0.390625 0.0375 0.02890625
1 0.30078125000000006 0.72578125 0.0359375 0.03203125
1 0.29765625 0.6140625 0.0390625 0.028125
0 0.69140625 0.8203125 0.03828125 0.0296875
0 0.94453125 0.790625 0.034375 0.0296875
1 0.5375 0.621875 0.03984375 0.02890625
1 0.6546875 0.27109375 0.040625 0.02890625
1 0.3328125 0.3414062500000001 0.0375 0.028125
1 0.6578125 0.59453125 0.03828125 0.0296875
0 0.5390625 0.76484375 0.03828125 0.0296875
1 0.4234375000000001 0.984375 0.0359375 0.03125
1 0.9390625 0.2671875 0.0390625 0.03046875
1 0.453125 0.16484375 0.0328125 0.028125
1 0.56875 0.3015625 0.0375 0.0296875
1 0.45078125 0.190625 0.0328125 0.02734375
1 0.421875 0.725 0.0375 0.03046875
1 0.69140625 0.84765625 0.03984375 0.028125
0 0.34140625 0.9265625 0.03671875 0.02890625
1 0.76953125 0.15546875 0.0375 0.028125
0 0.18046875000000004 0.615625 0.0375 0.02734375
1 0.4164062499999999 0.24687500000000004 0.03828125 0.0296875
1 0.33359375 0.16640625000000003 0.0359375 0.034375
1 0.41796875 0.6984375000000002 0.0375 0.02890625
1 0.5359375 0.33046875 0.0375 0.0296875
0 0.94453125 0.6171875 0.0375 0.03125
1 0.69375 0.73203125 0.0375 0.02890625
0 0.8921875 0.67578125 0.03515625 0.02890625
1 0.57109375 0.33203125 0.03671875 0.02890625
1 0.21796875 0.4578125 0.03828125 0.02890625
0 0.21953125 0.40234375 0.040625 0.02890625
1 0.4546875000000001 0.6375 0.0359375 0.02890625
1 0.29921875 0.83984375 0.0375 0.03125
1 0.5390625000000001 0.53984375 0.03671875 0.02890625
0 0.33984375 0.8125 0.0375 0.0296875
1 0.56875 0.36015625 0.03515625 0.02734375
1 0.65703125 0.67734375 0.0390625 0.03125
1 0.6890625 0.7625 0.04140625 0.028125
0 0.9453125 0.73125 0.034375 0.03125
1 0.809375 0.5609375 0.03984375 0.03203125
1 0.0640625 0.9671875 0.0359375 0.02890625
1 0.65234375 0.18203125 0.04140625 0.03203125
1 0.94140625 0.465625 0.040625 0.03125
1 0.29609375 0.34140625 0.03515625 0.02890625
1 0.5703125000000001 0.709375 0.03671875 0.02890625
1 0.68828125 0.215625 0.03515625 0.02890625
1 0.571875 0.44609375 0.0359375 0.0296875
0 0.09609375 0.26171875 0.0375 0.028125
1 0.56953125 0.27265625 0.03984375 0.03046875
1 0.5375 0.4734375 0.0375 0.03046875
1 0.453125 0.54609375 0.03359375 0.03359375
1 0.5703125 0.5953125 0.034375 0.02890625
1 0.653125 0.38671875 0.04296875 0.03046875
0 0.653125 0.32890625 0.04140625 0.02890625
1 0.2203125 0.81796875 0.0375 0.03046875
1 0.94296875 0.4390625 0.0359375 0.0296875
1 0.4546875000000001 0.36015625 0.0359375 0.02890625
1 0.5390625 0.65234375 0.03828125 0.02890625
1 0.6890625 0.32734375 0.03671875 0.028125
1 0.45546875 0.66796875 0.03671875 0.0296875
1 0.29765625 0.40078125 0.03828125 0.028125
1 0.42109375 0.66796875 0.03828125 0.0296875
1 0.88984375 0.1765625 0.03984375 0.03203125
1 0.41484375 0.2765625 0.0375 0.028125
1 0.4171875 0.5453125 0.03984375 0.0328125
1 0.9390625 0.2390625 0.03984375 0.02890625
1 0.77109375 0.35390625 0.0390625 0.0296875
1 0.571875 0.82265625 0.0375 0.02890625
0 0.89296875 0.7898437499999998 0.0375 0.0296875
1 0.41953125 0.303125 0.0375 0.028125
1 0.1015625 0.965625 0.03984375 0.03046875
1 0.65703125 0.56328125 0.03828125 0.0296875
1 0.690625 0.790625 0.0390625 0.028125
0 0.0984375 0.3460937499999999 0.0375 0.03046875
1 0.33515625 0.61484375 0.034375 0.02734375
1 0.3328125 0.4 0.034375 0.02734375
1 0.8093749999999998 0.15624999999999997 0.0375 0.02890625
1 0.4203125 0.6390625 0.0390625 0.0296875
1 0.334375 0.2171875 0.03671875 0.034375
1 0.56953125 0.47578125 0.034375 0.028125
1 0.21875 0.3171875 0.03671875 0.03125
0 0.9460937499999998 0.81953125 0.03359375 0.03046875
1 0.53984375 0.4203125 0.03671875 0.02734375
1 0.80859375 0.3265625 0.0359375 0.0296875
1 0.3375 0.9851562499999998 0.03359375 0.0296875
0 0.94453125 0.7046875 0.03515625 0.03046875
1 0.4546875000000001 0.6984375000000002 0.0359375 0.02890625
0 0.5375 0.70859375 0.03515625 0.02734375
1 0.3375 0.64453125 0.0359375 0.02890625
1 0.2984375 0.984375 0.0375 0.03125
1 0.21953125 0.9875000000000002 0.03515625 0.025
1 0.53515625 0.3570312500000001 0.0359375 0.028125
1 0.6890625 0.3859375 0.03515625 0.02734375
1 0.6875 0.1546875 0.0359375 0.0265625
1 0.5375 0.5953125 0.03828125 0.0296875
1 0.65546875 0.415625 0.03984375 0.02890625
1 0.8109375 0.4671874999999999 0.0390625 0.03046875
0 0.69453125 0.59453125 0.03515625 0.03046875
1 0.57109375 0.73515625 0.0375 0.028125
1 0.571875 0.653125 0.03515625 0.02734375
0 0.81015625 0.675 0.0390625 0.028125
1 0.1703125 0.1375 0.04296875 0.03203125
0 0.33984375 0.83984375 0.03671875 0.0296875
1 0.771875 0.534375 0.0390625 0.02734375
0 0.9390625 0.1828125 0.03671875 0.028125
1 0.68984375 0.415625 0.03515625 0.02890625
1 0.09453125 0.46171875 0.0375 0.03046875
1 0.21640625 0.55234375 0.03671875 0.02734375
0 0.09609375000000002 0.13828125 0.03828125 0.02890625
0 0.06015625 0.4359375 0.0390625 0.0296875
1 0.453125 0.303125 0.03359375 0.028125
1 0.65546875 0.21484375 0.03828125 0.02890625
1 0.53828125 0.56640625 0.0375 0.028125
1 0.57109375 0.565625 0.03203125 0.028125
1 0.05859375 0.52734375 0.03984375 0.03203125
1 0.21875 0.615625 0.0359375 0.0265625
1 0.65 0.1546875 0.04375 0.03046875
0 0.53828125 0.85 0.03671875 0.02578125
1 0.5703124999999999 0.53984375 0.03359375 0.02734375
1 0.784375 0.5890625 0.05546875 0.03203125
1 0.334375 0.5507812500000001 0.03828125 0.02890625
0 0.77734375 0.81953125 0.040625 0.02734375
1 0.453125 0.27890625 0.03515625 0.02734375
0 0.69609375 0.7078125 0.0359375 0.02890625
1 0.81015625 0.5328125 0.03828125 0.02890625
1 0.77109375 0.3265625 0.03984375 0.02890625
0 0.65703125 0.78984375 0.03671875 0.02890625
0 0.06484375 0.98984375 0.03671875 0.01953125
1 0.89609375 0.84609375 0.0390625 0.0296875
1 0.221875 0.95859375 0.03515625 0.02734375
0 0.89375 0.8195312500000002 0.0375 0.02890625
0 0.8078125000000002 0.8171875 0.040625 0.0265625
0 0.65625 0.76328125 0.0375 0.03125
0 0.775 0.67734375 0.03828125 0.028125
0 0.77421875 0.56171875 0.040625 0.03125
1 0.6578125 0.84765625 0.0359375 0.0265625
0 0.45625 0.89296875 0.03671875 0.0296875
1 0.94296875 0.84765625 0.03671875 0.03203125
1 0.09453125 0.615625 0.04140625 0.02734375
1 0.059375 0.615625 0.0390625 0.02734375
0 0.184375 0.9875 0.03671875 0.02421875
0 0.69140625 0.4437499999999999 0.034375 0.03046875
1 0.571875 0.8507812500000002 0.03828125 0.02890625
0 0.18046875 0.55390625 0.03671875 0.0265625
1 0.6921874999999998 0.47421875 0.03359375 0.0296875
1 0.29765625 0.18203125 0.0375 0.02109375
1 0.29453125 0.55 0.03359375 0.028125
0 0.06328125 0.4640625 0.0390625 0.0296875
1 0.7898437499999998 0.84609375 0.06484375 0.02890625
0 0.80546875 0.5921875 0.04609375 0.02890625
1 0.65546875 0.6484375 0.03828125 0.028125
1 0.096875 0.98984375 0.034375 0.0203125
0 0.3296875 0.3703125 0.04296875 0.03125
1 0.33359375 0.4296875 0.03515625 0.0296875
