0 0.896875 0.321875 0.04140625 0.03046875
1 0.1 0.2859375 0.03671875 0.03046875
1 0.89921875 0.35 0.0421875 0.03203125
0 0.18515625 0.84296875 0.0390625 0.03203125
0 0.184375 0.4578125 0.03984375 0.03125
1 0.77890625 0.73203125 0.04140625 0.03203125
1 0.8171875 0.15234374999999997 0.03515625 0.02890625
1 0.9 0.5328125 0.03984375 0.03125
0 0.10078125 0.315625 0.03828125 0.02890625
0 0.9 0.5609375 0.0390625 0.03125
1 0.9453125 0.2921875 0.04375 0.03125
1 0.89765625 0.40859375 0.03828125 0.03125
0 0.896875 0.4375 0.0390625 0.03046875
1 0.79921875 0.6171874999999999 0.06953125 0.03359375
1 0.34296875 0.8703125 0.034375 0.0296875
0 0.8984375 0.38203125 0.04140625 0.03125
0 0.8984375 0.61875 0.0375 0.03046875
1 0.90078125 0.70625 0.03828125 0.0296875
0 0.7015625 0.8210937499999998 0.0375 0.0296875
0 0.22109375 0.19453125 0.03984375 0.03203125
1 0.81875 0.73359375 0.0375 0.03125
1 0.21953125 0.1640625 0.0390625 0.03359375
1 0.8984375 0.465625 0.0390625 0.0328125
1 0.42890625 0.89609375 0.03828125 0.0328125
1 0.096875 0.19921875 0.04140625 0.0328125
1 0.66015625 0.296875 0.04140625 0.0328125
0 0.8171875 0.409375 0.03828125 0.02890625
1 0.09765625 0.2296875 0.0390625 0.034375
1 0.22109375 0.25625 0.03984375 0.03125
1 0.81875 0.56015625 0.03828125 0.03125
1 0.696875 0.23984375 0.03671875 0.02734375
1 0.06796875 0.93515625 0.03671875 0.0296875
1 0.89765625 0.23515625 0.0421875 0.03046875
0 0.8984375 0.2921875 0.03984375 0.03125
1 0.77890625 0.15078125 0.03984375 0.03046875
1 0.10234375 0.4328125 0.03515625 0.02890625
1 0.4585937500000001 0.51015625 0.0359375 0.0328125
0 0.103125 0.403125 0.03515625 0.0296875
0 0.95 0.3828125 0.03828125 0.03046875
0 0.81875 0.70625 0.03828125 0.03046875
1 0.22109375 0.2265625 0.03984375 0.02890625
1 0.9 0.5875 0.0390625 0.03046875
0 0.06328125 0.4046874999999999 0.0390625 0.03046875
0 0.184375 0.76015625 0.0390625 0.0296875
1 0.2234375 0.7578125 0.03515625 0.02890625
1 0.42265625 0.509375 0.0390625 0.03359375
1 0.22578125 0.84375 0.0375 0.03046875
0 0.9 0.64921875 0.03828125 0.03203125
0 0.06640625 0.8453125 0.03671875 0.03125
1 0.42265625 0.47578125 0.0390625 0.03203125
0 0.90078125 0.7328125 0.03828125 0.02890625
1 0.1828125 0.49140625 0.03828125 0.0328125
1 0.1828125 0.43125 0.03984375 0.03046875
0 0.9515625 0.646875 0.034375 0.0296875
1 0.9445312500000002 0.2078125 0.040625 0.03046875
1 0.22109375 0.34296875 0.03828125 0.0296875
0 0.7765625 0.21015625 0.0390625 0.02734375
0 0.70078125 0.5937499999999999 0.0375 0.0296875
1 0.77734375 0.409375 0.0375 0.0296875
1 0.221875 0.4296875 0.03828125 0.03125
1 0.30078124999999994 0.3109375 0.03828125 0.028125
1 0.18515625 0.72890625 0.03828125 0.03203125
1 0.6953125 0.26796875 0.034375 0.028125
1 0.70078125 0.79140625 0.0359375 0.02890625
0 0.57578125 0.18046875 0.0359375 0.0328125
0 0.10078125 0.2609375 0.03828125 0.02890625
0 0.06484375 0.434375 0.03828125 0.02890625
0 0.3 0.28359375 0.03828125 0.028125
0 0.18515625 0.7859374999999998 0.03828125 0.0296875
0 0.95078125 0.58671875 0.0359375 0.0296875
1 0.81484375 0.209375 0.0359375 0.0296875
0 0.8203125 0.76484375 0.0390625 0.03046875
0 0.42265625 0.446875 0.0390625 0.03046875
1 0.1015625 0.375 0.0359375 0.03203125
1 0.6984375 0.178125 0.04375 0.034375
0 0.4585937500000001 0.75078125 0.0359375 0.02890625
0 0.7765625 0.43828125 0.0375 0.0296875
1 0.09609375 0.16640625 0.04140625 0.0328125
0 0.1859375 0.7015625 0.03828125 0.03046875
1 0.5734375 0.24140624999999996 0.0359375 0.02890625
0 0.7796875 0.5625 0.04140625 0.03125
1 0.06328125 0.37578125 0.0390625 0.03046875
0 0.18515625 0.52109375 0.0375 0.03359375
1 0.29765625 0.25390625 0.03515625 0.0296875
0 0.22578125 0.87421875 0.0390625 0.0296875
1 0.17734375 0.19609375 0.04609375 0.03125
0 0.303125 0.70078125 0.040625 0.02890625
1 0.54140625 0.2984375 0.0375 0.0296875
0 0.5390625 0.271875 0.0359375 0.02890625
0 0.221875 0.37265625 0.04140625 0.03046875
0 0.22109375 0.48984375 0.0359375 0.0328125
1 0.54140625 0.21171875 0.0390625 0.03203125
1 0.1765625 0.1359375 0.04296875 0.02890625
1 0.6999999999999998 0.5625 0.0375 0.03125
1 0.3 0.10625 0.03515625 0.0359375
1 0.77734375 0.178125 0.0390625 0.03046875
1 0.45859375 0.44453125 0.0375 0.03125
1 0.34140625 0.6687499999999998 0.03515625 0.0296875
1 0.421875 0.24453125 0.03515625 0.02890625
1 0.1765625 0.16796875 0.04453125 0.03125
1 0.81875 0.4398437499999999 0.03984375 0.03046875
0 0.428125 0.86796875 0.0375 0.02890625
1 0.896875 0.265625 0.040625 0.0296875
0 0.30546875 0.87109375 0.03984375 0.0296875
1 0.45859375 0.47578125 0.0375 0.0328125
0 0.81484375 0.26796875 0.03671875 0.02890625
1 0.81796875 0.53359375 0.03828125 0.0296875
1 0.18515625 0.67109375 0.03828125 0.03046875
1 0.9460937499999998 0.3515625 0.04140625 0.03046875
0 0.06484375 0.49296875 0.03984375 0.03359375
1 0.54453125 0.5390625000000001 0.0375 0.02890625
1 0.9453125 0.32421875 0.04375 0.03046875
0 0.225 0.72890625 0.03671875 0.03046875
1 0.66171875 0.821875 0.03828125 0.02890625
1 0.1828125 0.28515625 0.0390625 0.0296875
1 0.70078125 0.6203125 0.03359375 0.028125
1 0.303125 0.8140625 0.040625 0.03125
1 0.8984375 0.20625 0.04140625 0.03125
1 0.3 0.428125 0.03828125 0.0296875
1 0.33671875 0.28203125 0.0359375 0.02890625
0 0.90078125 0.76484375 0.0390625 0.03125
0 0.34375 0.89609375 0.0375 0.0296875
1 0.1828125 0.3421875 0.03984375 0.02890625
1 0.33671875 0.25390625 0.03828125 0.03203125
0 0.18515625 0.81640625 0.03671875 0.03046875
0 0.30546875 0.7828125 0.03984375 0.0296875
1 0.815625 0.23515625 0.0375 0.028125
1 0.6609374999999998 0.53828125 0.0375 0.0265625
1 0.34296875 0.9539062499999998 0.0359375 0.0296875
1 0.54375 0.79296875 0.03671875 0.03046875
1 0.3390625 0.1671875 0.03671875 0.034375
0 0.34296875 0.7820312499999998 0.0359375 0.0296875
0 0.103125 0.49375 0.0375 0.03125
0 0.81484375 0.35078125 0.0375 0.03046875
0 0.10546875 0.81875 0.0359375 0.0296875
0 0.4609375 0.86484375 0.03515625 0.02890625
1 0.30234375 0.66953125 0.040625 0.03125
0 0.78203125 0.82109375 0.03828125 0.028125
1 0.45859375 0.7234374999999998 0.03671875 0.0296875
1 0.57578125 0.53984375 0.03359375 0.02734375
0 0.1015625 0.3453125 0.0375 0.0296875
1 0.3375 0.21796875 0.03828125 0.03203125
0 0.10546875 0.93359375 0.0375 0.02890625
0 0.9 0.67578125 0.0375 0.0296875
0 0.425 0.75234375 0.0375 0.02890625
1 0.1828125 0.37421875 0.03828125 0.03046875
0 0.77890625 0.70625 0.040625 0.0296875
0 0.18203125 0.3140625 0.03984375 0.02890625
0 0.2984375 0.20859375 0.03671875 0.0328125
1 0.69765625 0.3828125 0.03671875 0.02890625
1 0.9515625 0.85 0.03515625 0.03203125
1 0.33671875 0.31015625 0.03671875 0.02890625
0 0.22421875 0.67109375 0.0375 0.0296875
1 0.4554687499999999 0.1875 0.034375 0.0265625
0 0.10625 0.8453125 0.0375 0.03046875
0 0.22109375 0.13359375 0.040625 0.028125
1 0.4554687499999999 0.21640625 0.034375 0.0296875
1 0.6960937499999998 0.21328125 0.0375 0.028125
0 0.66171875 0.79140625 0.03828125 0.0296875
1 0.54453125 0.8234375 0.03515625 0.02734375
0 0.54140625 0.73515625 0.03671875 0.03046875
1 0.42578125 0.72578125 0.0375 0.03046875
0 0.7 0.353125 0.03984375 0.0296875
0 0.69921875 0.4421875 0.0359375 0.03046875
1 0.42265625 0.21796874999999996 0.03828125 0.02890625
0 0.42109375 0.1890625 0.040625 0.02890625
1 0.696875 0.1515625 0.0359375 0.028125
1 0.10546875 0.521875 0.03671875 0.03125
0 0.0671875 0.90390625 0.03515625 0.03046875
0 0.30546875 0.9546875 0.03984375 0.02890625
1 0.41640625 0.16015625 0.040625 0.03125
0 0.659375 0.328125 0.040625 0.02890625
0 0.5742187500000001 0.21484375 0.03671875 0.03046875
0 0.57734375 0.621875 0.0375 0.02890625
1 0.69765625 0.32578125 0.0359375 0.0296875
0 0.06640625 0.81875 0.0375 0.03046875
1 0.10078125000000002 0.46015625 0.0359375 0.03125
1 0.18515625 0.87578125 0.0390625 0.03046875
0 0.2234375 0.7859375 0.03671875 0.03046875
0 0.4296875 0.83828125 0.0390625 0.0296875
1 0.42265625 0.61171875 0.0375 0.02578125
1 0.42578125 0.6984375000000002 0.0375 0.02890625
1 0.575 0.12890625 0.03515625 0.03359375
1 0.184375 0.64453125 0.03828125 0.03125
1 0.33828125 0.4554687499999999 0.03671875 0.03046875
1 0.3375 0.115625 0.03671875 0.03515625
1 0.578125 0.82421875 0.03828125 0.02890625
1 0.6984375 0.5375 0.03515625 0.0265625
0 0.9523437500000002 0.7328125 0.0328125 0.028125
1 0.22109375 0.4578125 0.03515625 0.02890625
1 0.4609375 0.8375 0.034375 0.02890625
1 0.22109375 0.5195312500000001 0.03515625 0.0328125
1 0.575 0.2984375 0.0390625 0.03046875
1 0.69765625 0.41328125 0.0359375 0.02890625
1 0.2203125 0.28515625 0.03828125 0.02890625
1 0.3015625 0.6132812500000001 0.03984375 0.02890625
1 0.22109375 0.31328125 0.0375 0.02890625
0 0.9515625 0.67578125 0.034375 0.03046875
1 0.659375 0.3859375 0.0421875 0.03125
1 0.77734375 0.2375 0.040625 0.0296875
0 0.6625 0.734375 0.03984375 0.0296875
0 0.54375 0.678125 0.0375 0.03046875
1 0.696875 0.29375 0.03359375 0.02890625
1 0.30546875 0.75703125 0.0375 0.0296875
1 0.57890625 0.7671875 0.0375 0.02890625
0 0.42890625 0.92734375 0.0359375 0.028125
0 0.2234375 0.64140625 0.03671875 0.03046875
1 0.815625 0.178125 0.03515625 0.03046875
1 0.421875 0.38828125 0.03828125 0.0296875
1 0.29921875 0.4554687499999999 0.03828125 0.03046875
1 0.18046875 0.2578125 0.040625 0.0296875
1 0.33828125 0.51640625 0.0359375 0.03203125
1 0.10546875 0.90390625 0.03671875 0.0296875
1 0.10546875 0.87734375 0.0375 0.03046875
1 0.54296875 0.1703125 0.03515625 0.03671875
1 0.57734375 0.709375 0.0375 0.0296875
0 0.95078125 0.79140625 0.0328125 0.028125
1 0.33984375 0.61328125 0.03515625 0.02734375
1 0.69921875 0.7640625 0.03671875 0.0296875
1 0.6546875 0.18046875 0.04296875 0.0328125
1 0.5781249999999999 0.73671875 0.0375 0.0296875
1 0.4234375 0.35703125 0.0375 0.02890625
1 0.7796875 0.78984375 0.0390625 0.03203125
0 0.953125 0.82109375 0.0328125 0.02890625
1 0.18671874999999996 0.9328125 0.03671875 0.02734375
1 0.4234375 0.33125 0.0375 0.028125
0 0.77890625 0.7640625 0.040625 0.02890625
1 0.81484375 0.3234375 0.0375 0.02890625
0 0.34453125 0.81328125 0.03671875 0.03046875
0 0.6609375 0.7640625 0.03828125 0.03046875
1 0.34140625 0.725 0.03671875 0.03046875
0 0.18828125 0.95859375 0.0390625 0.028125
1 0.3390625 0.3984375 0.03359375 0.02890625
1 0.30390625 0.7273437499999998 0.03828125 0.0296875
0 0.54140625 0.70859375 0.03515625 0.028125
0 0.9515625 0.4140625 0.0359375 0.0296875
1 0.540625 0.240625 0.0375 0.0296875
1 0.575 0.59453125 0.034375 0.02890625
1 0.41875 0.27578125 0.0359375 0.02890625
1 0.81484375 0.29296874999999994 0.03671875 0.03046875
1 0.4546875 0.24765625 0.03671875 0.03046875
1 0.06796875 0.9656249999999998 0.0359375 0.0296875
0 0.3421875 0.75625 0.03671875 0.0296875
1 0.69765625 0.46953125 0.0375 0.03203125
0 0.18359375 0.40234375 0.03828125 0.0296875
1 0.4296875 0.81015625 0.0390625 0.03125
1 0.94921875 0.465625 0.03671875 0.0296875
1 0.178125 0.22734375 0.04453125 0.03046875
0 0.22265625 0.40078125 0.03984375 0.0296875
1 0.4578125 0.5453125 0.034375 0.0328125
1 0.575 0.4140625 0.034375 0.02734375
1 0.45703125 0.6109375 0.0359375 0.0265625
1 0.30703125 0.83984375 0.03984375 0.03203125
0 0.90078125 0.790625 0.03828125 0.03046875
1 0.77890625 0.53359375 0.040625 0.02890625
1 0.8984375 0.1734375 0.0421875 0.03046875
1 0.22421875 0.90078125 0.0359375 0.03125
0 0.5429687500000001 0.765625 0.03671875 0.0296875
1 0.896875 0.14609375 0.03984375 0.028125
1 0.6625 0.7078125 0.040625 0.03046875
1 0.946875 0.265625 0.0390625 0.02734375
1 0.7765625 0.29375 0.0390625 0.03125
0 0.06796875 0.878125 0.0375 0.0296875
1 0.30625 0.9289062500000002 0.0375 0.02890625
1 0.6578125 0.26953125 0.03828125 0.02890625
0 0.9515625 0.70625 0.0328125 0.0296875
0 0.065625 0.4625 0.03828125 0.03046875
1 0.3015625 0.39765625 0.040625 0.02734375
1 0.6578125 0.240625 0.0375 0.028125
1 0.30546875 0.8984375 0.03828125 0.0296875
0 0.95078125 0.6171875 0.03359375 0.03125
1 0.6640625 0.61953125 0.0390625 0.02890625
0 0.9515625 0.5328125 0.0359375 0.02890625
1 0.54140625 0.6210937500000001 0.04140625 0.02890625
0 0.428125 0.7796875 0.0375 0.02890625
1 0.22421875 0.93203125 0.0359375 0.02734375
0 0.10078125 0.13671875 0.0390625 0.02890625
1 0.66015625 0.35390625 0.03828125 0.03203125
1 0.33828125 0.48828125 0.03671875 0.03125
1 0.95078125 0.4390625000000001 0.03515625 0.028125
0 0.8203125 0.821875 0.03984375 0.02890625
1 0.4234375000000001 0.54375 0.03984375 0.03359375
1 0.45546875 0.16171875 0.03515625 0.028125
0 0.30234375 0.6421875 0.03984375 0.03046875
1 0.65859375 0.2140625 0.0390625 0.03046875
0 0.81796875 0.58828125 0.03984375 0.02890625
1 0.946875 0.2359375 0.0390625 0.02890625
1 0.4273437500000001 0.95234375 0.0359375 0.0296875
0 0.90078125 0.82109375 0.0390625 0.02890625
1 0.45546875 0.33046875 0.0359375 0.028125
1 0.4203125 0.41953125 0.03984375 0.03046875
1 0.421875 0.30078125 0.03671875 0.0296875
1 0.54140625 0.59453125 0.0390625 0.0296875
1 0.95078125 0.7640625 0.034375 0.02890625
1 0.45703125 0.35625 0.03671875 0.028125
1 0.5421875 0.471875 0.03984375 0.028125
1 0.66015625 0.67734375 0.03828125 0.0296875
1 0.57265625 0.2703125 0.0375 0.03046875
1 0.57421875 0.33046875 0.03515625 0.03046875
0 0.8203125 0.79140625 0.0390625 0.03125
1 0.30078125 0.48828125 0.0390625 0.03046875
0 0.18359375 0.615625 0.0375 0.02734375
0 0.34375 0.83984375 0.0359375 0.0296875
1 0.103125 0.78984375 0.034375 0.02890625
0 0.06875 0.9890625 0.0359375 0.02109375
1 0.66171875 0.5640625 0.0375 0.03046875
1 0.425 0.6687499999999998 0.03828125 0.0296875
1 0.2203125 0.55234375 0.03515625 0.0296875
1 0.540625 0.11796875 0.03515625 0.03984375
1 0.5421875 0.44453125 0.03828125 0.03046875
1 0.45859375 0.41875 0.03671875 0.02890625
0 0.81875 0.67578125 0.03828125 0.02890625
1 0.57578125 0.653125 0.03671875 0.028125
1 0.57890625 0.79296875 0.0375 0.028125
1 0.45625 0.30234375 0.03515625 0.02734375
1 0.57734375 0.678125 0.034375 0.028125
1 0.5429687500000001 0.6515625 0.03671875 0.0296875
0 0.778125 0.67578125 0.0390625 0.02890625
1 0.6625 0.5937500000000001 0.0375 0.02890625
0 0.34296875 0.9265624999999998 0.0359375 0.0296875
1 0.540625 0.35546875 0.034375 0.02734375
1 0.78046875 0.46484375 0.0375 0.0296875
0 0.8 0.65 0.07109375 0.03046875
0 0.459375 0.7796875 0.03515625 0.0296875
1 0.81796875 0.46640625 0.0390625 0.0296875
1 0.3375 0.340625 0.03671875 0.02734375
1 0.45703125 0.3875 0.03671875 0.02890625
1 0.69921875 0.678125 0.034375 0.02734375
1 0.22578125 0.9578125 0.0359375 0.028125
1 0.45859375 0.69609375 0.03515625 0.02890625
1 0.10546875 0.9617187499999998 0.03671875 0.0296875
1 0.5421875 0.56640625 0.03828125 0.028125
1 0.2234375 0.70078125 0.03515625 0.03125
1 0.78203125 0.59140625 0.03828125 0.03046875
1 0.57265625 0.359375 0.03671875 0.0265625
1 0.4585937500000001 0.66796875 0.0359375 0.02890625
1 0.45859375 0.6375 0.03671875 0.0296875
1 0.66015625 0.41171875 0.040625 0.02890625
1 0.34140625 0.64296875 0.03515625 0.02890625
0 0.95 0.5585937499999999 0.03515625 0.0296875
1 0.3375 0.4296875 0.0359375 0.028125
1 0.3015625 0.51640625 0.03828125 0.03125
1 0.18671874999999996 0.90234375 0.03671875 0.0296875
1 0.778125 0.32578125 0.04296875 0.0296875
1 0.66171875 0.84765625 0.0375 0.028125
1 0.5765625 0.475 0.03515625 0.02734375
1 0.54296875 0.41875 0.03515625 0.028125
1 0.3015625 0.340625 0.0375 0.028125
1 0.5781249999999999 0.4453125 0.0375 0.0296875
1 0.22421875 0.8171875 0.03671875 0.03046875
1 0.30078124999999994 0.54921875 0.03828125 0.028125
1 0.45546875 0.275 0.03515625 0.028125
1 0.30390625 0.984375 0.03828125 0.03046875
1 0.69921875 0.73203125 0.03515625 0.02734375
1 0.425 0.63828125 0.0375 0.02890625
1 0.659375 0.4710937499999999 0.03828125 0.03046875
1 0.540625 0.3296875 0.0359375 0.0296875
1 0.6625 0.65 0.0390625 0.02890625
1 0.57578125 0.565625 0.034375 0.028125
1 0.2203125 0.615625 0.0359375 0.025
0 0.18515625 0.553125 0.0359375 0.02734375
1 0.69921875 0.65078125 0.03515625 0.0296875
1 0.340625 0.9859375 0.0375 0.028125
0 0.46171875 0.89296875 0.03671875 0.02890625
1 0.6609375 0.4421875 0.03984375 0.03046875
1 0.4593749999999999 0.809375 0.034375 0.03125
1 0.4265625 0.984375 0.03515625 0.03046875
1 0.69921875 0.84921875 0.03671875 0.03125
1 0.33671875 0.54921875 0.0359375 0.028125
1 0.77890625 0.26640625 0.0390625 0.0296875
0 0.5421875 0.85078125 0.034375 0.0265625
1 0.65546875 0.1515625 0.04375 0.0296875
1 0.0671875 0.6171875000000001 0.0359375 0.02890625
1 0.778125 0.35 0.03984375 0.028125
0 0.30078125000000006 0.16171875 0.0359375 0.02578125
0 0.94765625 0.1796875 0.0359375 0.02734375
1 0.1015625 0.6140625 0.0359375 0.02890625
1 0.22421875 0.9875000000000002 0.03515625 0.025
1 0.57578125 0.85 0.03828125 0.028125
1 0.90390625 0.8484375 0.03828125 0.028125
0 0.7015625 0.7078125 0.03203125 0.03046875
1 0.06484375 0.5234375 0.040625 0.03046875
0 0.1875 0.9875 0.03828125 0.02421875
1 0.7828125 0.8484374999999998 0.03828125 0.0296875
0 0.3421875 0.69921875 0.03671875 0.02890625
0 0.309375 0.36953125 0.04296875 0.03125
1 0.10390625 0.9890625 0.0328125 0.02109375
1 0.18671875 0.91796875 0.0359375 0.025
