1 0.71015625 0.7125 0.3625 0.1328125
1 0.33671875 0.06328125 0.37890625 0.121875
1 0.70625 0.57734375 0.365625 0.1375
1 0.33828125 0.71484375 0.38125 0.1375
1 0.33515625 0.4546875 0.38125 0.1484375
1 0.70234375 0.315625 0.3578125 0.1390625
1 0.7 0.44375 0.35234375 0.1390625
1 0.34453125 0.3140625 0.36875 0.1375
1 0.334375 0.853125 0.38984375 0.15234375
1 0.6984375 0.84921875 0.334375 0.1375
1 0.6921875 0.18125 0.34765625 0.14140625
1 0.67109375 0.053125 0.28984375 0.10625
0 0.33671875 0.190625 0.36328125 0.14609375
1 0.3484375 0.58515625 0.35 0.13046875
