1 0.36171875 0.06328125 0.38125 0.121875
1 0.73046875 0.575 0.36015625 0.14140625
1 0.75390625 0.3140625 0.4078125 0.1375
1 0.35625 0.7125 0.39765625 0.1375
1 0.35234375 0.45 0.38984375 0.1484375
1 0.73515625 0.84765625 0.35 0.14140625
1 0.72890625 0.44375 0.34765625 0.13046875
1 0.3765625 0.315625 0.34765625 0.13515625
1 0.71875 0.17890625 0.3421875 0.14609375
0 0.73515625 0.7125 0.36015625 0.1375
1 0.3484375 0.8515625 0.41875 0.1546875
1 0.7015625 0.05078125 0.28671875 0.1015625
0 0.365625 0.1859375 0.36875 0.14609375
1 0.35859375 0.5820312499999999 0.3953125 0.12734375
