1 0.3734375 0.06328125 0.37890625 0.121875
1 0.7484375 0.57421875 0.37109375 0.15703125
1 0.76015625 0.3171875 0.40546875 0.1390625
1 0.3734375 0.71328125 0.384375 0.1390625
1 0.36953125 0.45 0.38671875 0.1484375
1 0.7421875 0.84765625 0.34765625 0.14140625
1 0.72734375 0.17734375 0.34453125 0.14609375
0 0.74453125 0.71328125 0.3578125 0.1484375
1 0.37734375 0.31328125 0.36015625 0.1390625
1 0.365625 0.853125 0.415625 0.15234375
1 0.71015625 0.05078125 0.284375 0.1015625
0 0.3765625 0.18671875 0.36328125 0.14375
1 0.74375 0.44375 0.3703125 0.13828125
1 0.371875 0.58515625 0.38046875 0.1421875
