1 0.390625 0.06171875 0.38125 0.1234375
0 0.75546875 0.7125 0.35234375 0.1375
1 0.76015625 0.5742187499999999 0.36328125 0.1390625
1 0.4015625 0.5765625 0.36015625 0.14375
1 0.390625 0.71328125 0.38125 0.1390625
1 0.37734375 0.8515625 0.41328125 0.15078125
1 0.75546875 0.84765625 0.34765625 0.14140625
1 0.74453125 0.44140625 0.33671875 0.13515625
1 0.3921875 0.315625 0.3734375 0.13515625
1 0.74453125 0.17578125 0.33671875 0.1484375
1 0.7234375 0.05000000000000001 0.284375 0.09921875
0 0.38671875 0.184375 0.36875 0.1484375
0 0.753125 0.3171875 0.35390625 0.1484375
1 0.39765625 0.44765625 0.36875 0.1390625
