1 0.35625 0.06328125 0.38125 0.121875
1 0.34375 0.45234375 0.38671875 0.1484375
1 0.7265625 0.3171875 0.36875 0.1390625
1 0.72890625 0.5765625 0.36875 0.1484375
1 0.33984375 0.7156249999999998 0.4 0.1390625
1 0.71875 0.84765625 0.33671875 0.14609375
1 0.34765625 0.85078125 0.40546875 0.1484375
1 0.359375 0.315625 0.365625 0.13046875
1 0.72265625 0.44609375 0.35 0.13515625
1 0.68984375 0.05625 0.284375 0.1125
0 0.71015625 0.7125 0.33671875 0.14140625
1 0.71484375 0.18125 0.35 0.14140625
0 0.3515625 0.18828125 0.37109375 0.14609375
1 0.353125 0.58359375 0.3890625 0.1171875
