1 0.36015625 0.06328125 0.37890625 0.121875
1 0.73515625 0.575 0.37109375 0.159375
1 0.35 0.7156249999999998 0.4 0.1390625
1 0.73671875 0.3171875 0.38984375 0.1390625
1 0.34375 0.45234375 0.39765625 0.1484375
1 0.7265625 0.84765625 0.34765625 0.14140625
1 0.3484375 0.853125 0.41328125 0.1484375
1 0.36875 0.3140625 0.35234375 0.1375
1 0.71953125 0.18125 0.35 0.14140625
0 0.7265625 0.7125 0.3578125 0.14609375
1 0.6921875 0.053125 0.284375 0.10625
0 0.36015625 0.190625 0.36875 0.14609375
1 0.721875 0.45078125 0.3328125 0.1171875
1 0.353125 0.58203125 0.3890625 0.109375
