1 0.8132812499999998 0.5609375 0.0375 0.03203125
1 0.22109375 0.7578125 0.0375 0.03125
0 0.18203125 0.4578125 0.0390625 0.03046875
1 0.21875 0.34296875 0.03671875 0.0296875
1 0.21875 0.228125 0.03828125 0.03046875
0 0.21796875 0.19765625 0.0390625 0.03203125
1 0.77109375 0.18125 0.04140625 0.03203125
0 0.0984375 0.31640625 0.0359375 0.02890625
1 0.45625 0.4796875 0.0359375 0.03359375
0 0.1828125 0.759375 0.0390625 0.03046875
1 0.0984375 0.2875 0.03515625 0.0296875
0 0.7703125 0.21328125 0.040625 0.02890625
1 0.9382812499999998 0.21171875000000004 0.04140625 0.0296875
1 0.18125 0.375 0.03984375 0.03046875
0 0.89375 0.56015625 0.0375 0.03046875
0 0.81171875 0.26875 0.0375 0.0296875
1 0.065625 0.93515625 0.0375 0.0296875
0 0.571875 0.1828125 0.03515625 0.03515625
0 0.10390625 0.9328125 0.0390625 0.0296875
0 0.659375 0.73359375 0.03984375 0.0296875
0 0.77265625 0.5609375 0.04140625 0.03125
0 0.3015625 0.6999999999999998 0.0390625 0.0296875
1 0.65546875 0.29921875 0.0421875 0.03203125
1 0.4171875 0.51015625 0.040625 0.03359375
0 0.8921875 0.64765625 0.03671875 0.03125
0 0.89453125 0.73203125 0.03671875 0.0296875
1 0.21875 0.165625 0.03984375 0.0328125
0 0.18203125 0.7859374999999998 0.0390625 0.0296875
1 0.3015625 0.81328125 0.03984375 0.03046875
1 0.09375 0.19765625 0.04140625 0.03359375
1 0.21953125000000004 0.43046875 0.0375 0.03125
1 0.2984375 0.31171875 0.0375 0.028125
0 0.22109375 0.37421875 0.03984375 0.03046875
1 0.18046875 0.34296875 0.03984375 0.02890625
0 0.1 0.4046875 0.0359375 0.0296875
1 0.17734375 0.22890625 0.04296875 0.03125
0 0.8140625 0.7625 0.03828125 0.03125
1 0.42578125 0.89453125 0.0375 0.03203125
1 0.18203125 0.6703125 0.03984375 0.03046875
1 0.33515625 0.28203125 0.0359375 0.03046875
0 0.7765625 0.8203125 0.0390625 0.02734375
1 0.89453125 0.5328125 0.03828125 0.0296875
1 0.303125 0.89765625 0.0359375 0.0296875
0 0.296875 0.28515625 0.0390625 0.0296875
0 0.10234375 0.49296875 0.0375 0.03203125
1 0.10234375 0.9031249999999998 0.03671875 0.0296875
0 0.1796875 0.40234375 0.03828125 0.02890625
1 0.2171875 0.2578125 0.0375 0.03203125
0 0.1 0.34453125 0.03515625 0.03046875
1 0.1828125 0.49140625 0.03828125 0.0328125
0 0.103125 0.81875 0.03671875 0.02890625
1 0.69609375 0.3539062499999999 0.03828125 0.03046875
0 0.9421875 0.4140625 0.0359375 0.0296875
1 0.0984375 0.37734375 0.03359375 0.03125
1 0.9390625 0.29453125 0.0421875 0.03125
1 0.81328125 0.53359375 0.03671875 0.02890625
1 0.340625 0.86953125 0.0359375 0.0296875
1 0.53671875 0.246875 0.0375 0.03125
1 0.18203125 0.728125 0.03984375 0.03125
1 0.41484375 0.1625 0.040625 0.02890625
1 0.175 0.19609375 0.04609375 0.03046875
1 0.57109375 0.24296875 0.03671875 0.03046875
1 0.18125 0.43125 0.0390625 0.03046875
0 0.4242187499999999 0.83671875 0.03828125 0.03046875
1 0.3 0.66953125 0.0390625 0.03046875
1 0.45625 0.51171875 0.0359375 0.03203125
0 0.0609375 0.4046874999999999 0.03828125 0.03046875
1 0.53671875 0.21328125 0.03828125 0.03359375
0 0.1828125 0.52109375 0.03828125 0.0328125
1 0.771875 0.534375 0.040625 0.02890625
0 0.4164062499999999 0.4476562499999999 0.0421875 0.03046875
0 0.21796875 0.490625 0.0359375 0.03203125
0 0.540625 0.84765625 0.0359375 0.02734375
1 0.8937500000000002 0.590625 0.03671875 0.03125
1 0.29609375 0.1078125 0.0375 0.03359375
0 0.89140625 0.3828125 0.0359375 0.03046875
0 0.8132812499999998 0.5898437499999999 0.0375 0.0296875
1 0.18125 0.64140625 0.0390625 0.03046875
0 0.10390625000000002 0.84375 0.03828125 0.03046875
1 0.45625 0.7234375 0.0359375 0.03046875
0 0.45546875 0.75 0.0359375 0.02890625
0 0.77421875 0.7624999999999998 0.03984375 0.0296875
1 0.4546875 0.61171875 0.034375 0.0265625
1 0.8125 0.440625 0.0375 0.03203125
0 0.94609375 0.64765625 0.03515625 0.03046875
1 0.4203125 0.21875 0.03671875 0.02890625
1 0.571875 0.13359375 0.0328125 0.03515625
1 0.18046875 0.28671875 0.040625 0.02890625
0 0.06484375 0.90390625 0.0375 0.03046875
0 0.29687500000000006 0.209375 0.0359375 0.03203125
1 0.7734375 0.4109375 0.03671875 0.028125
0 0.53671875 0.27421875 0.0375 0.02890625
0 0.18125 0.70078125 0.0390625 0.03046875
0 0.06484375 0.8453125 0.03828125 0.03046875
0 0.30234375 0.86953125 0.03828125 0.02890625
1 0.65546875 0.53828125 0.0375 0.02578125
0 0.9421875 0.384375 0.03828125 0.03046875
1 0.09765624999999999 0.43359375 0.0359375 0.0296875
1 0.8109375 0.23906250000000004 0.03671875 0.0296875
0 0.0640625 0.49375 0.0390625 0.0328125
1 0.89296875 0.3515625 0.0390625 0.03203125
1 0.42421875 0.809375 0.03671875 0.03046875
1 0.22187499999999996 0.70234375 0.03671875 0.03203125
1 0.8109375 0.21171875 0.0375 0.02890625
0 0.22265625 0.6703125 0.03828125 0.0296875
1 0.89296875 0.21015625 0.040625 0.0296875
0 0.8921875 0.7625 0.0375 0.03046875
1 0.4171875 0.24687500000000004 0.03671875 0.0296875
1 0.69140625 0.2703125 0.034375 0.02890625
0 0.7734375 0.44140625 0.0375 0.02890625
1 0.41796875 0.35859375 0.03828125 0.0296875
0 0.42578125 0.9265625 0.0359375 0.02890625
1 0.10234375 0.52109375 0.0375 0.03046875
1 0.690625 0.29765625 0.03515625 0.02890625
1 0.81171875 0.18125 0.0375 0.03046875
1 0.57265625 0.5953125 0.034375 0.02890625
0 0.340625 0.8953125 0.0390625 0.03046875
1 0.3390625 0.66953125 0.03515625 0.0296875
1 0.33515625 0.11796875 0.03671875 0.0375
0 0.29765625 0.16171875 0.0359375 0.028125
1 0.8109375 0.2953125 0.03671875 0.03125
1 0.89296875 0.41328125 0.03671875 0.0296875
1 0.53984375 0.79140625 0.03828125 0.03046875
1 0.29609375 0.2578125 0.03828125 0.03046875
0 0.571875 0.21640625 0.03671875 0.0296875
1 0.771875 0.26953125 0.040625 0.0296875
0 0.41796875 0.190625 0.04140625 0.028125
1 0.06015625 0.37734375 0.03828125 0.0296875
0 0.45703125 0.8671875 0.03671875 0.02890625
0 0.18046875 0.31484375 0.040625 0.02890625
0 0.30234375 0.7820312499999998 0.0390625 0.0296875
1 0.6906250000000002 0.53828125 0.03671875 0.02734375
1 0.89140625 0.26796875 0.03828125 0.03046875
1 0.57265625 0.33125 0.03515625 0.02890625
1 0.41640625 0.4203125 0.03984375 0.0296875
1 0.6546875 0.35390625 0.040625 0.03125
0 0.65625 0.7898437499999998 0.03828125 0.0296875
1 0.42109375 0.4789062499999999 0.0390625 0.034375
0 0.8937500000000002 0.61796875 0.03671875 0.03046875
1 0.65625 0.821875 0.03828125 0.03046875
0 0.21875 0.1359375 0.0390625 0.02890625
0 0.9453125 0.6171875 0.03671875 0.03203125
0 0.18203125 0.84140625 0.0390625 0.03203125
1 0.21875 0.5203125 0.03671875 0.03203125
1 0.45546875 0.41953125 0.0359375 0.0296875
1 0.18203125 0.875 0.0390625 0.03046875
1 0.8953124999999998 0.70546875 0.0375 0.03046875
0 0.9453125 0.559375 0.0375 0.03046875
0 0.42421875 0.8671875 0.03671875 0.0296875
1 0.53671875 0.12109375 0.03515625 0.03828125
1 0.103125 0.87578125 0.03828125 0.03046875
1 0.1796875 0.26015625 0.040625 0.03046875
1 0.6953125 0.7328125 0.0359375 0.02890625
0 0.8125 0.6765625 0.0390625 0.02890625
1 0.8125 0.7328125 0.0375 0.03125
0 0.53984375 0.6796875 0.0375 0.03046875
0 0.8140625 0.81953125 0.03671875 0.028125
1 0.7960937500000002 0.6171875000000001 0.06796875 0.0328125
1 0.1734375 0.16953125 0.0453125 0.03125
0 0.69609375 0.8203125 0.03828125 0.0296875
1 0.7734375 0.465625 0.03828125 0.03046875
1 0.69375 0.18046875 0.040625 0.0328125
0 0.18125 0.815625 0.0375 0.0296875
1 0.4546875000000001 0.359375 0.0359375 0.028125
0 0.34140625 0.8125 0.03828125 0.03125
1 0.77578125 0.7890625 0.0390625 0.03203125
1 0.5734375 0.678125 0.03515625 0.02890625
1 0.45625 0.446875 0.03671875 0.03046875
0 0.3 0.640625 0.03984375 0.03046875
0 0.06484375 0.81875 0.0375 0.0296875
1 0.2171875 0.45703125 0.034375 0.02890625
1 0.54140625 0.821875 0.0375 0.028125
1 0.065625 0.9656249999999998 0.0375 0.0296875
1 0.33515625 0.51640625 0.0375 0.03203125
0 0.22109375 0.7859374999999998 0.03828125 0.0296875
0 0.65625 0.7624999999999998 0.0375 0.0296875
1 0.3359375 0.3109375 0.0359375 0.02890625
1 0.66015625 0.7078124999999998 0.04140625 0.0296875
1 0.53828125 0.30078125 0.03671875 0.02890625
0 0.89140625 0.440625 0.03671875 0.02890625
0 0.42265625 0.75390625 0.03671875 0.0296875
1 0.93984375 0.3546875 0.0390625 0.03125
1 0.33515625 0.2546875 0.0375 0.03046875
1 0.453125 0.24765625 0.03671875 0.03125
0 0.22265625 0.8734375 0.03828125 0.0296875
1 0.771875 0.23984375 0.040625 0.0296875
0 0.0609375 0.434375 0.03828125 0.02890625
0 0.0625 0.52265625 0.0390625 0.03046875
1 0.77109375 0.1546875 0.03671875 0.02890625
0 0.81015625 0.35390625 0.0375 0.02890625
1 0.53828125 0.33125 0.0375 0.0296875
1 0.09609375 0.1640625 0.04140625 0.03203125
1 0.8914062499999998 0.4664062500000001 0.0375 0.03203125
0 0.33984375 0.78125 0.03671875 0.0296875
1 0.45703125 0.80859375 0.0375 0.03125
1 0.4203125 0.61171875 0.0375 0.0265625
1 0.2984375 0.6132812500000001 0.03984375 0.02890625
1 0.45234375 0.190625 0.0328125 0.02734375
0 0.22109375 0.7273437499999998 0.0375 0.0296875
0 0.184375 0.9578125 0.0390625 0.02890625
1 0.575 0.8234375 0.0359375 0.028125
1 0.33984375 0.725 0.03828125 0.0296875
1 0.45390625 0.16484375 0.03359375 0.02734375
1 0.7734375 0.73125 0.03984375 0.03046875
0 0.8140625 0.790625 0.0375 0.03046875
1 0.175 0.13671875 0.0421875 0.0296875
0 0.9453125 0.67578125 0.03515625 0.03125
1 0.3015625 0.75625 0.0359375 0.0296875
1 0.8937500000000002 0.15 0.040625 0.02734375
1 0.8937500000000002 0.23828125 0.040625 0.0296875
1 0.540625 0.5390625000000001 0.0390625 0.02890625
1 0.57109375 0.3015625 0.0359375 0.02890625
1 0.45703125 0.8375 0.03671875 0.02890625
1 0.6546875 0.27109375 0.0390625 0.02890625
1 0.940625 0.32578125 0.03984375 0.02890625
1 0.22265625 0.84375 0.03828125 0.03046875
0 0.3390625 0.7531250000000002 0.0375 0.02890625
1 0.5703125000000001 0.2734375 0.03671875 0.03125
1 0.65546875 0.3875 0.04296875 0.03046875
0 0.89140625 0.3265625 0.03984375 0.03046875
0 0.5742187499999999 0.6210937500000001 0.0375 0.02890625
0 0.22187499999999996 0.64375 0.03671875 0.03046875
1 0.45234375 0.21875 0.0328125 0.02890625
1 0.41796875 0.27734375 0.034375 0.02734375
0 0.94609375 0.534375 0.03828125 0.02890625
0 0.22109375 0.4015625 0.0390625 0.02890625
0 0.5390625 0.765625 0.0390625 0.02890625
1 0.2203125 0.2875 0.0375 0.0296875
1 0.5765625 0.79296875 0.0375 0.028125
1 0.8140625 0.4703125 0.0375 0.0296875
0 0.065625 0.878125 0.0375 0.0296875
1 0.21875 0.31484375 0.0359375 0.0296875
1 0.53828125 0.35625 0.03671875 0.028125
1 0.5390625 0.621875 0.03984375 0.02890625
1 0.69296875 0.7640625 0.0375 0.02890625
0 0.6953125 0.4437499999999999 0.03671875 0.03046875
1 0.5375 0.17265625 0.03828125 0.03671875
1 0.42265625 0.69765625 0.0390625 0.02890625
0 0.81171875 0.4109375 0.0375 0.0296875
1 0.6953125 0.5625 0.0375 0.03046875
0 0.18046875000000004 0.61484375 0.0375 0.028125
0 0.9453125 0.5875 0.0375 0.0296875
1 0.29687500000000006 0.48828125 0.03984375 0.0296875
1 0.69453125 0.78984375 0.0359375 0.02890625
0 0.42421875 0.77890625 0.0375 0.0296875
1 0.30234375 0.9835937500000002 0.0421875 0.0328125
1 0.45546875 0.5453125 0.03515625 0.03359375
1 0.45625 0.6960937499999998 0.03515625 0.0296875
1 0.10390625 0.96171875 0.0390625 0.03125
1 0.53984375 0.6515625 0.03828125 0.0296875
1 0.6921875 0.240625 0.03515625 0.02890625
1 0.5390624999999999 0.44609375 0.0375 0.02890625
1 0.94453125 0.7640625 0.0359375 0.03046875
1 0.2984375 0.340625 0.03828125 0.02734375
0 0.45625 0.77890625 0.03671875 0.0296875
1 0.4203125 0.3328125 0.03671875 0.02734375
0 0.94609375 0.790625 0.034375 0.02890625
1 0.775 0.5890625 0.0375 0.03046875
0 0.77421875 0.70546875 0.0390625 0.02890625
1 0.5734375 0.65234375 0.03671875 0.02890625
1 0.3015625 0.928125 0.0359375 0.02890625
1 0.3359375 0.48828125 0.0359375 0.03125
1 0.771875 0.296875 0.04140625 0.0296875
0 0.53984375 0.7359375 0.03828125 0.03046875
1 0.29609375 0.45546875 0.0390625 0.03125
1 0.65546875 0.24140624999999996 0.0359375 0.02890625
1 0.3359375 0.3414062500000001 0.034375 0.028125
0 0.8132812499999998 0.70703125 0.0375 0.0296875
0 0.3015625 0.953125 0.03984375 0.028125
0 0.7742187499999998 0.6765625 0.0375 0.028125
1 0.33515625 0.1640625 0.0390625 0.03984375
1 0.18359375 0.93203125 0.0375 0.028125
0 0.89296875 0.6765625 0.03671875 0.02890625
1 0.221875 0.81640625 0.0375 0.0296875
0 0.8890625 0.2953125 0.040625 0.03125
1 0.29765625 0.4296875 0.03671875 0.028125
1 0.303125 0.72578125 0.03515625 0.03046875
1 0.69296875 0.32890625 0.03359375 0.028125
1 0.57265625 0.53984375 0.0328125 0.02734375
0 0.09921875 0.2625 0.03671875 0.02890625
1 0.653125 0.18203125 0.0390625 0.0328125
1 0.4203125 0.390625 0.0390625 0.02890625
0 0.06484375 0.9890625 0.0390625 0.02109375
1 0.421875 0.54453125 0.040625 0.03203125
1 0.1015625 0.7875 0.03671875 0.03046875
1 0.94296875 0.440625 0.03671875 0.02890625
1 0.3359375 0.4554687499999999 0.0375 0.03046875
1 0.6953125 0.38515625 0.0375 0.028125
1 0.5765625 0.76640625 0.0375 0.02890625
0 0.6546875 0.328125 0.040625 0.02890625
1 0.45625 0.38984375 0.03671875 0.028125
1 0.9359375 0.265625 0.03828125 0.0296875
1 0.5703124999999999 0.359375 0.03359375 0.02734375
1 0.42265625 0.725 0.03828125 0.03046875
1 0.30078125000000006 0.840625 0.03984375 0.03125
1 0.6890625 0.1546875 0.0359375 0.02578125
1 0.6578125 0.6765624999999998 0.03828125 0.0296875
1 0.45546875 0.6375 0.03671875 0.02890625
1 0.33984375 0.953125 0.03515625 0.0296875
1 0.453125 0.33203125 0.034375 0.028125
1 0.65703125 0.415625 0.03984375 0.0296875
1 0.57265625 0.565625 0.0328125 0.02890625
0 0.09921875 0.13828125 0.03828125 0.0296875
1 0.6921875 0.21484375 0.03515625 0.02890625
0 0.9460937499999998 0.73203125 0.03359375 0.03046875
1 0.6945312500000002 0.6203125 0.0328125 0.02890625
0 0.53828125 0.70859375 0.03515625 0.02734375
1 0.5390624999999999 0.47265625 0.0375 0.0296875
1 0.8109375 0.3265625 0.03671875 0.02890625
0 0.94609375 0.70546875 0.034375 0.03046875
1 0.66171875 0.61953125 0.04140625 0.0296875
1 0.771875 0.35234375 0.0390625 0.0296875
1 0.57109375 0.7078124999999998 0.03828125 0.0296875
1 0.5390625 0.5953125 0.03828125 0.03046875
1 0.5390625 0.56640625 0.0390625 0.028125
1 0.66015625 0.5937499999999999 0.0390625 0.0296875
1 0.4234375 0.953125 0.034375 0.03046875
1 0.53828125 0.41875 0.03359375 0.02734375
1 0.22109375 0.93125 0.034375 0.02890625
0 0.89375 0.7898437499999998 0.0390625 0.0296875
1 0.421875 0.66796875 0.03828125 0.0296875
0 0.3414062500000001 0.9265624999999998 0.03984375 0.0296875
1 0.221875 0.90078125 0.03515625 0.03046875
1 0.8109375 0.15625 0.03671875 0.028125
1 0.4171875 0.30234375 0.0359375 0.028125
1 0.69140625 0.84765625 0.03984375 0.028125
1 0.6578125 0.5640625 0.0390625 0.0296875
1 0.18437500000000004 0.90078125 0.0375 0.03046875
0 0.3421874999999999 0.83984375 0.03828125 0.03046875
1 0.93984375 0.23828125 0.040625 0.028125
1 0.096875 0.4609375 0.03671875 0.03046875
1 0.57265625 0.4453125 0.03515625 0.0296875
1 0.21796874999999996 0.55078125 0.03671875 0.02734375
1 0.33671875 0.61328125 0.034375 0.028125
1 0.33515625 0.21875 0.03984375 0.0328125
1 0.778125 0.8468750000000002 0.040625 0.02890625
1 0.6578125 0.4421875 0.04140625 0.03125
1 0.421875 0.63828125 0.0390625 0.0296875
1 0.21953125 0.615625 0.034375 0.02578125
1 0.65859375 0.65078125 0.03984375 0.02890625
1 0.89140625 0.17734375 0.040625 0.03125
1 0.45625 0.6671875000000002 0.0359375 0.02890625
1 0.2984375 0.4000000000000001 0.0375 0.028125
1 0.06171875000000001 0.31249999999999994 0.0328125 0.034375
1 0.65703125 0.471875 0.04296875 0.03125
1 0.340625 0.9851562499999998 0.03515625 0.0296875
1 0.21953125 0.98671875 0.03515625 0.0265625
1 0.6945312500000002 0.67734375 0.03671875 0.02890625
0 0.946875 0.81953125 0.0328125 0.0296875
1 0.94375 0.46640625 0.03828125 0.03046875
0 0.4578125 0.89140625 0.0359375 0.03046875
0 0.77578125 0.65 0.03828125 0.02890625
1 0.06171875 0.6132812500000001 0.03984375 0.02890625
0 0.8953125 0.8195312500000002 0.0390625 0.02890625
1 0.4515625 0.278125 0.03671875 0.0265625
1 0.33359375 0.54921875 0.0390625 0.028125
1 0.221875 0.96015625 0.034375 0.028125
1 0.42421875 0.98359375 0.03359375 0.03125
1 0.6921875 0.415625 0.03671875 0.0296875
1 0.69375 0.65078125 0.034375 0.02890625
1 0.33359375 0.3984375 0.0359375 0.02734375
1 0.2953125 0.51640625 0.04140625 0.03359375
1 0.33828125 0.64375 0.0359375 0.0296875
0 0.0609375 0.34609375 0.0359375 0.0328125
1 0.571875 0.73515625 0.0390625 0.028125
1 0.453125 0.30234375 0.034375 0.028125
0 0.8109375 0.65 0.03984375 0.03046875
1 0.5703125000000001 0.47578125 0.0328125 0.028125
1 0.29453125 0.55 0.0359375 0.028125
0 0.9390625 0.18359375 0.0375 0.0265625
1 0.096875 0.2296875 0.03828125 0.03203125
0 0.18046875 0.55234375 0.0359375 0.0265625
1 0.7726562500000002 0.3265625 0.040625 0.02890625
1 0.5734375 0.85 0.03671875 0.02890625
1 0.571875 0.41484375 0.03203125 0.02890625
1 0.9445312500000002 0.84765625 0.03671875 0.03046875
1 0.5671875 0.9390625 0.046875 0.03359375
0 0.69453125 0.5937500000000001 0.0359375 0.02890625
1 0.89609375 0.8468750000000002 0.0390625 0.02890625
0 0.296875 0.18125 0.03515625 0.02265625
1 0.6546875 0.21562500000000004 0.03828125 0.0296875
0 0.06328125 0.4625 0.03828125 0.03046875
1 0.65234375 0.153125 0.0421875 0.02890625
