0 0.76953125 0.7093749999999999 0.365625 0.14375
1 0.3984375 0.05859375 0.37109375 0.1171875
0 0.76484375 0.31953125 0.365625 0.17890625
1 0.3984375 0.7101562500000002 0.38125 0.14140625
1 0.76953125 0.56640625 0.37109375 0.159375
1 0.3921875 0.85078125 0.40546875 0.1484375
1 0.384375 0.44765625 0.39453125 0.1484375
1 0.39453125 0.31171875 0.3734375 0.14140625
1 0.7578125 0.175 0.35234375 0.159375
1 0.76953125 0.84375 0.35 0.1390625
0 0.39765625 0.18046875 0.36875 0.1390625
1 0.73671875 0.053125 0.29453125 0.10625
1 0.40390625 0.58125 0.396875 0.11328125
