0 0.40625 0.1828125 0.37265625 0.1421875
0 0.7609375 0.30703125 0.35859375 0.14140625
0 0.76484375 0.7078125 0.3578125 0.13828125
1 0.40234375 0.05625 0.3734375 0.1125
1 0.7703125 0.58125 0.36171875 0.14140625
1 0.3859375 0.8515625 0.40703125 0.1484375
1 0.759375 0.18046875 0.34765625 0.14296875
1 0.76484375 0.84453125 0.3484375 0.13828125
1 0.409375 0.58203125 0.3796875 0.1296875
1 0.40234375 0.7085937500000001 0.390625 0.1375
1 0.40078125 0.31015625 0.3703125 0.13203125
1 0.39296875 0.4453125 0.39765625 0.14609375
1 0.7609375 0.43828125 0.34921875 0.13359375
1 0.74140625 0.053125 0.303125 0.1046875
