1 0.3578125 0.065625 0.384375 0.12578125
1 0.73828125 0.31640625 0.38671875 0.14140625
1 0.34453125 0.4546875 0.39453125 0.1484375
1 0.35390625 0.7156249999999998 0.3921875 0.1390625
1 0.73125 0.57421875 0.36875 0.15703125
1 0.7234375 0.84921875 0.34765625 0.14609375
1 0.3671875 0.3140625 0.35546875 0.1375
1 0.35 0.853125 0.4 0.1484375
0 0.71875 0.71484375 0.35234375 0.14609375
1 0.715625 0.18125 0.34765625 0.14609375
1 0.6921875 0.05546875 0.28984375 0.1109375
0 0.35546875 0.18828125 0.36875 0.14609375
1 0.35859375 0.5820312499999999 0.37421875 0.11953125
1 0.73046875 0.44765625 0.3546875 0.1296875
