0 0.76015625 0.70703125 0.35234375 0.1390625
0 0.75546875 0.309375 0.35234375 0.14609375
1 0.39453125 0.05625 0.37890625 0.1125
1 0.76328125 0.56875 0.36328125 0.14609375
1 0.4 0.571875 0.36328125 0.1390625
1 0.39453125 0.31171875 0.36875 0.14140625
1 0.75546875 0.4359375 0.34765625 0.1375
1 0.39765625 0.70703125 0.37890625 0.1390625
1 0.38828125 0.84921875 0.40234375 0.15078125
1 0.7671875 0.83984375 0.35 0.1390625
1 0.74609375 0.17265625 0.33984375 0.15078125
1 0.73046875 0.05000000000000001 0.29765625 0.09921875
1 0.3765625 0.4421875 0.40546875 0.14609375
0 0.39453125 0.178125 0.36328125 0.14375
