1 0.36953125 0.06328125 0.3765625 0.121875
1 0.7421875 0.5765625 0.36875 0.14375
1 0.765625 0.3140625 0.43125 0.1375
1 0.36875 0.71328125 0.37890625 0.1390625
1 0.7421875 0.84609375 0.35234375 0.1390625
1 0.35625 0.45 0.39765625 0.1484375
1 0.73046875 0.44609375 0.35 0.13515625
1 0.72109375 0.17890625 0.3421875 0.14609375
1 0.37734375 0.3140625 0.35 0.1375
1 0.36328125 0.853125 0.41015625 0.15234375
0 0.73671875 0.7109375 0.35234375 0.1390625
1 0.7 0.05000000000000001 0.284375 0.09921875
0 0.37109375 0.1859375 0.36328125 0.14609375
1 0.37734375 0.5859375000000001 0.3953125 0.1265625
