1 0.36328125 0.06328125 0.384375 0.121875
1 0.7515625 0.3140625 0.4078125 0.1375
1 0.73046875 0.57734375 0.36015625 0.1375
1 0.35625 0.7109375 0.39765625 0.1390625
1 0.35390625 0.45 0.38671875 0.1484375
1 0.73125 0.84765625 0.34765625 0.14140625
1 0.725 0.44609375 0.35 0.13515625
1 0.34375 0.85078125 0.4234375 0.15703125
1 0.37265625 0.3140625 0.35546875 0.1375
1 0.71875 0.17890625 0.3421875 0.14609375
0 0.72734375 0.7125 0.35546875 0.1375
1 0.7015625 0.05078125 0.2921875 0.1015625
0 0.36171875 0.1890625 0.365625 0.1484375
1 0.35859375 0.58984375 0.3953125 0.1296875
