1 0.65 0.1859375 0.04375 0.03046875
1 0.78671875 0.29687500000000006 0.07421875 0.0359375
1 0.93671875 0.29296874999999994 0.04296875 0.034375
1 0.1765625 0.2265625 0.04296875 0.03125
1 0.17109375 0.19921875 0.04609375 0.034375
1 0.771875 0.2421875 0.03828125 0.03515625
1 0.89375 0.3515625 0.04140625 0.03203125
1 0.17734375 0.25703125 0.040625 0.03359375
1 0.8890625 0.29375 0.0390625 0.03125
1 0.66796875 0.29921875 0.07109375 0.034375
0 0.7734375 0.5609375 0.03984375 0.03203125
1 0.8921875 0.41015625 0.03671875 0.03515625
0 0.89140625 0.3234375 0.03984375 0.03359375
1 0.5359375 0.33046875 0.03828125 0.03359375
1 0.77109375 0.18125 0.03828125 0.03046875
1 0.890625 0.20703125 0.04140625 0.03125
1 0.8914062499999998 0.23828125 0.0375 0.03203125
1 0.09375 0.20078125 0.03515625 0.0328125
1 0.0890625 0.16796875 0.04453125 0.034375
1 0.8914062499999998 0.46796875 0.0375 0.0359375
0 0.8921875 0.38046875 0.04140625 0.03125
1 0.453125 0.21875 0.03671875 0.02890625
1 0.5328125 0.24375 0.03828125 0.03125
1 0.2140625 0.165625 0.0421875 0.034375
1 0.41484375 0.41875 0.0421875 0.03125
1 0.9382812499999998 0.353125 0.04140625 0.03359375
1 0.4164062499999999 0.5109375 0.03828125 0.0359375
1 0.65546875 0.4429687500000001 0.04375 0.03203125
1 0.19375 0.28671875 0.06953125 0.03359375
1 0.21328125 0.34453125 0.04296875 0.03203125
0 0.21640625 0.3734375 0.040625 0.03359375
1 0.53671875 0.1734375 0.03828125 0.03671875
1 0.9375 0.21015625 0.04296875 0.03359375
0 0.7703125 0.21015625 0.03984375 0.03125
1 0.53515625 0.11953125 0.03984375 0.03984375
1 0.6515625 0.38515625 0.0421875 0.03359375
1 0.6703125 0.23984375 0.06796875 0.0296875
1 0.7742187499999998 0.46796875 0.0375 0.03203125
1 0.57265625 0.24296875 0.03828125 0.03046875
1 0.4171875 0.3609375000000001 0.03671875 0.03203125
1 0.65234375 0.4734375 0.04453125 0.03359375
1 0.4554687499999999 0.246875 0.03828125 0.03203125
0 0.05859375 0.40546875 0.040625 0.03125
1 0.1796875 0.4906249999999999 0.04140625 0.03828125
1 0.41796875 0.64140625 0.0390625 0.02890625
0 0.21484375 0.19765625 0.04140625 0.03203125
1 0.45390625 0.33046875 0.0359375 0.0296875
1 0.65703125 0.81953125 0.03984375 0.03203125
1 0.43203125 0.30390625 0.07109375 0.03046875
0 0.4156250000000001 0.4484375 0.03984375 0.03359375
1 0.5359375 0.5664062499999999 0.0390625 0.03359375
1 0.7734375 0.73203125 0.03984375 0.03359375
1 0.41796875 0.2484375 0.03359375 0.03125
1 0.17109375 0.16953125 0.04375 0.03125
1 0.17109375 0.13828125 0.04453125 0.03046875
1 0.1765625 0.4328125 0.03984375 0.03203125
1 0.7921875000000002 0.84765625 0.06796875 0.0359375
1 0.31484375 0.340625 0.06953125 0.03203125
1 0.77109375 0.353125 0.04140625 0.03125
1 0.57265625 0.13046875 0.03515625 0.03671875
1 0.07734375 0.46328125 0.07265625 0.03203125
1 0.7734375 0.4109375 0.0390625 0.03203125
1 0.53515625 0.21328125 0.03984375 0.03203125
1 0.18125 0.64375 0.0390625 0.03359375
1 0.09453125 0.23125 0.04296875 0.034375
1 0.0578125 0.37578125 0.03984375 0.03359375
1 0.09374999999999999 0.2859375 0.03984375 0.03828125
1 0.21328125 0.228125 0.03828125 0.03125
1 0.94140625 0.46640625 0.04296875 0.03359375
0 0.534375 0.2734375 0.03671875 0.03359375
1 0.8921875 0.58828125 0.03515625 0.034375
1 0.17890625 0.37421875 0.03828125 0.034375
1 0.4171875 0.47734375 0.03828125 0.0359375
0 0.7734375 0.76015625 0.0390625 0.03125
1 0.4546875 0.4789062499999999 0.03671875 0.034375
0 0.94140625 0.38125 0.03828125 0.03203125
1 0.89765625 0.84609375 0.04296875 0.03359375
1 0.89296875 0.53046875 0.0375 0.03359375
1 0.4546875000000001 0.3890625 0.0359375 0.03125
1 0.53671875 0.47421875 0.03828125 0.03046875
1 0.0578125 0.52734375 0.04140625 0.03203125
0 0.059375 0.49453125 0.04140625 0.03203125
0 0.89296875 0.61796875 0.0359375 0.03203125
1 0.29375 0.25546875 0.03828125 0.03125
1 0.33046875 0.39921875 0.03828125 0.03203125
1 0.5390624999999999 0.79375 0.0375 0.03125
1 0.69453125 0.44140625 0.0390625 0.03359375
1 0.771875 0.15078125 0.03671875 0.03125
1 0.3328125 0.16796875 0.03671875 0.04140625
1 0.4125 0.1609375 0.04296875 0.03203125
0 0.89375 0.7609375 0.03828125 0.034375
0 0.571875 0.18359375 0.03359375 0.034375
0 0.42109375 0.840625 0.03828125 0.03203125
1 0.41484375 0.18984375 0.03828125 0.03125
1 0.5765625 0.8234375 0.0375 0.03125
0 0.8921875 0.43828125 0.0390625 0.03203125
1 0.6921875 0.84921875 0.0390625 0.03203125
1 0.67421875 0.76171875 0.07265625 0.03359375
1 0.33203125 0.11953125000000002 0.03828125 0.034375
1 0.45078125 0.16171875 0.03515625 0.03125
1 0.81171875 0.73203125 0.0375 0.0296875
1 0.53359375 0.6234375 0.04375 0.03359375
1 0.69296875 0.56328125 0.03671875 0.0359375
1 0.65625 0.53671875 0.03828125 0.0296875
1 0.77421875 0.590625 0.03828125 0.03203125
0 0.18125 0.52421875 0.03828125 0.0359375
1 0.4171875 0.54453125 0.03828125 0.0359375
1 0.81015625 0.5609375 0.03671875 0.0359375
1 0.65546875 0.678125 0.04140625 0.03359375
0 0.9406250000000002 0.18203125 0.040625 0.028125
1 0.65703125 0.59140625 0.0375 0.03359375
1 0.421875 0.81015625 0.03828125 0.03359375
1 0.5765625 0.70703125 0.0390625 0.03125
1 0.2953125 0.428125 0.0390625 0.03125
1 0.7734375 0.53203125 0.0390625 0.03125
1 0.41953125 0.696875 0.0375 0.02890625
1 0.09296875 0.37578125 0.0328125 0.03359375
0 0.7742187499999998 0.64765625 0.0375 0.03203125
0 0.1828125 0.7890625 0.03984375 0.03125
0 0.17734375 0.40390625 0.0375 0.03046875
0 0.81171875 0.7609375 0.0390625 0.03203125
0 0.2953125 0.20859375 0.0390625 0.034375
0 0.178125 0.46015625 0.03984375 0.03125
1 0.69453125 0.4734375 0.03828125 0.03359375
1 0.29375 0.10703125 0.03671875 0.03515625
0 0.80703125 0.4109375 0.03828125 0.03203125
1 0.090625 0.43203125 0.0421875 0.03359375
0 0.89296875 0.5609375 0.03671875 0.03203125
0 0.57578125 0.6234375 0.040625 0.03125
1 0.94375 0.76171875 0.0359375 0.03359375
1 0.29765625 0.3109375 0.03671875 0.03125
0 0.29609375 0.2859375 0.03984375 0.03203125
0 0.77109375 0.440625 0.03984375 0.03046875
1 0.5734375 0.44609375 0.03671875 0.03125
1 0.53671875 0.4156250000000001 0.03828125 0.03203125
1 0.575 0.765625 0.03828125 0.02890625
1 0.3328125 0.21640625 0.03828125 0.03671875
1 0.45546875 0.54609375 0.03515625 0.03515625
1 0.94375 0.84765625 0.04140625 0.034375
1 0.79296875 0.61796875 0.06953125 0.03203125
1 0.3359375 0.5515625 0.0359375 0.03125
1 0.80703125 0.18046875000000004 0.03828125 0.0296875
1 0.45078125 0.190625 0.03125 0.0265625
1 0.575 0.565625 0.0359375 0.0296875
0 0.81015625 0.59140625 0.03671875 0.03359375
1 0.88984375 0.14609375 0.0390625 0.03125
1 0.6921874999999998 0.6210937499999999 0.03359375 0.03359375
0 0.2953125 0.51953125 0.03984375 0.034375
1 0.33515625 0.45703125 0.0359375 0.03359375
1 0.69140625 0.678125 0.03203125 0.03359375
0 0.21640625 0.13515625 0.040625 0.0296875
0 0.09609375000000002 0.3484375 0.03828125 0.0328125
0 0.09453125 0.31875 0.0390625 0.03125
0 0.29921875 0.64296875 0.04296875 0.03203125
1 0.7734375 0.790625 0.0390625 0.034375
1 0.575 0.65234375 0.03671875 0.03125
1 0.33125 0.25234375 0.03828125 0.034375
0 0.5359375 0.73671875 0.0375 0.03359375
0 0.5351562499999999 0.709375 0.04140625 0.028125
0 0.53671875 0.6804687499999998 0.04296875 0.0296875
1 0.45703125 0.83828125 0.03828125 0.034375
1 0.890625 0.26640625 0.03828125 0.02578125
1 0.45390625 0.41875 0.03671875 0.03125
1 0.334375 0.51796875 0.0359375 0.034375
0 0.8937500000000002 0.67421875 0.03671875 0.034375
1 0.3375 0.615625 0.0359375 0.02734375
1 0.9375 0.240625 0.0390625 0.02890625
1 0.8937500000000002 0.70390625 0.03671875 0.03203125
1 0.3390625 0.86953125 0.0375 0.03046875
0 0.18125 0.31640625 0.04453125 0.0296875
1 0.8078125 0.153125 0.0359375 0.028125
0 0.65859375 0.790625 0.04296875 0.02890625
1 0.575 0.6796875 0.03671875 0.03046875
1 0.18046875 0.73203125 0.03984375 0.03359375
0 0.5390625 0.765625 0.0390625 0.02890625
1 0.42265625 0.95390625 0.03671875 0.03046875
0 0.571875 0.215625 0.0359375 0.03046875
1 0.571875 0.47421875 0.03359375 0.02890625
0 0.3 0.69921875 0.03828125 0.03203125
1 0.5765625 0.853125 0.0359375 0.03359375
0 0.340625 0.8984375 0.03984375 0.03125
1 0.6921875 0.35625 0.03515625 0.02734375
1 0.21484375 0.52265625 0.03359375 0.034375
1 0.30078124999999994 0.984375 0.03828125 0.02890625
1 0.41953125 0.98203125 0.03671875 0.0296875
0 0.1828125 0.703125 0.0359375 0.03046875
0 0.45703125 0.78046875 0.03828125 0.03125
0 0.06171875 0.84921875 0.03828125 0.0359375
1 0.29765625 0.5515625 0.0390625 0.028125
0 0.80703125 0.353125 0.0375 0.03125
0 0.8109375 0.67578125 0.0390625 0.03359375
1 0.07734375 0.6140625 0.07578125 0.0390625
1 0.57265625 0.59453125 0.03125 0.03203125
0 0.21328125 0.490625 0.0265625 0.0359375
1 0.57265625 0.27265625 0.0375 0.03203125
0 0.94453125 0.78984375 0.03828125 0.03125
0 0.69453125 0.59296875 0.03984375 0.03203125
0 0.4203125 0.78046875 0.03984375 0.03125
1 0.5359375 0.35859375 0.0375 0.028125
1 0.18203125 0.93359375 0.0375 0.03203125
1 0.45625 0.51171875 0.03828125 0.03515625
1 0.06171875 0.93828125 0.0375 0.03203125
1 0.30078125 0.81171875 0.0375 0.03125
1 0.3234375 0.28359375 0.0515625 0.03203125
0 0.7734375 0.70390625 0.0390625 0.03046875
0 0.2953125 0.1609375 0.03984375 0.02890625
0 0.94375 0.61640625 0.0359375 0.03359375
1 0.33671875 0.67109375 0.03671875 0.03125
0 0.65234375 0.32734375 0.040625 0.0296875
1 0.2171875 0.93359375 0.03515625 0.03203125
0 0.059375 0.43515625 0.0390625 0.03125
0 0.09453125 0.40625 0.0375 0.0359375
0 0.09453125 0.26171875 0.03984375 0.03359375
1 0.21328125 0.4585937500000001 0.03359375 0.03203125
0 0.3 0.87109375 0.0390625 0.03359375
0 0.77578125 0.81875 0.04296875 0.03125
0 0.178125 0.55390625 0.0421875 0.03203125
0 0.06093749999999999 0.90859375 0.03671875 0.03203125
1 0.6484375 0.14921875 0.04609375 0.02890625
0 0.94140625 0.41328125 0.03828125 0.034375
0 0.30078125 0.7859375 0.0390625 0.03203125
1 0.4234375 0.89765625 0.03828125 0.034375
1 0.18203125 0.8765625 0.04140625 0.03203125
1 0.21875 0.75859375 0.0359375 0.03046875
1 0.05859375 0.31328125 0.034375 0.0359375
0 0.0578125 0.346875 0.03671875 0.034375
1 0.2203125 0.9875000000000002 0.03671875 0.025
0 0.8953124999999998 0.81796875 0.04140625 0.03046875
1 0.29921875 0.67109375 0.0390625 0.03359375
1 0.53671875 0.2984375 0.03828125 0.03125
0 0.18359375 0.98828125 0.0375 0.0203125
0 0.1828125 0.9625 0.0359375 0.02890625
1 0.3015625 0.90078125 0.0421875 0.040625
1 0.33828125 0.728125 0.03359375 0.03359375
1 0.3015625 0.48828125 0.04765625 0.03046875
0 0.09375 0.13671875 0.0375 0.028125
0 0.8078125 0.26640625 0.03515625 0.03125
1 0.33671875 0.95703125 0.03828125 0.0296875
0 0.94375 0.53046875 0.03984375 0.03125
0 0.4578125 0.86640625 0.0390625 0.03125
0 0.94453125 0.67421875 0.03359375 0.03203125
0 0.33828125 0.784375 0.03984375 0.03125
0 0.1015625 0.9375 0.03828125 0.03203125
1 0.3015625 0.7578125 0.03828125 0.0296875
1 0.30078125 0.728125 0.03671875 0.03359375
1 0.1 0.96796875 0.0375 0.0296875
1 0.65703125 0.63515625 0.03671875 0.0390625
0 0.65625 0.73203125 0.0390625 0.0328125
1 0.6578125 0.70859375 0.04296875 0.034375
0 0.29453125 0.13046875 0.03828125 0.021875
0 0.8109375 0.79140625 0.03984375 0.03125
0 0.21796875 0.64375 0.03984375 0.03125
0 0.33984375 0.928125 0.03515625 0.03125
0 0.3359375 0.6984375 0.03359375 0.03359375
0 0.4234375 0.92578125 0.0375 0.03125
0 0.21875 0.675 0.03671875 0.03359375
1 0.096875 0.91015625 0.03671875 0.03125
1 0.21796874999999996 0.61640625 0.0328125 0.028125
1 0.30078125 0.84296875 0.0390625 0.03203125
1 0.21640625 0.259375 0.0375 0.028125
1 0.21796875 0.31640625 0.03515625 0.02734375
1 0.17890625 0.34453125 0.03828125 0.025
0 0.21640625 0.403125 0.03828125 0.028125
1 0.21640625 0.4328125 0.03828125 0.028125
1 0.21796875 0.55390625 0.03828125 0.02421875
1 0.33515625 0.3140625 0.0390625 0.025
1 0.2984375 0.4 0.0375 0.025
1 0.3359375 0.42890625 0.0390625 0.02265625
1 0.3375 0.48984375 0.0328125 0.02734375
1 0.33828125 0.64375 0.03515625 0.02265625
0 0.21796875 0.73125 0.0375 0.03125
1 0.21953125 0.7046875 0.0359375 0.0265625
1 0.18125 0.67578125 0.0390625 0.02578125
1 0.21953125 0.84609375 0.034375 0.028125
1 0.2203125 0.9046875 0.03671875 0.02265625
1 0.2203125 0.9640625 0.0359375 0.02578125
1 0.0984375 0.79375 0.03671875 0.0265625
1 0.10078125 0.88125 0.0375 0.02734375
1 0.1828125 0.90703125 0.0390625 0.02890625
1 0.0984375 0.98984375 0.0375 0.0203125
0 0.06171875 0.990625 0.03828125 0.01875
1 0.06171875 0.96640625 0.0375 0.02109375
0 0.0984375 0.85078125 0.0375 0.03125
0 0.0984375 0.82109375 0.03671875 0.0265625
0 0.06171875000000001 0.821875 0.03671875 0.028125
0 0.06171875 0.87890625 0.0390625 0.02578125
0 0.18203125 0.76171875 0.03828125 0.02890625
0 0.21953125 0.78828125 0.03828125 0.028125
1 0.21953125 0.81875 0.03828125 0.02578125
0 0.18125 0.81953125 0.03828125 0.0265625
0 0.18203125 0.8484374999999998 0.0359375 0.02578125
0 0.21953125 0.8765625 0.03515625 0.02734375
0 0.30234375 0.95703125 0.040625 0.028125
1 0.340625 0.9859375 0.034375 0.02578125
1 0.3015625 0.93125 0.04140625 0.021875
0 0.33984375 0.8421875 0.03515625 0.028125
0 0.3390625 0.815625 0.03671875 0.02734375
0 0.33828125 0.75703125 0.03671875 0.028125
0 0.4203125 0.75390625 0.03671875 0.02890625
1 0.2984375 0.61484375 0.0390625 0.028125
1 0.29765625 0.4578125 0.03984375 0.03046875
1 0.415625 0.21796875 0.03828125 0.02421875
1 0.45390625 0.27578125 0.0359375 0.0265625
1 0.4164062499999999 0.2765625 0.03828125 0.025
1 0.4171875 0.33359375 0.03828125 0.02734375
1 0.45390625 0.36171875 0.03671875 0.0296875
1 0.4171875 0.3890624999999999 0.03671875 0.0265625
1 0.45546875 0.4484375 0.03671875 0.02890625
1 0.45625 0.63984375 0.0359375 0.028125
1 0.45546875 0.6132812500000001 0.0359375 0.025
1 0.41875 0.6132812500000001 0.0375 0.025
1 0.45625 0.6687499999999998 0.0359375 0.02578125
1 0.4203125 0.6703125 0.0375 0.02890625
1 0.45703125 0.696875 0.0375 0.02734375
1 0.45703125 0.7257812500000002 0.0375 0.02890625
1 0.41953125 0.725 0.03671875 0.02890625
1 0.4578125 0.8117187500000002 0.03515625 0.025
0 0.42109375 0.87109375 0.0375 0.028125
0 0.45703125 0.75234375 0.0359375 0.02890625
0 0.4609375 0.89609375 0.0375 0.02734375
1 0.5390625 0.8234375000000002 0.03828125 0.02890625
0 0.53984375 0.85078125 0.0359375 0.0234375
1 0.57734375 0.79375 0.03828125 0.02890625
1 0.5765625 0.73671875 0.0390625 0.03046875
1 0.5375 0.6515625 0.0375 0.025
1 0.57421875 0.53828125 0.0390625 0.02578125
1 0.5359375 0.53828125 0.0390625 0.0265625
1 0.5359375 0.5953125 0.0421875 0.0265625
1 0.5359375 0.4453125 0.03671875 0.028125
1 0.57421875 0.4164062499999999 0.03828125 0.0265625
1 0.57265625 0.35859375 0.0375 0.02421875
1 0.5734375 0.33046875 0.03515625 0.0265625
1 0.57265625 0.30078125 0.03671875 0.0296875
1 0.6921874999999998 0.18359375 0.04140625 0.0296875
1 0.690625 0.15234375000000003 0.034375 0.02578125
1 0.69140625 0.21328125 0.0359375 0.02734375
1 0.65390625 0.2125 0.03671875 0.02890625
1 0.69140625 0.271875 0.03671875 0.0265625
1 0.653125 0.271875 0.03671875 0.02890625
1 0.69296875 0.328125 0.04375 0.02734375
1 0.653125 0.35546875 0.040625 0.028125
1 0.6921874999999998 0.3843750000000001 0.0375 0.028125
1 0.69140625 0.41328125 0.03671875 0.028125
1 0.65390625 0.41484375 0.03984375 0.025
1 0.69453125 0.5375 0.0375 0.02734375
1 0.65703125 0.5640625 0.0375 0.028125
1 0.69375 0.65234375 0.03671875 0.0265625
1 0.69453125 0.73515625 0.0375 0.025
0 0.6945312500000002 0.8195312500000002 0.03671875 0.02890625
1 0.69375 0.79296875 0.034375 0.028125
1 0.65703125 0.85078125 0.03671875 0.0265625
0 0.69453125 0.70546875 0.03359375 0.0265625
0 0.8125 0.7046875 0.03828125 0.02734375
0 0.7742187499999998 0.67734375 0.0375 0.03046875
0 0.8109375 0.6484375 0.03828125 0.02734375
0 0.8125 0.8203125 0.034375 0.0265625
1 0.80859375 0.21171875 0.03984375 0.03125
1 0.8078125000000002 0.2390625 0.040625 0.0265625
1 0.771875 0.2703125 0.03828125 0.02734375
1 0.809375 0.32421875 0.03828125 0.028125
1 0.7703125 0.32578125 0.03828125 0.02734375
1 0.81171875 0.534375 0.0390625 0.03125
0 0.9484375 0.81796875 0.034375 0.02734375
0 0.89375 0.78984375 0.0390625 0.02734375
0 0.9460937499999998 0.7328125 0.03359375 0.0296875
0 0.94765625 0.703125 0.0359375 0.0265625
0 0.89296875 0.7328125 0.0390625 0.03125
0 0.9453125 0.64765625 0.03359375 0.02734375
0 0.89296875 0.646875 0.0375 0.028125
0 0.9453125 0.58984375 0.03515625 0.03046875
0 0.94453125 0.56015625 0.0359375 0.03046875
1 0.8109375 0.43828125 0.04296875 0.025
1 0.8109375 0.46875 0.03671875 0.02578125
1 0.94375 0.440625 0.0375 0.02890625
1 0.9421875 0.325 0.0359375 0.02890625
1 0.9421875 0.26562499999999994 0.03515625 0.0265625
1 0.88984375 0.178125 0.0375 0.0296875
1 0.0984375 0.5265625 0.03828125 0.03359375
0 0.09765625 0.4945312499999999 0.034375 0.03046875
0 0.17890625 0.61796875 0.0390625 0.03046875
