0 0.7671875 0.7109375 0.36015625 0.1390625
1 0.3984375 0.05859375 0.37109375 0.1171875
1 0.765625 0.5742187499999999 0.36328125 0.1390625
1 0.40546875 0.5742187499999999 0.36328125 0.1390625
1 0.39765625 0.709375 0.384375 0.1390625
0 0.75546875 0.3109375 0.35234375 0.14375
1 0.3921875 0.85078125 0.40546875 0.1484375
1 0.4015625 0.31328125 0.365625 0.13046875
1 0.76953125 0.84375 0.35 0.1390625
1 0.75546875 0.44062499999999993 0.33671875 0.1375
1 0.75234375 0.17578125 0.3421875 0.1484375
1 0.37890625 0.44609375 0.415625 0.1390625
1 0.73984375 0.05078125 0.3 0.1015625
0 0.39765625 0.18046875 0.36875 0.1390625
