1 0.40390625 0.05859375 0.38125 0.1171875
0 0.765625 0.315625 0.35234375 0.14375
0 0.77109375 0.7125 0.35234375 0.14140625
1 0.77109375 0.5742187499999999 0.3578125 0.1390625
1 0.40390625 0.7125 0.38671875 0.1375
1 0.3921875 0.45 0.39453125 0.1484375
1 0.390625 0.8515625 0.41875 0.15078125
1 0.7765625 0.84375 0.34765625 0.1390625
1 0.76875 0.44062499999999993 0.35234375 0.1375
1 0.76484375 0.178125 0.35 0.14375
1 0.41015625 0.31328125 0.36328125 0.13046875
0 0.4015625 0.18125 0.37109375 0.1375
1 0.74765625 0.05546875 0.3 0.1109375
1 0.409375 0.5796875 0.390625 0.153125
