0 0.5671875 0.77734375 0.12890625 0.08671875
0 0.31484375 0.7984375 0.11171875 0.08359375
1 0.575 0.621875 0.0734375 0.06640625
1 0.0796875 0.78203125 0.1546875 0.14765625
0 0.44609375 0.7859375 0.12109375 0.08671875
0 0.6984375 0.76875 0.140625 0.0890625
0 0.19453125 0.80859375 0.103125 0.084375
0 0.8421875 0.76015625 0.14765625 0.09140625
1 0.50234375 0.6296875 0.07109375 0.06640625
0 0.20234375 0.940625 0.37578125 0.109375
0 0.603125 0.92265625 0.4203125 0.1296875
0 0.43359375 0.646875 0.06953125 0.053125
0 0.9601562500000002 0.74921875 0.0796875 0.0984375
0 0.8921875 0.89921875 0.2015625 0.121875
1 0.64921875 0.615625 0.0671875 0.08125
