1 0.3375 0.3859375 0.07734375 0.078125
0 0.45546875 0.55 0.12734375 0.090625
0 0.05703125 0.5578125 0.11015625 0.09765625
1 0.2625 0.3859375 0.0796875 0.07734375
0 0.32578125 0.55234375 0.13203125 0.08984375
0 0.57890625 0.5484375 0.125 0.08984375
1 0.4164062499999999 0.390625 0.0734375 0.0828125
0 0.1953125 0.55390625 0.13828125 0.09609375
0 0.33671875 0.7 0.4234375 0.121875
0 0.7039062499999998 0.546875 0.11953125 0.08984375
0 0.1828125 0.39609375 0.08515625 0.0609375
1 0.0953125 0.37265625 0.0921875 0.0953125
0 0.82578125 0.546875 0.103125 0.0890625
0 0.7234375 0.68359375 0.36484375 0.10703125
1 0.75234375 0.39453125 0.08203125 0.08125
1 0.0234375 0.371875 0.04609375 0.0984375
0 0.93125 0.54453125 0.1203125 0.07734375
0 0.06640625 0.70703125 0.1296875 0.1296875
1 0.853125 0.39375 0.0875 0.08828125
