0 0.6820312499999999 0.696875 0.1359375 0.0953125
0 0.43125 0.71640625 0.11953125 0.09453125
0 0.553125 0.70703125 0.12734375 0.0859375
1 0.0671875 0.7218750000000002 0.134375 0.15
1 0.56328125 0.55078125 0.0671875 0.065625
0 0.821875 0.68515625 0.14140625 0.09765625
0 0.30625 0.7296875000000002 0.109375 0.0875
1 0.63125 0.5421875 0.07265625 0.06796875
1 0.4921875 0.55859375 0.06875 0.065625
0 0.18125 0.7453125 0.1 0.09296875
0 0.58203125 0.8578125 0.409375 0.12421875
0 0.94375 0.66640625 0.1125 0.10625
0 0.19921875 0.87890625 0.36953125 0.11328125
0 0.42109375 0.571875 0.07109375 0.04921875
0 0.88671875 0.825 0.2234375 0.128125
1 0.3484375 0.56484375 0.07734375 0.08671875
1 0.98046875 0.49609375 0.03828125 0.08671875
