1 0.35078125 0.4453125 0.07890625 0.07578125
0 0.47109375 0.6015625 0.12734375 0.08671875
1 0.2765625 0.4453125 0.07578125 0.075
0 0.2078125 0.60859375 0.13359375 0.0953125
0 0.0671875 0.6125 0.12734375 0.09609375
0 0.3390625 0.6078125 0.1328125 0.084375
0 0.59296875 0.5976562499999999 0.1265625 0.08828125
1 0.4265625 0.44375 0.07109375 0.0796875
0 0.34921875 0.75234375 0.4234375 0.125
0 0.7140625000000002 0.5937500000000001 0.12265625 0.09140625
0 0.196875 0.453125 0.084375 0.0609375
0 0.8445312499999998 0.59375 0.1078125 0.090625
0 0.7390625 0.7328125 0.37890625 0.1125
0 0.9390625 0.59140625 0.09921875 0.0765625
0 0.07109375 0.76328125 0.1421875 0.1265625
1 0.76171875 0.44140625 0.078125 0.0859375
1 0.8578125 0.44609375 0.07578125 0.08515625
1 0.11171875 0.43671875 0.0921875 0.09765625
1 0.0328125 0.434375 0.06328125 0.09453125
