1 0.28984375 0.496875 0.07890625 0.08203125
0 0.2765625 0.6671875 0.13984375 0.09375
0 0.409375 0.65625 0.13125 0.08984375
0 0.53515625 0.64921875 0.12421875 0.0921875
1 0.2125 0.5015625 0.0796875 0.0796875
0 0.1390625 0.6765625 0.140625 0.10078125
1 0.36796875 0.4953125 0.0734375 0.0828125
0 0.65859375 0.640625 0.11953125 0.0859375
0 0.1265625 0.51484375 0.09140625 0.0640625
0 0.665625 0.76484375 0.35859375 0.1125
1 0.0421875 0.49609375 0.084375 0.10234375
0 0.7796875 0.634375 0.09296875 0.08125
0 0.278125 0.8265625 0.44453125 0.14140625
0 0.95703125 0.615625 0.0828125 0.06875
0 0.87421875 0.61953125 0.1046875 0.06953125
0 0.0265625 0.68203125 0.053125 0.10625
1 0.696875 0.484375 0.0765625 0.084375
0 0.91328125 0.75 0.16640625 0.103125
1 0.784375 0.48515625 0.075 0.08125
0 0.04140625 0.85625 0.0828125 0.153125
