0 0.49140625 0.4453125 0.11171875 0.12890625
0 0.42734375 0.671875 0.2390625 0.33359375
0 0.84765625 0.70546875 0.30078125 0.21640625
1 0.684375 0.28125 0.146875 0.0734375
0 0.50546875 0.34609375 0.08203125 0.065625
1 0.20859375 0.30859375 0.16640625 0.08359375
0 0.50625 0.290625 0.071875 0.04296875
0 0.8203125 0.5609375 0.3328125 0.1171875
0 0.7765625000000002 0.4609375 0.2671875 0.07578125
0 0.74296875 0.40390625 0.22734375 0.05703125
0 0.07265625 0.44609375 0.14453125 0.05859375
0 0.1171875 0.39375 0.184375 0.04375
0 0.72109375 0.3578125 0.2109375 0.04140625
0 0.16640625 0.359375 0.17109375 0.0375
0 0.859375 0.896875 0.2765625 0.20078125
0 0.51640625 0.25703125 0.0578125 0.0328125
0 0.69375 0.3265625 0.1640625 0.03203125
