0 0.4375 0.69296875 0.25625 0.40234375
0 0.15859375 0.703125 0.27734375 0.3953125
0 0.67109375 0.67109375 0.2421875 0.390625
1 0.11796875 0.19296875 0.1265625 0.11953125
0 0.34140625 0.21718750000000003 0.1 0.0640625
0 0.234375 0.21796875 0.1140625 0.06484375
0 0.540625 0.2078125 0.10078125 0.06171875
0 0.64296875 0.20234375 0.10546875 0.06171875
0 0.740625 0.196875 0.1046875 0.059375
0 0.4398437499999999 0.2125 0.1046875 0.06015625
0 0.378125 0.1046875 0.07109375 0.046875
1 0.5078125 0.08359375 0.0671875 0.07734375
1 0.44296875 0.08671875 0.065625 0.075
0 0.30625 0.30625 0.3 0.071875
0 0.59296875 0.29375 0.2890625 0.075
1 0.890625 0.59140625 0.21484375 0.4671875
1 0.57109375 0.08125 0.0640625 0.07890625
0 0.24296875 0.11015625 0.0734375 0.04453125
1 0.02734375 0.19453125 0.05390625 0.1234375
1 0.31171875 0.09140625 0.06796875 0.078125
0 0.86328125 0.26875 0.26875 0.0609375
