0 0.51328125 0.73046875 0.12734375 0.0890625
0 0.6390625 0.71796875 0.13203125 0.09453125
0 0.39296875 0.7515625 0.12265625 0.0953125
1 0.446875 0.58359375 0.06796875 0.0671875
0 0.2625 0.7703125 0.11484375 0.0953125
0 0.77421875 0.703125 0.140625 0.09609375
1 0.5203125 0.57421875 0.071875 0.0703125
0 0.12890625 0.78125 0.10546875 0.09765625
1 0.59140625 0.565625 0.0703125 0.0703125
0 0.1765625 0.91953125 0.34296875 0.125
0 0.9125 0.68359375 0.146875 0.10234375
1 0.0421875 0.76015625 0.084375 0.1578125
0 0.53828125 0.88046875 0.409375 0.12421875
0 0.375 0.603125 0.0734375 0.05390625
0 0.865625 0.84140625 0.26875 0.13203125
1 0.30546875 0.5953125 0.07890625 0.0875
1 0.95546875 0.5171875 0.0890625 0.090625
