0 0.60078125 0.5796875 0.125 0.08828125
0 0.48203125 0.58671875 0.1171875 0.08984375
1 0.1125 0.58359375 0.16796875 0.1375
1 0.60546875 0.42109375 0.075 0.0734375
0 0.73359375 0.571875 0.14140625 0.09375
0 0.353125 0.596875 0.10703125 0.090625
1 0.6789062500000002 0.4140625 0.07578125 0.07734375
0 0.878125 0.56484375 0.1484375 0.096875
0 0.2296875 0.6046875 0.1015625 0.08828125
1 0.5359375 0.4296875 0.06953125 0.0703125
0 0.6234375 0.725 0.4140625 0.12265625
0 0.2609375 0.73046875 0.35234375 0.1078125
0 0.46796875 0.44140625 0.0703125 0.05703125
0 0.90546875 0.71015625 0.17578125 0.12734375
1 0.01484375 0.59921875 0.0296875 0.13671875
