1 0.15 0.32421875 0.08046875 0.08046875
0 0.21796875 0.49453125 0.146875 0.09453125
0 0.36015625 0.490625 0.13671875 0.08828125
1 0.23125000000000004 0.321875 0.084375 0.0796875
1 0.31328125 0.321875 0.075 0.07734375
0 0.48359375 0.471875 0.121875 0.08828125
0 0.078125 0.509375 0.14921875 0.10546875
0 0.60234375 0.4640625 0.11640625 0.08359375
0 0.22890625 0.6515625 0.45 0.13125
0 0.7328125 0.4578125 0.09375 0.08046875
0 0.621875 0.6054687499999999 0.34609375 0.115625
0 0.05703125 0.3375 0.090625 0.065625
0 0.81953125 0.45 0.10390625 0.071875
1 0.65 0.3109375 0.0734375 0.0765625
0 0.91640625 0.44296875 0.10078125 0.06640625
1 0.7328125 0.31171875 0.075 0.08046875
0 0.8875 0.56953125 0.2203125 0.10625
1 0.00859375 0.32109375 0.0171875 0.090625
1 0.63046875 0.90859375 0.41953125 0.17109375
