1 0.23828125 0.509375 0.08125 0.08125
0 0.2265625 0.68203125 0.1453125 0.090625
0 0.08515625 0.6890625 0.14765625 0.103125
0 0.36484375 0.66875 0.1328125 0.0921875
0 0.49375 0.66015625 0.1234375 0.08828125
1 0.15390625 0.5171875 0.084375 0.07890625
1 0.32109375 0.509375 0.075 0.0796875
0 0.6078125 0.64921875 0.11484375 0.08671875
0 0.22968749999999996 0.83359375 0.44296875 0.128125
0 0.6171875 0.77578125 0.35078125 0.11484375
0 0.07109375 0.52890625 0.090625 0.0640625
0 0.7296875 0.64453125 0.096875 0.08203125
1 0.64765625 0.49453125 0.071875 0.08359375
0 0.8296875 0.63671875 0.10625 0.0703125
0 0.9171875 0.6296875 0.109375 0.06484375
1 0.73359375 0.49765625 0.07421875 0.07578125
0 0.88828125 0.7429687499999998 0.21953125 0.1078125
1 0.0140625 0.52109375 0.028125 0.0984375
