1 0.446875 0.653125 0.134375 0.12421875
1 0.865625 0.51328125 0.08203125 0.0765625
1 0.953125 0.5109375 0.09296875 0.07890625
0 0.7984375 0.6859375 0.134375 0.0921875
0 0.665625 0.68359375 0.109375 0.08828125
0 0.54921875 0.67578125 0.090625 0.0828125
0 0.93203125 0.69296875 0.1359375 0.0921875
0 0.590625 0.825 0.328125 0.1140625
1 0.3453125000000001 0.6546875 0.07265625 0.1171875
0 0.8671875 0.8484375 0.26171875 0.1203125
1 0.11640625 0.7414062500000002 0.1609375 0.1265625
0 0.3203125 0.7828125 0.21328125 0.10078125
0 0.78359375 0.5312499999999999 0.0734375 0.053125
1 0.703125 0.52421875 0.0828125 0.0875
