0 0.44140625 0.640625 0.25703125 0.39765625
0 0.68359375 0.6265625 0.24453125 0.39296875
1 0.128125 0.13515625 0.12734375 0.12109375
0 0.35078125 0.15546875 0.10234375 0.06875
0 0.5546875 0.15078125 0.10234375 0.0625
0 0.1734375 0.65234375 0.27421875 0.3953125
0 0.2453125 0.15625 0.1140625 0.0671875
0 0.65859375 0.140625 0.11015625 0.06640625
0 0.45234375 0.1515625 0.10703125 0.0625
1 0.52109375 0.0296875 0.065625 0.05859375
0 0.76171875 0.13359375 0.10390625 0.06484375
1 0.03359375 0.13828125 0.0671875 0.121875
1 0.58359375 0.029687499999999995 0.06484375 0.0578125
1 0.45625 0.03125 0.0671875 0.0625
1 0.8984375 0.553125 0.1984375 0.47734375
0 0.390625 0.04453125 0.0734375 0.0484375
0 0.31796875 0.24687500000000004 0.30078125 0.07265625
0 0.60234375 0.23515625 0.2953125 0.075
0 0.2546875 0.0515625 0.07578125 0.04609375
1 0.325 0.034375 0.06953125 0.06796875
0 0.0859375 0.25703125 0.171875 0.0796875
0 0.90234375 0.1296875 0.1578125 0.065625
0 0.8703125 0.2140625 0.25859375 0.0703125
