1 0.57265625 0.48359375 0.07421875 0.06796875
0 0.565625 0.64296875 0.1265625 0.0875
0 0.69765625 0.63671875 0.1375 0.08984375
1 0.503125 0.4921875 0.0703125 0.0671875
0 0.44453125 0.65078125 0.1203125 0.09296875
0 0.31953125 0.6625 0.1078125 0.08828125
1 0.6484375 0.475 0.06953125 0.07421875
1 0.08046875 0.64921875 0.15546875 0.14296875
0 0.8390625 0.6250000000000001 0.1453125 0.0953125
0 0.19453125 0.67109375 0.1 0.090625
0 0.59140625 0.7796875 0.40859375 0.11796875
0 0.4351562500000001 0.50703125 0.07109375 0.05078125
0 0.20625 0.79453125 0.36953125 0.1109375
0 0.8875 0.7625 0.21171875 0.12890625
0 0.95 0.6109375 0.09296875 0.10703125
1 0.36171875 0.5 0.0765625 0.08515625
