0 0.3421875 0.5640625 0.13515625 0.09296875
0 0.215625 0.5671875 0.1359375 0.096875
0 0.47109375 0.56328125 0.125 0.0890625
0 0.07109375 0.571875 0.134375 0.1015625
1 0.3578125 0.4039062500000001 0.078125 0.0828125
0 0.59765625 0.56328125 0.12578125 0.08984375
1 0.434375 0.40234375 0.07109375 0.08515625
1 0.278125 0.4046875 0.0796875 0.08046875
0 0.7203125 0.559375 0.12265625 0.09375
0 0.2015625 0.41328125 0.0859375 0.06484375
0 0.35 0.709375 0.425 0.1296875
0 0.73828125 0.7 0.37578125 0.12578125
0 0.86015625 0.56015625 0.09765625 0.09296875
0 0.0765625 0.7203125 0.153125 0.13125
1 0.11875 0.3875 0.0921875 0.1
1 0.76953125 0.403125 0.0796875 0.0921875
0 0.94453125 0.5578125 0.08984375 0.078125
1 0.04375 0.3882812500000001 0.06171875 0.09453125
0 0.9609375 0.6859375 0.078125 0.1140625
1 0.86875 0.41015625 0.08515625 0.096875
