0 0.64765625 0.28906250000000006 0.08828125 0.07109375
0 0.62578125 0.38671875 0.12265625 0.13125
0 0.90546875 0.5140625 0.18046875 0.1296875
0 0.57578125 0.62265625 0.2484375 0.3375
0 0.89609375 0.41171875 0.203125 0.08125
0 0.65625 0.2296875 0.06875 0.0453125
1 0.8546875000000002 0.2109375 0.16953125 0.0765625
1 0.36015625 0.2546875 0.15390625 0.07734375
0 0.88671875 0.34296875 0.2203125 0.06328125
0 0.925 0.68984375 0.13671875 0.23359375
0 0.2390625 0.38046875 0.13828125 0.05234375
1 0.08984375 0.4984375 0.178125 0.1734375
0 0.278125 0.3390625 0.15625 0.040625
0 0.88203125 0.3 0.21328125 0.04609375
0 0.3203125 0.3015625 0.159375 0.03515625
0 0.87109375 0.25859375 0.19296875 0.0359375
