0 0.64375 0.6671875 0.1328125 0.09609375
0 0.40234375 0.69140625 0.12265625 0.09765625
0 0.52421875 0.6796875 0.1265625 0.09375
1 0.05 0.69296875 0.1 0.1546875
1 0.53046875 0.51796875 0.071875 0.07578125
0 0.7859375 0.6578125 0.140625 0.09765625
1 0.5984375 0.5125 0.071875 0.07890625
1 0.4578125 0.52890625 0.071875 0.0703125
0 0.140625 0.71328125 0.1078125 0.10859375
0 0.2734375 0.7046875 0.1125 0.09921875
0 0.91484375 0.640625 0.13984375 0.109375
0 0.54140625 0.8328125 0.4109375 0.12421875
0 0.3828125 0.54765625 0.075 0.059375
0 0.1734375 0.86015625 0.346875 0.11640625
0 0.86640625 0.7890625 0.26484375 0.1328125
1 0.3140625 0.5390625 0.08125 0.08515625
1 0.96328125 0.4640625 0.0734375 0.0921875
