0 0.6671875000000002 0.61796875 0.13359375 0.1
1 0.06015625 0.66796875 0.1203125 0.1453125
0 0.4171875 0.6453125 0.12421875 0.1015625
0 0.5375 0.6289062500000001 0.125 0.0953125
0 0.7984375 0.59765625 0.14140625 0.10234375
1 0.5453125 0.4703125 0.07109375 0.07734375
0 0.28984375 0.6703125 0.1140625 0.1
1 0.61015625 0.4593749999999999 0.0734375 0.07734375
1 0.471875 0.49140625 0.0734375 0.075
0 0.403125 0.50234375 0.0734375 0.06015625
0 0.928125 0.575 0.1375 0.1109375
0 0.8734375 0.7328125 0.25078125 0.1375
0 0.15859375 0.68203125 0.09921875 0.10390625
0 0.571875 0.7726562500000002 0.41171875 0.1265625
0 0.19453125 0.825 0.36328125 0.11796875
1 0.33125 0.5 0.0765625 0.08359375
