0 0.5265625 0.4875 0.25625 0.40390625
0 0.25546875 0.55546875 0.30625 0.4328125
0 0.1609375 0.0515625 0.11953125 0.071875
0 0.375 0.0296875 0.109375 0.059375
0 0.04921875 0.06015625 0.0984375 0.07578125
0 0.2703125 0.0375 0.11875 0.06875
0 0.48359375 0.02421875 0.1109375 0.04765625
1 0.7609375 0.378125 0.30390625 0.46484375
0 0.43359375 0.1078125 0.309375 0.0875
0 0.59453125 0.01640625 0.11640625 0.03203125
0 0.05625 0.5875 0.1109375 0.43671875
0 0.1484375 0.15 0.2859375 0.10703125
0 0.6984375 0.05859375 0.27421875 0.06640625
