0 0.45703125 0.6390625 0.10546875 0.07578125
0 0.58046875 0.64296875 0.11953125 0.08203125
1 0.23046875 0.59765625 0.1515625 0.128125
0 0.7046875000000001 0.6515625 0.1375 0.08671875
1 0.71484375 0.49453125 0.078125 0.084375
1 0.7921875 0.49609375 0.07734375 0.084375
0 0.853125 0.6578125 0.15234375 0.0875
0 0.34140625 0.6328125 0.096875 0.07734375
1 0.6421875 0.5 0.07109375 0.0734375
1 0.1109375 0.5921875 0.08515625 0.13203125
0 0.73828125 0.78671875 0.44765625 0.1203125
0 0.36328125 0.753125 0.34140625 0.1046875
0 0.5671875 0.509375 0.07734375 0.05
0 0.9625 0.66171875 0.07421875 0.09375
0 0.0984375 0.72265625 0.196875 0.1046875
