0 0.3421875 0.359375 0.1234375 0.10234375
0 0.71953125 0.2625 0.1515625 0.11796875
0 0.5921875 0.3 0.1390625 0.115625
0 0.2265625 0.38828125 0.11953125 0.1046875
1 0.46875 0.3125 0.121875 0.1515625
1 0.12265625 0.371875 0.12421875 0.1578125
0 0.6125 0.46171875 0.40546875 0.17421875
0 0.65390625 0.11328125 0.08359375 0.0640625
1 0.86953125 0.2078125 0.1578125 0.1515625
0 0.50234375 0.15390625 0.07890625 0.05859375
0 0.57578125 0.13515625 0.08125 0.06796875
0 0.43359375 0.17265625 0.0765625 0.05859375
0 0.3609375 0.19375 0.071875 0.0578125
1 0.22421874999999997 0.209375 0.0765625 0.08203125
0 0.29296875000000006 0.2140625 0.0671875 0.05703125
0 0.246875 0.53828125 0.36796875 0.15625
0 0.73203125 0.09140625 0.090625 0.065625
1 0.8140625 0.046875 0.0875 0.09375
0 0.97265625 0.2015625 0.0546875 0.109375
0 0.8921875 0.3890625 0.2125 0.15625
0 0.65625 0.92890625 0.378125 0.1375
1 0.90546875 0.0375 0.08984375 0.0703125
