0 0.2890625 0.6546875 0.13671875 0.090625
1 0.2953125 0.4875 0.08046875 0.0734375
0 0.14609375 0.66328125 0.14140625 0.09921875
0 0.4140625 0.6421875 0.128125 0.08828125
1 0.21875 0.4937500000000001 0.08046875 0.075
0 0.54375 0.628125 0.12265625 0.0875
1 0.37421875 0.48515625 0.07109375 0.07265625
0 0.66328125 0.6140625 0.12265625 0.084375
0 0.30234375 0.79296875 0.42265625 0.13125
0 0.67890625 0.7484375 0.3578125 0.1203125
0 0.03203125 0.67421875 0.0625 0.1
0 0.7875 0.6078125 0.09453125 0.08359375
0 0.13046875 0.50234375 0.08046875 0.05625
1 0.046875 0.496875 0.09375 0.09375
0 0.88203125 0.59609375 0.10546875 0.075
0 0.96640625 0.5890625 0.0671875 0.0671875
1 0.70078125 0.4625 0.071875 0.078125
0 0.04375 0.8453125 0.0875 0.153125
0 0.9234375 0.7156249999999998 0.153125 0.1
