0 0.66953125 0.6953125 0.1359375 0.0984375
1 0.0625 0.7218750000000002 0.125 0.15
0 0.42109375 0.71796875 0.12265625 0.09765625
0 0.54140625 0.70546875 0.1265625 0.0953125
1 0.54921875 0.5468750000000001 0.07265625 0.07578125
0 0.80703125 0.68515625 0.14140625 0.09921875
0 0.29375 0.73125 0.11171875 0.096875
1 0.61640625 0.5390624999999999 0.071875 0.0765625
0 0.1609375 0.74609375 0.10546875 0.10546875
0 0.93125 0.66796875 0.1296875 0.1078125
0 0.56015625 0.86328125 0.409375 0.13125
0 0.1828125 0.88671875 0.365625 0.11953125
0 0.4078125 0.5734375 0.07265625 0.0578125
0 0.87734375 0.8296875 0.2421875 0.1328125
1 0.4749999999999999 0.5578125 0.06953125 0.07109375
1 0.3375 0.565625 0.07734375 0.084375
