0 0.38125 0.40546875 0.15703125 0.16015625
0 0.42421875 0.31796875 0.1 0.0875
1 0.1296875 0.22109375 0.1828125 0.12109375
0 0.75 0.715625 0.41953125 0.27109375
1 0.6140625 0.2859375 0.15625 0.09453125
0 0.27578125 0.63515625 0.33828125 0.39609375
0 0.7046875 0.56171875 0.33515625 0.18125
0 0.6640625000000001 0.4671875 0.26328125 0.1234375
0 0.64140625 0.41015625 0.2296875 0.096875
0 0.63359375 0.3609375 0.1984375 0.08125
1 0.88828125 0.2453125 0.1265625 0.07109375
0 0.44375 0.259375 0.078125 0.0609375
0 0.09609375 0.2703125 0.128125 0.06640625
0 0.6250000000000001 0.3265624999999999 0.17734375 0.0640625
0 0.7421875 0.88046875 0.409375 0.2296875
