0 0.63984375 0.71484375 0.1328125 0.10078125
0 0.39140625 0.7453125 0.125 0.10390625
0 0.5140625 0.7296875 0.12578125 0.096875
1 0.04375 0.76171875 0.08671875 0.153125
0 0.77578125 0.703125 0.14140625 0.0984375
0 0.2609375 0.7703125 0.1140625 0.10234375
1 0.5203125 0.571875 0.071875 0.07578125
1 0.584375 0.56484375 0.07109375 0.07734375
1 0.4453125 0.58046875 0.0703125 0.0734375
0 0.12734375 0.7804687500000002 0.1046875 0.10703125
0 0.53125 0.8835937499999998 0.4140625 0.13125
0 0.37109375 0.60078125 0.07265625 0.059375
0 0.90390625 0.68125 0.14140625 0.109375
0 0.16796875 0.91875 0.3359375 0.11875
0 0.8609375000000001 0.8484375 0.27578125 0.1375
1 0.30078125 0.59609375 0.08046875 0.0859375
1 0.94921875 0.515625 0.0875 0.08828125
