0 0.24453125 0.4296875 0.10234375 0.0515625
0 0.12578125 0.46640625 0.15234375 0.06171875
0 0.39765625 0.36953125 0.109375 0.0328125
0 0.67734375 0.85390625 0.6453125 0.2875
0 0.32578125 0.39375 0.11484375 0.040625
0 0.51953125 0.40703125 0.14921875 0.08125
0 0.3078125 0.50703125 0.2828125 0.15078125
0 0.7984375 0.69140625 0.403125 0.215625
0 0.87734375 0.56171875 0.2453125 0.125
0 0.6249999999999999 0.3421875 0.10390625 0.05
0 0.05078125 0.5078125 0.0703125 0.05546875
0 0.45 0.34375 0.09765625 0.02734375
0 0.8796875 0.471875 0.23984375 0.08203125
