1 0.31328125 0.41484375 0.07890625 0.07734375
0 0.2984375 0.5796875 0.13828125 0.08515625
0 0.43203125 0.57734375 0.1296875 0.0859375
1 0.23359374999999996 0.4140625 0.0796875 0.07734375
0 0.55546875 0.5734375 0.12265625 0.08984375
0 0.165625 0.57890625 0.1390625 0.09375
1 0.38515625 0.415625 0.071875 0.08125
0 0.30625 0.7273437499999998 0.43359375 0.12734375
0 0.146875 0.42109375 0.0890625 0.06015625
0 0.678125 0.5734375 0.11953125 0.0875
0 0.0359375 0.5828125 0.071875 0.1
0 0.8 0.575 0.10625 0.08203125
0 0.90078125 0.571875 0.103125 0.0734375
0 0.69453125 0.70703125 0.3640625 0.109375
1 0.0640625 0.3984375 0.0953125 0.09375
1 0.8125 0.428125 0.07578125 0.0828125
1 0.7203125 0.42421875 0.07890625 0.08046875
0 0.975 0.56875 0.04921875 0.06953125
0 0.04921875 0.734375 0.0984375 0.13125
1 0.00625 0.4085937499999999 0.0125 0.10859375
1 0.8890625 0.434375 0.06796875 0.07421875
