0 0.40937499999999993 0.65859375 0.1296875 0.0890625
1 0.290625 0.4984375 0.0765625 0.078125
0 0.2828125 0.6671875 0.1390625 0.090625
0 0.5375 0.6484375 0.125 0.08984375
1 0.21328125 0.503125 0.07890625 0.07578125
0 0.13984375 0.6765625 0.140625 0.09921875
1 0.36796875 0.496875 0.07265625 0.078125
0 0.6578125 0.640625 0.115625 0.08515625
0 0.125 0.515625 0.08984375 0.0625
0 0.665625 0.76484375 0.3578125 0.109375
0 0.77890625 0.63515625 0.09609375 0.0796875
0 0.27890625 0.82421875 0.44140625 0.13515625
1 0.040625 0.49765625 0.08125 0.10078125
0 0.95703125 0.615625 0.0828125 0.06953125
0 0.8765625 0.6265625 0.10234375 0.07109375
0 0.0265625 0.6828125 0.05234375 0.1046875
1 0.696875 0.48828125 0.07421875 0.0765625
1 0.784375 0.48828125 0.0734375 0.07578125
0 0.91640625 0.75078125 0.16328125 0.09921875
