0 0.2390625 0.3734375 0.10078125 0.071875
0 0.228125 0.484375 0.13671875 0.1421875
0 0.16875 0.74296875 0.275 0.39609375
1 0.43828125 0.31640624999999994 0.13125 0.0734375
0 0.25234375 0.31796875 0.0765625 0.04375
0 0.51953125 0.50390625 0.2484375 0.07578125
0 0.5640625 0.59765625 0.303125 0.125
0 0.4875 0.4421875 0.2046875 0.05390625
0 0.47109375 0.39375 0.17734375 0.0390625
1 0.93671875 0.34453125 0.11953125 0.11171875
0 0.25546875 0.2828125 0.06953125 0.0328125
0 0.63203125 0.7328125 0.3296875 0.22265625
0 0.45078125 0.3640625 0.14609375 0.0296875
0 0.84140625 0.3296875 0.0796875 0.02421875
0 0.78359375 0.31015625 0.11875 0.01875
0 0.73828125 0.8859375 0.51015625 0.22265625
0 0.85625 0.35078125 0.0546875 0.028125
1 0.67734375 0.26171875 0.1078125 0.053125
