1 0.18515625 0.67890625 0.15703125 0.134375
0 0.5421875 0.684375 0.1234375 0.09453125
0 0.79921875 0.6734375 0.14609375 0.1015625
0 0.9359375 0.6640625 0.12578125 0.10625
0 0.66640625 0.67890625 0.13125 0.09609375
1 0.66796875 0.51796875 0.075 0.0796875
1 0.74765625 0.51015625 0.07578125 0.08203125
0 0.421875 0.6921875 0.10546875 0.09375
1 0.59375 0.52890625 0.07109375 0.071875
0 0.3015625 0.6953125 0.0984375 0.09453125
1 0.06875 0.6882812499999998 0.08671875 0.128125
0 0.3234375 0.8359375 0.3328125 0.11171875
0 0.70390625 0.83125 0.43046875 0.1203125
0 0.528125 0.54296875 0.0734375 0.05546875
1 0.45703125 0.53359375 0.07421875 0.08359375
0 0.084375 0.83828125 0.16875 0.10234375
1 0.015625 0.6882812499999998 0.0296875 0.128125
