0 0.65859375 0.49453125 0.259375 0.396875
0 0.41171875 0.53984375 0.259375 0.4
1 0.0640625 0.07109375 0.12734375 0.1390625
0 0.14375 0.59296875 0.2703125 0.40078125
0 0.18828125 0.0875 0.11875 0.0765625
0 0.2984375 0.0671875 0.10625 0.06640625
0 0.6 0.028125 0.10859375 0.05546875
0 0.4015625 0.05546875 0.109375 0.065625
0 0.5046875 0.0375 0.10546875 0.07109375
0 0.55546875 0.12265625 0.30390625 0.08828125
1 0.8765625 0.3984375 0.246875 0.453125
0 0.71171875 0.01875 0.11484375 0.03671875
0 0.26484375 0.1796875 0.31796875 0.09609375
0 0.8421875 0.06796875 0.3078125 0.0734375
0 0.8210937499999998 0.0078125 0.1 0.015625
