0 0.56953125 0.59921875 0.12734375 0.09140625
0 0.4484375 0.6078125 0.11796875 0.0953125
1 0.5781249999999999 0.43828125 0.0765625 0.0734375
0 0.70546875 0.59609375 0.1390625 0.09609375
0 0.3265625 0.61484375 0.1125 0.09296875
0 0.84140625 0.58828125 0.14609375 0.09921875
1 0.0828125 0.60078125 0.1609375 0.1390625
0 0.6 0.75078125 0.4171875 0.12578125
0 0.19921875 0.6203125 0.1015625 0.09140625
1 0.65390625 0.43515625 0.07421875 0.0703125
1 0.51171875 0.44609375 0.07109375 0.071875
0 0.2078125 0.75390625 0.37421875 0.11015625
0 0.43828125 0.4585937500000001 0.07109375 0.0515625
0 0.8921875 0.7328125 0.2109375 0.12109375
0 0.953125 0.57265625 0.09375 0.11015625
1 0.3656249999999999 0.44609375 0.0734375 0.09140625
