0 0.22265625 0.5046875 0.1453125 0.09375
1 0.23359374999999996 0.32734374999999993 0.08359375 0.0796875
0 0.35859375 0.4921875 0.134375 0.09140625
1 0.153125 0.3265624999999999 0.08125 0.0796875
0 0.07734375 0.50859375 0.15078125 0.1
1 0.31640625 0.3265625 0.07578125 0.08125
0 0.48671875 0.4859375 0.1234375 0.0875
0 0.60625 0.48359375 0.1171875 0.0859375
0 0.2296875 0.65703125 0.45 0.13046875
0 0.73359375 0.47890625 0.096875 0.0765625
0 0.6234375 0.62265625 0.34921875 0.11171875
0 0.0578125 0.3390625 0.090625 0.06484375
0 0.8234375000000002 0.471875 0.103125 0.07109375
0 0.91796875 0.46640625 0.10234375 0.065625
1 0.6515625 0.32890625 0.07421875 0.07890625
1 0.009375 0.32109375 0.01875 0.0953125
0 0.88984375 0.6 0.21953125 0.10546875
1 0.740625 0.33203125 0.07265625 0.07734375
