0 0.6632812500000002 0.26015625 0.14140625 0.11171875
0 0.79296875 0.2328125 0.1546875 0.1171875
0 0.4124999999999999 0.29765625 0.1203125 0.103125
0 0.29921875 0.31484375 0.11953125 0.10078125
1 0.53515625 0.25625 0.1203125 0.1578125
1 0.2 0.29453125 0.11953125 0.1578125
0 0.5703125000000001 0.10234375 0.0796875 0.05546875
0 0.72890625 0.06796875 0.08828125 0.06015625
0 0.65 0.0921875 0.0828125 0.06328125
1 0.296875 0.13671875 0.07578125 0.08203125
0 0.50078125 0.11796875 0.0734375 0.05546875
1 0.9367187500000002 0.18515625 0.1265625 0.1609375
0 0.67890625 0.41796875 0.41328125 0.1359375
0 0.36171875 0.15 0.06875 0.0609375
0 0.43046875 0.13828125 0.07109375 0.0578125
1 0.90234375 0.03203125 0.10078125 0.06328125
0 0.8140625 0.05390625 0.0921875 0.06328125
0 0.30703125 0.45390625 0.34765625 0.13359375
0 0.06953125 0.353125 0.08203125 0.08671875
0 0.9296875 0.36875 0.134375 0.140625
1 0.9757812500000002 0.0234375 0.0484375 0.046875
1 0.03515625 0.309375 0.06953125 0.11875
0 0.70078125 0.91953125 0.38828125 0.15625
0 0.078125 0.484375 0.153125 0.11953125
0 0.1203125 0.92890625 0.23671875 0.1375
0 0.3609375 0.91953125 0.3421875 0.15625
