0 0.41796875 0.4421875 0.11328125 0.109375
0 0.4328125 0.35859375 0.08515625 0.05546875
0 0.371875 0.6421875 0.234375 0.29140625
1 0.62265625 0.29609375 0.14375 0.07109375
0 0.81015625 0.634375 0.3546875 0.18046875
1 0.1234375 0.340625 0.1765625 0.08203125
0 0.84765625 0.84765625 0.30390625 0.3046875
0 0.7375 0.51484375 0.28359375 0.10234375
0 0.7078124999999998 0.43828125 0.25234375 0.0703125
0 0.678125 0.38984375 0.225 0.0484375
0 0.0625 0.421875 0.125 0.03984375
0 0.64609375 0.3570312500000001 0.165625 0.0359375
0 0.440625 0.3140625 0.06875 0.03515625
0 0.09296875 0.38671875 0.1703125 0.03125
0 0.446875 0.2859375 0.05703125 0.02734375
0 0.034375 0.4640625 0.06796875 0.053125
0 0.6296875 0.3328125 0.1546875 0.0328125
