0 0.340625 0.55703125 0.1328125 0.08203125
1 0.35390625 0.38984375 0.07734375 0.07734375
0 0.471875 0.5515625 0.12734375 0.08828125
0 0.2109375 0.559375 0.13359375 0.09296875
0 0.60078125 0.54921875 0.125 0.08984375
0 0.06875 0.56484375 0.13046875 0.09765625
1 0.2828125 0.3953125 0.0796875 0.07421875
1 0.4296875 0.38828125 0.0703125 0.08125
0 0.35546875 0.703125 0.4203125 0.12578125
0 0.71875 0.54296875 0.125 0.08984375
0 0.20078125 0.403125 0.0828125 0.05859375
0 0.8546875 0.54140625 0.10546875 0.0859375
0 0.74140625 0.67734375 0.3734375 0.1140625
1 0.859375 0.390625 0.07890625 0.08046875
1 0.7671875 0.3875 0.078125 0.07890625
1 0.11484375 0.3804687500000001 0.09296875 0.0984375
0 0.075 0.70859375 0.15 0.1296875
0 0.940625 0.53359375 0.09765625 0.07109375
1 0.04140625 0.3828125 0.0640625 0.09453125
0 0.9578124999999998 0.66640625 0.084375 0.10859375
1 0.9421875 0.3921875000000001 0.075 0.075
