0 0.53828125 0.6296875 0.125 0.08828125
0 0.66796875 0.621875 0.13515625 0.09375
0 0.41875 0.64921875 0.1203125 0.09765625
0 0.290625 0.66953125 0.1109375 0.09375
1 0.5453125 0.47421875 0.071875 0.06875
0 0.8015625 0.5953125 0.14140625 0.0984375
1 0.059375 0.6640625 0.11796875 0.15
1 0.6140625 0.46015625 0.07109375 0.07265625
1 0.47109375 0.48359375 0.071875 0.07109375
0 0.1578125 0.6828125 0.09921875 0.09375
0 0.93203125 0.57421875 0.12734375 0.10546875
0 0.56640625 0.771875 0.40390625 0.128125
0 0.18671875 0.82421875 0.36953125 0.1203125
0 0.3984375 0.50546875 0.07109375 0.05234375
0 0.87578125 0.72578125 0.2453125 0.1328125
1 0.33046875 0.4976562500000001 0.07265625 0.08671875
