0 0.46875 0.41015625 0.11953125 0.13125
0 0.48828125 0.31640625 0.084375 0.06796875
0 0.41328125 0.65 0.24140625 0.33828125
1 0.18984375 0.2875 0.171875 0.08359375
1 0.671875 0.23906250000000004 0.15234375 0.0765625
0 0.84765625 0.6703125 0.3046875 0.21484375
0 0.49140625 0.26171875 0.07265625 0.04375
0 0.80234375 0.51328125 0.31796875 0.1234375
0 0.76484375 0.4265625 0.26640625 0.08046875
0 0.73125 0.36171875 0.234375 0.06015625
0 0.06484375 0.42578125 0.1296875 0.0609375
0 0.70625 0.32421875 0.21015625 0.04609375
0 0.10312499999999998 0.37421875 0.184375 0.04609375
0 0.8617187499999999 0.87578125 0.27109375 0.24296875
0 0.14140625 0.33984375 0.18046875 0.0359375
0 0.496875 0.225 0.0609375 0.0328125
0 0.68125 0.2953125 0.16328125 0.0328125
