0 0.62734375 0.4546875000000001 0.1234375 0.075
0 0.7570312500000002 0.4578125 0.1421875 0.0765625
1 0.2703125 0.41875 0.15546875 0.11953125
0 0.503125 0.45546875 0.10390625 0.07109375
1 0.76640625 0.3078125 0.08203125 0.08359375
1 0.8484375 0.303125 0.078125 0.0875
0 0.90625 0.45703125 0.16171875 0.08125
0 0.3875 0.45 0.090625 0.06796875
0 0.11640625 0.5546874999999999 0.23203125 0.0921875
0 0.40390625 0.5734375 0.33671875 0.090625
1 0.15234375 0.421875 0.075 0.1125
1 0.6796875 0.3203125 0.08828125 0.07734375
0 0.77421875 0.59296875 0.4390625 0.10859375
0 0.0875 0.9171875 0.1703125 0.16015625
0 0.9859375 0.45234375 0.02734375 0.090625
0 0.3 0.940625 0.40703125 0.10625
0 0.99296875 0.45234375 0.01328125 0.0890625
1 0.0765625 0.4164062499999999 0.08515625 0.11640625
1 0.00859375 0.509375 0.0171875 0.07421875
1 0.98125 0.33046875 0.03671875 0.09921875
