0 0.6765625 0.6703125 0.2453125 0.3953125
0 0.42734375 0.68203125 0.25390625 0.39921875
1 0.115625 0.1859375 0.12890625 0.121875
0 0.1578125 0.69296875 0.275 0.39609375
0 0.6390625 0.1984375 0.10625 0.06171875
0 0.23359375 0.20703125 0.1140625 0.06640625
0 0.3390625 0.20703125 0.103125 0.06328125
0 0.54140625 0.20234374999999996 0.103125 0.06015625
0 0.43984375 0.20546875 0.10703125 0.06015625
0 0.740625 0.19375 0.103125 0.06015625
0 0.37890625 0.09609375 0.06953125 0.0484375
1 0.4421875 0.07734375 0.06796875 0.0765625
1 0.50703125 0.07421875 0.06640625 0.07421875
1 0.88984375 0.59140625 0.215625 0.46328125
1 0.5703125 0.0703125 0.06171875 0.08046875
0 0.58828125 0.28984375 0.28984375 0.0734375
0 0.30625 0.2984375 0.303125 0.07265625
0 0.24140625 0.10078125 0.0734375 0.04765625
1 0.31171875 0.0828125 0.0703125 0.0765625
1 0.02734375 0.184375 0.05390625 0.1234375
