0 0.35859375 0.5609375 0.2734375 0.4140625
0 0.59921875 0.5015625 0.24765625 0.39765625
0 0.10703125 0.61328125 0.21328125 0.40859375
0 0.23203125 0.0671875 0.11328125 0.0703125
0 0.11875 0.08515625 0.12421875 0.07578125
0 0.6546875 0.0234375 0.10625 0.046875
0 0.546875 0.03125 0.1078125 0.06171875
0 0.44609375 0.04609375 0.10703125 0.06640625
0 0.49609375 0.128125 0.2984375 0.0953125
0 0.33984375 0.0578125 0.1125 0.06484375
1 0.84609375 0.3953125 0.3078125 0.44375
1 0.0296875 0.065625 0.059375 0.12421875
0 0.1859375 0.184375 0.33203125 0.09921875
0 0.7624999999999998 0.01484375 0.1078125 0.0296875
0 0.77265625 0.071875 0.284375 0.065625
