0 0.54765625 0.3328125 0.08671875 0.071875
0 0.534375 0.4296875 0.1203125 0.13203125
0 0.4671875 0.66875 0.24453125 0.353125
0 0.55546875 0.28046875 0.06875 0.04296875
0 0.8718749999999998 0.7625 0.25234375 0.2421875
1 0.74921875 0.2828125 0.14296875 0.078125
1 0.25625 0.25859375 0.16875 0.0828125
0 0.1203125 0.3804687500000001 0.1546875 0.05546875
0 0.84921875 0.59296875 0.296875 0.13515625
0 0.7960937500000002 0.41953125 0.23203125 0.05703125
0 0.8351562500000002 0.48046875 0.2828125 0.08125
0 0.16171875 0.3421875 0.18359375 0.0453125
0 0.778125 0.365625 0.190625 0.04296875
0 0.1984375 0.31328125 0.1703125 0.0328125
0 0.76328125 0.3328125 0.16484375 0.03203125
0 0.5609375 0.24296875000000004 0.06171875 0.0296875
1 0.0234375 0.4765625 0.046875 0.17421875
0 0.8828125 0.921875 0.2203125 0.1453125
