0 0.43828125 0.6171875 0.26484375 0.39921875
0 0.68984375 0.59765625 0.25546875 0.403125
1 0.146875 0.11640625 0.1234375 0.11328125
0 0.178125 0.625 0.2625 0.39921875
0 0.36796875 0.1375 0.10703125 0.065625
0 0.6765625 0.1234375 0.109375 0.06328125
0 0.57265625 0.13203125 0.1046875 0.06015625
0 0.7859374999999998 0.12031250000000002 0.10390625 0.059375
0 0.2703125 0.13984375 0.1125 0.0625
1 0.0421875 0.12109375 0.084375 0.1171875
0 0.62265625 0.21875 0.2984375 0.078125
0 0.46953125 0.1359375 0.10625 0.0609375
1 0.90390625 0.53515625 0.1875 0.4984375
0 0.409375 0.025781249999999995 0.071875 0.04609375
0 0.33515625 0.228125 0.3015625 0.06953125
1 0.4796875 0.02265625 0.0671875 0.0453125
1 0.5453125 0.02109375 0.06875 0.0421875
1 0.61015625 0.01953125 0.06875 0.0390625
0 0.27578125 0.03125 0.07421875 0.04296875
1 0.3453125 0.0265625 0.06640625 0.053125
0 0.0953125 0.23359375 0.190625 0.0765625
