0 0.44140625 0.61015625 0.2625 0.4046875
0 0.6875 0.58203125 0.25078125 0.40078125
1 0.1421875 0.11171875 0.12734375 0.115625
0 0.1765625 0.62421875 0.2625 0.396875
0 0.3640625 0.1265625 0.10625 0.06640625
0 0.2671875 0.1296875 0.11015625 0.0671875
0 0.46640625 0.12265625 0.109375 0.0609375
0 0.5703125000000001 0.11875 0.10703125 0.06171875
0 0.7828125 0.10234375 0.10390625 0.0578125
1 0.03984375 0.11796875 0.07890625 0.1203125
0 0.67421875 0.109375 0.1109375 0.0625
1 0.90390625 0.509375 0.1921875 0.50625
0 0.61640625 0.20390625 0.2984375 0.078125
0 0.32890625 0.215625 0.29375 0.0703125
0 0.271875 0.0234375 0.08046875 0.04609375
1 0.6046875 0.010937499999999998 0.07109375 0.02109375
0 0.40625 0.01953125 0.07421875 0.0390625
1 0.5390625 0.01171875 0.0703125 0.0234375
1 0.34296875 0.021875 0.0671875 0.04296875
0 0.096875 0.22890625000000003 0.190625 0.07578125
