0 0.3875 0.39453125 0.12109375 0.13125
0 0.4 0.3 0.0921875 0.0703125
1 0.5796875 0.22812499999999997 0.14140625 0.07265625
1 0.08671875 0.25390625 0.1734375 0.09140625
0 0.40390625 0.2421875 0.0734375 0.04453125
0 0.32265625 0.64140625 0.2390625 0.346875
0 0.8015625 0.6484375 0.396875 0.209375
0 0.66640625 0.4125 0.2625 0.078125
0 0.63203125 0.35234375 0.22265625 0.0578125
0 0.7109375 0.5 0.3015625 0.1203125
0 0.81875 0.85859375 0.3625 0.2703125
0 0.6109375 0.31249999999999994 0.1953125 0.0421875
0 0.41171875 0.20546875 0.0625 0.034375
0 0.04375 0.353125 0.08671875 0.0484375
0 0.06171875 0.3171875 0.1234375 0.0375
0 0.5890625 0.28125 0.15625 0.0328125
0 0.96171875 0.196875 0.07578125 0.02109375
