0 0.446875 0.77265625 0.1203125 0.09453125
0 0.56953125 0.7640625 0.128125 0.0875
0 0.70078125 0.75703125 0.140625 0.090625
0 0.32265625 0.7859375 0.1109375 0.0890625
1 0.08125 0.7703125 0.1578125 0.15
0 0.84765625 0.7468749999999998 0.1484375 0.09609375
1 0.57578125 0.6046875 0.0734375 0.06484375
0 0.19765625 0.79609375 0.1 0.09375
1 0.50703125 0.61015625 0.06875 0.06953125
1 0.65234375 0.59921875 0.07421875 0.07109375
0 0.60390625 0.91015625 0.41640625 0.12578125
0 0.20859375 0.93359375 0.36328125 0.11640625
0 0.4359375 0.625 0.0703125 0.0546875
0 0.9578124999999998 0.7328125 0.084375 0.103125
0 0.89609375 0.8875 0.2046875 0.1359375
