0 0.6265625 0.3875 0.12109375 0.13125
0 0.64921875 0.28906250000000006 0.0875 0.07109375
0 0.5765625 0.6234375 0.246875 0.33828125
0 0.90625 0.5140625 0.1796875 0.1296875
0 0.89609375 0.4124999999999999 0.20234375 0.08125
0 0.65703125 0.228125 0.07109375 0.04453125
1 0.85390625 0.21015625 0.16796875 0.07890625
1 0.3609375000000001 0.25546875 0.153125 0.07578125
0 0.88671875 0.34375 0.2203125 0.06328125
0 0.240625 0.38125 0.13984375 0.0515625
1 0.08671875 0.49609375 0.1734375 0.171875
0 0.928125 0.68984375 0.13046875 0.23125
0 0.28125 0.3390625 0.15703125 0.040625
0 0.88125 0.30078124999999994 0.2125 0.04609375
0 0.32109375 0.30234375 0.15703125 0.034375
0 0.8703125 0.259375 0.190625 0.0359375
0 0.6609375 0.19375 0.06015625 0.034375
