0 0.275 0.11171875 0.09140625 0.0515625
0 0.54140625 0.09140625 0.140625 0.090625
0 0.1515625 0.14609375 0.1453125 0.0625
0 0.35625 0.08046875 0.0953125 0.0421875
0 0.42265625 0.053125 0.1 0.03515625
0 0.4921875 0.76875 0.7515625 0.46171875
0 0.834375 0.38984375 0.33125 0.21171875
0 0.8898437500000002 0.2546875 0.21640625 0.13046875
0 0.32421875 0.196875 0.28515625 0.14921875
0 0.15 0.87734375 0.296875 0.23203125
0 0.71640625 0.63046875 0.55625 0.45625
0 0.65859375 0.02578125 0.08515625 0.05078125
0 0.8953125 0.1625 0.20859375 0.08828125
