0 0.675 0.6046875 0.24609375 0.40234375
0 0.4234375 0.6328125 0.26171875 0.4046875
0 0.35078125 0.14375 0.103125 0.06640625
1 0.12734375 0.12578125 0.125 0.1171875
0 0.1578125 0.64296875 0.26796875 0.4046875
0 0.24375 0.14609375 0.11328125 0.06640625
0 0.659375 0.13046875 0.10859375 0.06171875
0 0.55234375 0.1390625 0.10390625 0.0578125
0 0.7671875 0.12421875 0.103125 0.0578125
0 0.45234375 0.1421875 0.10625 0.06171875
1 0.034375 0.13203125 0.06796875 0.11640625
0 0.60390625 0.22421875 0.2953125 0.075
1 0.8953125 0.5375 0.2046875 0.4984375
1 0.525 0.02421875 0.06875 0.0484375
1 0.5921875 0.02421875 0.06953125 0.046875
0 0.3921875000000001 0.03125 0.07109375 0.04375
0 0.31328125 0.23515625 0.29765625 0.06796875
0 0.25703125 0.0390625 0.0734375 0.0453125
1 0.4609375 0.02578125 0.06328125 0.0515625
1 0.3265625 0.0296875 0.06328125 0.059375
0 0.084375 0.246875 0.16875 0.0796875
