0 0.6421875 0.56171875 0.259375 0.3765625
0 0.12421875 0.6421875 0.24765625 0.37890625
0 0.3765625 0.6109375 0.27578125 0.38203125
1 0.07421875 0.15625 0.13671875 0.12109375
0 0.4109375 0.1515625 0.10703125 0.0578125
0 0.30546875 0.16015625 0.10546875 0.0609375
0 0.1984375 0.16953125 0.115625 0.0640625
0 0.51015625 0.14140625 0.1046875 0.05546875
0 0.6078125 0.128125 0.1015625 0.05859375
0 0.7171875 0.11484375 0.103125 0.0578125
1 0.8671875 0.47421875 0.2625 0.45234375
1 0.4789062499999999 0.0328125 0.06953125 0.065625
1 0.5421875 0.03125 0.06328125 0.05859375
0 0.55859375 0.22265625 0.303125 0.08046875
0 0.26015625 0.25078125 0.3140625 0.07421875
0 0.20859375 0.075 0.078125 0.04375
0 0.3421875 0.05859375 0.06875 0.04296875
0 0.81953125 0.1015625 0.10546875 0.05703125
1 0.41640625 0.04140625 0.05859375 0.0625
1 0.2765625 0.0515625 0.06484375 0.07890625
1 0.00703125 0.16875 0.0140625 0.12109375
0 0.91484375 0.09140625 0.1125 0.05546875
