0 0.15859375 0.70234375 0.27734375 0.39609375
0 0.43671875 0.69296875 0.25625 0.4015625
1 0.11796875 0.19296875 0.1265625 0.11953125
0 0.6703125 0.6703125 0.2421875 0.38984375
0 0.34140625 0.21640625 0.1 0.06328125
0 0.2359375 0.21796874999999996 0.11015625 0.0640625
0 0.540625 0.20859375 0.09921875 0.06171875
0 0.6421875 0.2015625 0.10546875 0.06171875
0 0.73984375 0.196875 0.1046875 0.059375
0 0.3796875 0.10468750000000002 0.0703125 0.04765625
0 0.43984375 0.2125 0.10546875 0.059375
1 0.5078125 0.08203125 0.06640625 0.078125
1 0.44296875 0.0859375 0.06640625 0.0765625
0 0.30546875 0.30546875 0.29921875 0.071875
1 0.88984375 0.5890625 0.21484375 0.46484375
0 0.5921875 0.29375 0.28984375 0.0734375
1 0.57109375 0.08046875 0.06328125 0.0796875
0 0.24375 0.11015625 0.075 0.0453125
1 0.31171875 0.09140625 0.06875 0.07890625
