0 0.8390625 0.16796875 0.146875 0.10703125
0 0.71953125 0.153125 0.128125 0.10234375
1 0.62265625 0.12109375 0.109375 0.14609375
1 0.9578124999999998 0.1390625 0.084375 0.18359375
0 0.7296875 0.31171875 0.36484375 0.13984375
0 0.675 0.8406249999999998 0.453125 0.31875
0 0.5 0.153125 0.06796875 0.06875
0 0.79609375 0.010937499999999998 0.075 0.02109375
1 0.7234375 0.00859375 0.06796875 0.01640625
0 0.93203125 0.90546875 0.1359375 0.1796875
0 0.93984375 0.3765625 0.10859375 0.190625
0 0.34453125 0.79609375 0.475 0.40703125
0 0.8734375 0.01171875 0.09296875 0.02265625
0 0.140625 0.21249999999999997 0.1203125 0.07265625
1 0.33046875 0.225 0.20078125 0.1875
