0 0.7875 0.6875 0.25703125 0.40234375
0 0.5359375 0.68046875 0.25234375 0.390625
1 0.24140625 0.18359375 0.1171875 0.10859375
0 0.4515625 0.20859375 0.09765625 0.0640625
0 0.35078125 0.20703125 0.10625 0.0640625
0 0.6515625 0.20546875 0.1046875 0.06171875
0 0.26875 0.66875 0.25546875 0.38359375
0 0.54921875 0.2078125 0.1046875 0.06171875
1 0.13828125 0.1796875 0.090625 0.11015625
1 0.553125 0.08359375 0.06640625 0.07265625
0 0.75859375 0.20156250000000003 0.11328125 0.0640625
0 0.8734375 0.203125 0.1125 0.059375
0 0.07265625 0.66171875 0.14453125 0.365625
1 0.61875 0.0828125 0.0671875 0.0703125
0 0.490625 0.1 0.0703125 0.04765625
0 0.41875 0.2953125 0.28046875 0.0703125
0 0.70078125 0.2953125 0.30625 0.07421875
0 0.3578125 0.10390625 0.07109375 0.0453125
1 0.68515625 0.07734375 0.06640625 0.075
1 0.42578125 0.0875 0.065625 0.0734375
1 0.9453125 0.64140625 0.096875 0.50703125
0 0.146875 0.28671875 0.2796875 0.0703125
