0 0.67578125 0.60390625 0.2484375 0.4015625
0 0.4234375 0.63203125 0.2625 0.4046875
0 0.35 0.14375 0.10390625 0.0671875
1 0.12734375 0.125 0.12421875 0.1171875
0 0.15625 0.6421875 0.26875 0.40625
0 0.25 0.146875 0.115625 0.06875
0 0.659375 0.13046875 0.10859375 0.06328125
0 0.553125 0.13828125 0.10390625 0.059375
0 0.7671875 0.12421875 0.10390625 0.0578125
0 0.45234375 0.1421875 0.10625 0.06171875
0 0.60234375 0.22421874999999997 0.29375 0.0765625
1 0.89375 0.5390625 0.20703125 0.496875
1 0.52265625 0.02578125 0.0671875 0.05078125
1 0.03359375 0.13125 0.0671875 0.11640625
1 0.59140625 0.02421875 0.06953125 0.04765625
0 0.3921875000000001 0.03125 0.07109375 0.04375
0 0.3125 0.23515625000000004 0.29765625 0.06875
0 0.25625 0.0390625 0.075 0.04609375
1 0.46015625 0.025 0.0640625 0.05
1 0.32578125 0.02890625 0.0640625 0.0578125
0 0.084375 0.24687500000000004 0.16796875 0.08046875
