0 0.68671875 0.59296875 0.2578125 0.4046875
0 0.44375 0.6140625 0.26171875 0.4
1 0.14140625 0.1015625 0.128125 0.11875
0 0.3640625 0.12578125 0.10625 0.065625
0 0.17734375 0.61796875 0.26328125 0.39765625
0 0.2609375 0.12578125 0.11171875 0.06484375
0 0.56953125 0.125 0.10625 0.059375
0 0.465625 0.12734375 0.109375 0.06015625
0 0.6796875 0.12109375 0.109375 0.06171875
1 0.04140625 0.1046875 0.08203125 0.12109375
0 0.7843750000000002 0.11796875 0.103125 0.059375
1 0.903125 0.53359375 0.18828125 0.49921875
0 0.27421875 0.02109375 0.075 0.04140625
0 0.6203125 0.215625 0.3046875 0.07578125
0 0.3296875 0.2171875 0.29921875 0.06953125
0 0.40703125 0.01953125 0.071875 0.0390625
1 0.60703125 0.01640625 0.0703125 0.03203125
1 0.540625 0.0171875 0.0703125 0.0328125
1 0.3421874999999999 0.02109375 0.06796875 0.040625
1 0.47578125 0.01796875 0.0640625 0.03515625
0 0.090625 0.21718750000000003 0.18125 0.071875
0 0.02890625 0.5953125 0.05625 0.36484375
