1 0.3609375 0.4 0.07734375 0.08046875
0 0.06796875 0.5703125000000001 0.13125 0.0953125
0 0.47265625 0.5640625 0.1265625 0.08515625
0 0.215625 0.5664062500000001 0.13515625 0.0953125
0 0.34609375 0.56640625 0.13125 0.08203125
0 0.5984375 0.56328125 0.1234375 0.0875
1 0.28671875 0.40625 0.07890625 0.07734375
1 0.43359375 0.39921875 0.071875 0.084375
0 0.35625 0.7078124999999998 0.41640625 0.1234375
0 0.728125 0.56171875 0.121875 0.08671875
0 0.203125 0.41484375 0.0859375 0.06015625
0 0.8578125 0.56015625 0.0953125 0.08671875
0 0.740625 0.69296875 0.37421875 0.11328125
1 0.11796875 0.38828125 0.09453125 0.096875
0 0.95 0.5546875 0.09921875 0.0828125
0 0.07734375 0.71328125 0.15390625 0.121875
1 0.7703125 0.403125 0.07578125 0.08125
1 0.04296875 0.3890625 0.06171875 0.09375
