0 0.275 0.1109375 0.090625 0.05234375
0 0.15390625 0.1453125 0.140625 0.0625
0 0.54375 0.0921875 0.1421875 0.09140625
0 0.353125 0.08046875 0.10390625 0.04296875
0 0.4242187499999999 0.05234375 0.10078125 0.034375
0 0.49765625 0.76875 0.7859375 0.46171875
0 0.8359375 0.3890625 0.328125 0.2125
0 0.8914062499999998 0.25390625 0.21328125 0.1296875
0 0.32578125 0.19609375 0.28359375 0.1484375
0 0.73046875 0.6296875 0.52890625 0.453125
0 0.65859375 0.025781249999999995 0.084375 0.05
0 0.478125 0.02578125 0.084375 0.0265625
0 0.89609375 0.16171875 0.2078125 0.0875
