0 0.6765625 0.6890625 0.2421875 0.390625
0 0.43984375 0.69609375 0.25703125 0.39453125
0 0.6453125 0.21953125 0.103125 0.06015625
1 0.128125 0.19609375 0.12578125 0.11875
0 0.1671875 0.70234375 0.27734375 0.390625
0 0.34921875 0.22421875 0.1015625 0.0640625
0 0.24375 0.225 0.11328125 0.06484375
0 0.54921875 0.22421875 0.10078125 0.06015625
0 0.44921875 0.22421875 0.10546875 0.05859375
1 0.4515625 0.103125 0.0640625 0.07734375
0 0.38828125 0.11562500000000002 0.0734375 0.05
0 0.753125 0.21562500000000004 0.10390625 0.0609375
1 0.89609375 0.63203125 0.2078125 0.47890625
1 0.51484375 0.10078125 0.06875 0.07734375
1 0.578125 0.09609375 0.0625 0.0796875
0 0.59375 0.31015625 0.28984375 0.075
0 0.3109375 0.31328125 0.2984375 0.07109375
1 0.0328125 0.1984375 0.065625 0.1171875
0 0.25234375 0.11796875 0.07578125 0.04921875
1 0.32265625 0.1046875 0.06953125 0.0765625
1 0.64375 0.096875 0.06953125 0.07578125
0 0.084375 0.30859375 0.16875 0.0765625
