0 0.440625 0.640625 0.259375 0.39765625
0 0.68359375 0.6265625 0.2453125 0.3921875
0 0.5546875 0.15078125 0.10234375 0.06328125
1 0.12890625 0.134375 0.128125 0.12109375
0 0.35078125 0.1546875 0.10234375 0.06875
0 0.1734375 0.65234375 0.275 0.3953125
0 0.2453125 0.15546875 0.11328125 0.06796875
0 0.65859375 0.140625 0.11015625 0.06640625
0 0.45234375 0.1515625 0.10703125 0.06328125
1 0.52109375 0.0296875 0.065625 0.05859375
0 0.76328125 0.1328125 0.10390625 0.06484375
0 0.390625 0.04453125 0.0734375 0.04921875
1 0.58359375 0.029687499999999995 0.06484375 0.0578125
1 0.8984375 0.55 0.1984375 0.48359375
1 0.45625 0.03125 0.0671875 0.0625
0 0.3171875 0.24609375 0.3015625 0.07421875
0 0.6015625 0.23515625 0.296875 0.07578125
1 0.034375 0.13984375 0.06796875 0.121875
0 0.2515625 0.0515625 0.07421875 0.046875
1 0.32421875 0.03359375 0.0703125 0.0671875
0 0.0859375 0.25625 0.171875 0.08125
0 0.9 0.12890625 0.1546875 0.06796875
