1 0.33515624999999993 0.3515625 0.0796875 0.08125
0 0.325 0.52265625 0.13515625 0.08984375
0 0.4546875 0.5171875 0.13046875 0.0875
0 0.57890625 0.5078125 0.125 0.08984375
0 0.19140625 0.53125 0.13828125 0.09609375
1 0.259375 0.35625 0.078125 0.07734375
1 0.41328125 0.35078125 0.06953125 0.08203125
0 0.0515625 0.5390625 0.10234375 0.09921875
0 0.70234375 0.49921875 0.125 0.0890625
0 0.3390625 0.6703125 0.43203125 0.1328125
0 0.17421875 0.3671875 0.08359375 0.06015625
0 0.834375 0.48671875 0.10859375 0.0859375
0 0.72421875 0.63515625 0.365625 0.11484375
0 0.9328125 0.4789062499999999 0.1203125 0.0734375
1 0.02109375 0.35234375 0.0421875 0.0953125
1 0.090625 0.35625 0.09375 0.0921875
1 0.74453125 0.33828125 0.075 0.08125
0 0.06640625 0.684375 0.13203125 0.125
0 0.946875 0.603125 0.10625 0.109375
1 0.8421875 0.33671875 0.08203125 0.084375
