0 0.6867187500000002 0.59375 0.25546875 0.40390625
0 0.44453125 0.61484375 0.26015625 0.3984375
1 0.1421875 0.10234375 0.1265625 0.11796875
0 0.3640625 0.12578125 0.10625 0.06640625
0 0.17578125 0.61875 0.2640625 0.39921875
0 0.2609375 0.12578125 0.1109375 0.06484375
0 0.465625 0.12734375 0.10859375 0.0609375
0 0.5703125 0.125 0.10625 0.05859375
0 0.6796875 0.121875 0.109375 0.0625
1 0.04140625 0.1046875 0.0828125 0.12109375
0 0.784375 0.11796875 0.1015625 0.06015625
1 0.903125 0.534375 0.1890625 0.50078125
0 0.27421875 0.02109375 0.07578125 0.0421875
0 0.62109375 0.215625 0.3015625 0.07421875
0 0.33046875 0.2171875 0.3 0.06875
1 0.54140625 0.0171875 0.0703125 0.03359375
0 0.4078125 0.0203125 0.071875 0.03984375
1 0.34296875 0.02109375 0.0671875 0.0421875
1 0.60625 0.01640625 0.06953125 0.03203125
1 0.47578125 0.01796875 0.0640625 0.03515625
0 0.0921875 0.21875 0.18359375 0.071875
0 0.028125 0.590625 0.05546875 0.3515625
