0 0.3796875 0.43515625 0.121875 0.1328125
0 0.39765625 0.33671875 0.0875 0.06953125
1 0.5765625 0.2625 0.1421875 0.07265625
0 0.32578125 0.67890625 0.23515625 0.3515625
1 0.08671875 0.3046875 0.16875 0.0953125
0 0.40078125 0.28359375 0.07109375 0.04453125
0 0.6328124999999999 0.38125 0.22109375 0.059375
0 0.66171875 0.44140625 0.2578125 0.08203125
0 0.8 0.66953125 0.4 0.2203125
0 0.72265625 0.52734375 0.321875 0.12421875
0 0.61484375 0.34375 0.203125 0.04296875
0 0.40625 0.2453125 0.0640625 0.03359375
0 0.04140625 0.40234375 0.0828125 0.0484375
0 0.06171875000000001 0.3640625 0.12265625 0.0375
0 0.81875 0.8671875 0.3625 0.259375
0 0.59453125 0.3078125 0.1609375 0.03359375
