0 0.421875 0.440625 0.11953125 0.13203125
0 0.4351562500000001 0.3390625 0.08671875 0.0671875
0 0.81171875 0.68984375 0.359375 0.20859375
1 0.6250000000000001 0.26796875 0.15 0.0703125
0 0.3671875 0.67421875 0.25078125 0.33984375
0 0.7492187500000002 0.5375 0.31015625 0.121875
1 0.12890625 0.30546875 0.18125 0.0875
0 0.44453125 0.284375 0.0703125 0.04375
0 0.70546875 0.45078125 0.2609375 0.07734375
0 0.671875 0.38828125 0.22578125 0.05859375
0 0.065625 0.39375 0.13125 0.0453125
0 0.653125 0.35 0.19375 0.04296875
0 0.44765625 0.24765625 0.06328125 0.0328125
0 0.096875 0.3570312500000001 0.16875 0.0359375
0 0.8343749999999999 0.8796875 0.32578125 0.234375
0 0.0390625 0.446875 0.078125 0.0625
0 0.63671875 0.31796875 0.16875 0.0328125
