0 0.6625 0.678125 0.1328125 0.0875
1 0.66953125 0.51484375 0.07734375 0.071875
1 0.5984375 0.5265625 0.06875 0.06875
0 0.93984375 0.66640625 0.1203125 0.09921875
0 0.54296875 0.6843749999999998 0.11796875 0.08828125
1 0.18828125 0.67890625 0.15546875 0.13125
0 0.80234375 0.67265625 0.14921875 0.096875
0 0.42265625 0.6921875 0.10546875 0.0875
1 0.74609375 0.5078125 0.07578125 0.07734375
0 0.30468750000000006 0.6953125 0.09453125 0.08984375
1 0.06015625 0.6921875 0.08515625 0.12578125
0 0.69375 0.83359375 0.42421875 0.1265625
0 0.32578125 0.834375 0.33359375 0.10703125
0 0.5296875 0.53984375 0.06640625 0.05390625
1 0.45859375 0.534375 0.0765625 0.08359375
0 0.95390625 0.821875 0.09140625 0.128125
0 0.078125 0.8406249999999998 0.15546875 0.115625
1 0.00859375 0.71015625 0.0171875 0.09375
