0 0.521875 0.678125 0.12265625 0.08671875
0 0.40078125 0.6890625 0.11953125 0.09296875
1 0.5296875 0.51640625 0.07265625 0.0703125
0 0.271875 0.70546875 0.11171875 0.090625
0 0.64921875 0.66953125 0.13359375 0.09453125
0 0.7890625 0.65625 0.1390625 0.096875
0 0.14453125 0.71640625 0.10390625 0.09375
1 0.60078125 0.50859375 0.07109375 0.07421875
1 0.45625 0.5296875 0.071875 0.0671875
1 0.05000000000000001 0.69921875 0.09921875 0.1515625
0 0.5390625 0.83359375 0.40625 0.12578125
0 0.1734375 0.8546875 0.346875 0.11796875
0 0.3859375 0.54609375 0.071875 0.053125
0 0.9203125 0.64296875 0.14375 0.1046875
0 0.86875 0.7984375 0.259375 0.12890625
1 0.96328125 0.46640625 0.07265625 0.08984375
1 0.315625 0.53984375 0.08046875 0.0875
