0 0.27109375 0.721875 0.30625 0.4265625
0 0.53203125 0.69609375 0.24921875 0.39921875
0 0.1953125 0.23359375 0.1125 0.0625
0 0.078125 0.23046875 0.12578125 0.0671875
0 0.59921875 0.23125 0.0953125 0.05625
0 0.40859375 0.234375 0.1015625 0.0578125
0 0.509375 0.23359375 0.09765625 0.0578125
0 0.303125 0.23359374999999996 0.11015625 0.06015625
1 0.3734374999999999 0.1125 0.065625 0.078125
0 0.45390625 0.3203125 0.28984375 0.07265625
0 0.06875 0.74375 0.13671875 0.43359375
1 0.7765625 0.61484375 0.28828125 0.4515625
1 0.30546875 0.1125 0.065625 0.07421875
0 0.23515625 0.1234375 0.07421875 0.04765625
1 0.43984375 0.1109375 0.06328125 0.078125
0 0.15625 0.3203125 0.3125 0.078125
0 0.0859375 0.12265625 0.08515625 0.05
0 0.6953125 0.228125 0.08515625 0.0578125
1 0.16171875 0.11171875 0.07265625 0.06953125
0 0.02578125 0.12109375 0.0515625 0.0484375
1 0.00703125 0.21640625 0.0140625 0.09921875
0 0.72109375 0.30703125 0.25859375 0.053125
