0 0.3890625 0.53671875 0.13125 0.0875
0 0.259375 0.5453125 0.1421875 0.090625
1 0.26640625 0.375 0.07890625 0.07734375
1 0.18515625 0.3765625 0.08046875 0.0765625
0 0.11171875 0.55 0.146875 0.0984375
0 0.51875 0.5296875 0.12578125 0.08671875
1 0.3421874999999999 0.37421875 0.07578125 0.08046875
0 0.25234375 0.6921875 0.44765625 0.12734375
0 0.6328125000000001 0.5234375 0.11875 0.0828125
0 0.7578125 0.51953125 0.1046875 0.08125
0 0.0953125 0.3859375 0.08828125 0.06484375
0 0.64765625 0.65859375 0.353125 0.1140625
0 0.85859375 0.51328125 0.1015625 0.06953125
0 0.95078125 0.509375 0.09765625 0.0640625
1 0.0296875 0.3640625 0.05859375 0.10546875
1 0.77265625 0.375 0.08125 0.07109375
0 0.02265625 0.71796875 0.0453125 0.13359375
1 0.6765625 0.37109375 0.071875 0.07578125
0 0.010937499999999998 0.5546874999999999 0.02109375 0.09609375
