1 0.69765625 0.4203125 0.16953125 0.13046875
1 0.8671875 0.42109375 0.15859375 0.1484375
1 0.54765625 0.4078125000000001 0.14296875 0.12578125
1 0.18359375 0.359375 0.075 0.11875
1 0.10078125 0.35546875 0.09921875 0.1078125
1 0.2953125 0.36328125 0.15625 0.1109375
0 0.5140625 0.8953125 0.3734375 0.20390625
1 0.97421875 0.43046875 0.0515625 0.1578125
0 0.025 0.3578125 0.05 0.04375
0 0.165625 0.88828125 0.29609375 0.21796875
0 0.04296875 0.79609375 0.0859375 0.25234375
0 0.0265625 0.378125 0.053125 0.04140625
