0 0.48125 0.415625 0.1171875 0.12890625
0 0.49609375 0.3203125 0.0875 0.0671875
0 0.8484374999999998 0.6875 0.303125 0.20859375
0 0.41875 0.64765625 0.24375 0.33125
1 0.68046875 0.24921875 0.14609375 0.07421875
1 0.19609375 0.28125 0.171875 0.0765625
0 0.5015625 0.2671875 0.07109375 0.04375
0 0.8140625 0.5265625 0.33359375 0.11875
0 0.76328125 0.4390625 0.2625 0.07578125
0 0.06953125 0.4140625 0.1390625 0.059375
0 0.7359375 0.375 0.2390625 0.05546875
0 0.10390625 0.3648437500000001 0.1765625 0.04375
0 0.715625 0.33515625 0.2109375 0.04140625
0 0.153125 0.328125 0.16953125 0.0359375
0 0.5078125 0.2296875 0.0609375 0.03203125
0 0.85859375 0.88515625 0.27734375 0.22421875
1 0.95 0.1765625 0.09921875 0.059375
0 0.68828125 0.30390625 0.16171875 0.0296875
0 0.02421875 0.4781250000000001 0.0484375 0.08671875
