1 0.525 0.49453125 0.06953125 0.07109375
1 0.59296875 0.48125 0.075 0.06796875
0 0.5875 0.634375 0.1265625 0.09453125
0 0.47421875 0.66015625 0.11875 0.09453125
0 0.34609375 0.68125 0.10625 0.08984375
1 0.665625 0.46640625 0.0734375 0.07265625
0 0.72421875 0.61796875 0.14140625 0.096875
1 0.1046875 0.6859374999999999 0.16796875 0.14375
0 0.225 0.69609375 0.1015625 0.0984375
0 0.8664062500000002 0.59375 0.14609375 0.1015625
0 0.62890625 0.77890625 0.4140625 0.1265625
0 0.24921875 0.8375 0.3578125 0.13125
0 0.45390625 0.51484375 0.0703125 0.05625
0 0.90390625 0.740625 0.1859375 0.13203125
1 0.0125 0.71484375 0.02421875 0.1296875
0 0.9640625000000002 0.56875 0.071875 0.103125
0 0.04296875 0.86015625 0.0859375 0.11875
