1 0.25390625 0.30078125 0.08125 0.0796875
1 0.16953125 0.30546875 0.08671875 0.078125
0 0.2390625 0.4765625 0.14375 0.0890625
0 0.0984375 0.4890625 0.14765625 0.10078125
0 0.37578125 0.4664062500000001 0.13515625 0.090625
0 0.5109375 0.45625 0.1234375 0.090625
1 0.33046875 0.29687499999999994 0.0765625 0.08515625
0 0.240625 0.63359375 0.45 0.13671875
0 0.634375 0.5921875 0.35078125 0.1140625
0 0.621875 0.4476562499999999 0.115625 0.08515625
0 0.74609375 0.43984375 0.1078125 0.0859375
0 0.0796875 0.31953125 0.0921875 0.06484375
1 0.66796875 0.28984375 0.075 0.084375
0 0.84921875 0.43203125 0.109375 0.07265625
0 0.94609375 0.425 0.10703125 0.06953125
1 0.76015625 0.28984375 0.07421875 0.08203125
0 0.89765625 0.55703125 0.2015625 0.10625
1 0.0171875 0.3109375 0.034375 0.10625
1 0.63125 0.9015625 0.41796875 0.19609375
0 0.01796875 0.659375 0.0359375 0.140625
