0 0.71796875 0.696875 0.25078125 0.3953125
0 0.4640625 0.7046875 0.259375 0.403125
1 0.18515625 0.21640625 0.1234375 0.11328125
0 0.70078125 0.2203125 0.1078125 0.059375
0 0.2015625 0.71015625 0.26484375 0.38671875
1 0.071875 0.22421875 0.09453125 0.109375
0 0.59296875 0.22578125 0.10390625 0.05859375
0 0.4007812499999999 0.2359375 0.10078125 0.0625
0 0.5 0.23125 0.10390625 0.05859375
0 0.2953125 0.2390625 0.103125 0.06171875
1 0.62734375 0.09765625 0.0625 0.0765625
1 0.5640625 0.10390625 0.06875 0.0734375
0 0.80546875 0.21171875 0.1046875 0.06015625
1 0.9140625 0.61953125 0.16796875 0.5078125
0 0.36015625 0.32421875 0.28515625 0.0609375
0 0.4375 0.12734375 0.0703125 0.0453125
0 0.64609375 0.31249999999999994 0.29453125 0.0734375
1 0.50078125 0.109375 0.06015625 0.07265625
0 0.3046875 0.13359375 0.0765625 0.04296875
1 0.01484375 0.2265625 0.0296875 0.1125
1 0.37421875 0.11875 0.06328125 0.07265625
0 0.0328125 0.7171875 0.0625 0.34921875
0 0.1109375 0.325 0.221875 0.07421875
