0 0.3640625 0.4453125 0.121875 0.13359375
0 0.38359375 0.3453125000000001 0.0921875 0.06875
1 0.0796875 0.28359375 0.15546875 0.09140625
1 0.571875 0.29375 0.134375 0.07578125
0 0.30859375 0.70078125 0.25 0.36953125
0 0.390625 0.29296874999999994 0.07265625 0.0421875
0 0.653125 0.47734375 0.24609375 0.0734375
0 0.6203125 0.42109375 0.21015625 0.05390625
0 0.71015625 0.58203125 0.31640625 0.1171875
0 0.6015625 0.37265625 0.1765625 0.03828125
0 0.7859375 0.73125 0.40859375 0.21640625
0 0.39375 0.2578125 0.06484375 0.0328125
0 0.5875 0.340625 0.14609375 0.03046875
0 0.8109375 0.8992187499999998 0.378125 0.18984375
0 0.05546875 0.33984375 0.109375 0.0328125
0 0.0265625 0.37578125 0.053125 0.0453125
0 0.93515625 0.29375 0.11953125 0.02265625
0 0.97421875 0.31640625000000006 0.0515625 0.02421875
