0 0.2234375 0.4796875 0.1390625 0.140625
0 0.24140625 0.371875 0.09609375 0.075
0 0.2015625 0.73828125 0.21328125 0.38671875
0 0.48828125 0.44140625 0.19921875 0.0546875
0 0.525 0.5015625 0.24609375 0.07890625
1 0.44218750000000007 0.31640625 0.13203125 0.0703125
0 0.57265625 0.590625 0.3140625 0.128125
0 0.46796875 0.39375 0.16953125 0.0390625
0 0.25 0.31953125 0.075 0.04453125
1 0.934375 0.34375 0.1125 0.115625
0 0.45624999999999993 0.3625 0.153125 0.03203125
0 0.74609375 0.8875 0.4953125 0.21875
0 0.83671875 0.3296875 0.0734375 0.02578125
0 0.725 0.72578125 0.53515625 0.2296875
0 0.85703125 0.35234375 0.05078125 0.0328125
