0 0.42109375 0.56875 0.2640625 0.39609375
0 0.6671875 0.5390625 0.24921875 0.40078125
1 0.0796875 0.06953125 0.14296875 0.13046875
0 0.20625 0.09140625 0.11875 0.0734375
0 0.14921875 0.5953125 0.27890625 0.40234375
0 0.525 0.07734375 0.10625 0.0625
0 0.7328125 0.0546875 0.1046875 0.0640625
0 0.315625 0.08828125 0.10859375 0.06953125
0 0.6265625 0.0625 0.11015625 0.0625
0 0.4203125 0.08359375 0.11015625 0.0640625
0 0.8375 0.04453125 0.10546875 0.06015625
1 0.8914062499999998 0.46328125 0.2171875 0.4609375
0 0.57421875 0.15625 0.29921875 0.07890625
0 0.28359375 0.18203125 0.3109375 0.078125
1 0.00859375 0.08125 0.01640625 0.12734375
0 0.9289062500000002 0.03359375 0.1109375 0.0609375
