0 0.121875 0.671875 0.23359375 0.4109375
0 0.621875 0.58359375 0.24765625 0.40234375
0 0.3671875 0.64375 0.26796875 0.41796875
1 0.05078125 0.13828125 0.10078125 0.1234375
0 0.4765625 0.1296875 0.10234375 0.06484375
0 0.159375 0.15546875 0.121875 0.0703125
0 0.2765625 0.146875 0.1078125 0.06796875
0 0.6796875 0.1078125 0.1015625 0.06484375
0 0.5765625 0.11875 0.10546875 0.0625
0 0.3734375 0.13828125 0.10859375 0.0640625
0 0.53125 0.2171875 0.28046875 0.07890625
0 0.30625 0.03203125 0.0734375 0.0484375
1 0.8523437499999998 0.48671875 0.29140625 0.43828125
1 0.3765625 0.02578125 0.071875 0.0515625
0 0.23203125 0.24375 0.31484375 0.0828125
0 0.16484375 0.0453125 0.078125 0.05078125
1 0.5078125 0.01953125 0.06640625 0.03828125
1 0.44375 0.02265625 0.06640625 0.04453125
1 0.2359375 0.03046875 0.071875 0.0609375
1 0.57265625 0.01484375 0.065625 0.0296875
