1 0.40546875 0.34375 0.0765625 0.08515625
0 0.39609375 0.51015625 0.13046875 0.09453125
0 0.525 0.50546875 0.12578125 0.0890625
0 0.27265625 0.5 0.13359375 0.09765625
0 0.653125 0.51015625 0.12890625 0.09375
0 0.125 0.49921875 0.12890625 0.0984375
1 0.334375 0.3421875 0.07890625 0.08125
1 0.48125 0.34375 0.071875 0.0875
0 0.77890625 0.5171875 0.13046875 0.096875
0 0.25234375 0.35078125 0.08203125 0.0625
0 0.4140625 0.6531249999999998 0.41640625 0.13203125
0 0.10234375 0.65546875 0.2046875 0.1265625
0 0.7984375 0.6593750000000002 0.38828125 0.12578125
0 0.91171875 0.521875 0.10859375 0.090625
1 0.1734375 0.32578125 0.090625 0.1
1 0.83046875 0.3546875 0.0875 0.09609375
0 0.025 0.3484375 0.05 0.059375
0 0.03046875 0.49375 0.0609375 0.103125
