1 0.07734375 0.64921875 0.1546875 0.146875
0 0.56171875 0.64296875 0.1296875 0.09375
0 0.4453125 0.64609375 0.11953125 0.0953125
1 0.646875 0.4703125 0.07265625 0.08125
0 0.69453125 0.6328124999999999 0.134375 0.09609375
0 0.83984375 0.61875 0.14453125 0.10078125
1 0.571875 0.4781250000000001 0.0734375 0.07890625
0 0.32109375 0.6625 0.109375 0.09453125
1 0.50078125 0.49453125 0.06953125 0.07265625
0 0.19140625 0.6671875 0.10234375 0.10234375
0 0.59921875 0.78046875 0.41328125 0.125
0 0.43359375 0.50390625 0.0734375 0.05859375
0 0.21328125 0.8140625 0.37109375 0.12265625
0 0.8859375 0.7585937499999998 0.215625 0.12734375
1 0.3625 0.49296875 0.0765625 0.084375
0 0.95078125 0.6054687500000001 0.0984375 0.1109375
