0 0.54921875 0.6953125 0.125 0.0921875
0 0.4296875 0.7078125 0.11875 0.090625
1 0.5546875 0.5375 0.0734375 0.07109375
1 0.62578125 0.53046875 0.07265625 0.075
0 0.67734375 0.6859375 0.13828125 0.08828125
0 0.8203125 0.67421875 0.14296875 0.09609375
0 0.303125 0.7203125 0.109375 0.09140625
1 0.0703125 0.71953125 0.13515625 0.14765625
0 0.1765625 0.740625 0.10546875 0.09375
0 0.57265625 0.85078125 0.4109375 0.121875
0 0.9406250000000002 0.65703125 0.11875 0.1046875
1 0.4859375 0.54921875 0.06484375 0.06953125
0 0.1953125 0.87421875 0.37109375 0.115625
0 0.415625 0.56640625 0.07265625 0.05390625
0 0.8828125 0.8171875 0.22890625 0.12890625
1 0.3421875 0.55625 0.075 0.08515625
