0 0.77890625 0.68203125 0.25703125 0.409375
1 0.22734375 0.1796875 0.11484375 0.11015625
0 0.5140625 0.67734375 0.25390625 0.396875
0 0.43828125 0.203125 0.1 0.06328125
0 0.7421875 0.19453125 0.11015625 0.06328125
1 0.6078125 0.06953125 0.06640625 0.07421875
0 0.25859375 0.67109375 0.25546875 0.384375
0 0.640625 0.2 0.1046875 0.06015625
0 0.3390625 0.20234375 0.11015625 0.06328125
1 0.1265625 0.18046875 0.090625 0.11171875
0 0.53828125 0.2015625 0.10625 0.059375
0 0.475 0.0921875 0.0703125 0.04765625
1 0.5421875 0.0734375 0.06796875 0.0765625
0 0.06875 0.66796875 0.13671875 0.36796875
1 0.67421875 0.06171875 0.06484375 0.08125
0 0.859375 0.19140625 0.11328125 0.06328125
0 0.6890625 0.28828125 0.30625 0.075
0 0.40390625 0.2921875 0.2859375 0.06953125
0 0.3453125 0.09609375 0.071875 0.04921875
1 0.41484375 0.08203125 0.065625 0.07421875
1 0.93828125 0.60625 0.1203125 0.490625
0 0.13515625 0.28515624999999994 0.2703125 0.06953125
1 0.73984375 0.06328125 0.075 0.0734375
1 0.03984375 0.171875 0.0796875 0.11953125
0 0.959375 0.18828125 0.08125 0.0609375
