1 0.5109375 0.89609375 0.1171875 0.19921875
0 0.5515625 0.78828125 0.115625 0.171875
0 0.59140625 0.5742187500000001 0.096875 0.12265625
0 0.24140625 0.4625 0.06875 0.11484375
1 0.35 0.30390625 0.05859375 0.0875
0 0.5734375 0.6734375 0.1 0.15390625
0 0.60234375 0.4859375 0.090625 0.11484375
0 0.31875 0.34765625 0.0640625 0.0953125
1 0.246875 0.334375 0.0640625 0.0953125
1 0.15078125 0.43125 0.075 0.1234375
1 0.509375 0.4953125 0.0953125 0.0921875
0 0.6296875 0.4203125 0.08359375 0.09765625
0 0.64140625 0.35703125 0.0828125 0.08125
0 0.28046875 0.40546875 0.06328125 0.10234375
1 0.1015625 0.5046875 0.07109375 0.13203125
0 0.27890625 0.29140625 0.0578125 0.0875
1 0.3773437499999999 0.25703125 0.0578125 0.07890625
1 0.4015625 0.225 0.05078125 0.078125
1 0.20546875 0.37578125 0.0671875 0.1171875
0 0.66953125 0.28046875 0.07421875 0.06796875
0 0.65859375 0.31484375 0.0796875 0.0703125
1 0.365625 0.9132812500000002 0.15625 0.1734375
0 0.53984375 0.41953125 0.08515625 0.0796875
0 0.5703124999999999 0.31796875 0.08046875 0.06640625
0 0.57578125 0.2765625 0.078125 0.0625
0 0.54765625 0.3640625 0.09140625 0.0703125
1 0.33828125 0.22265625 0.0546875 0.0859375
0 0.31015625 0.25546875 0.0546875 0.08671875
1 0.90390625 0.95546875 0.1734375 0.08828125
