1 0.33515625 0.96640625 0.1796875 0.0671875
1 0.47109375 0.92578125 0.2234375 0.1484375
1 0.5625 0.87890625 0.2375 0.2421875
1 0.6453125 0.8140625 0.228125 0.23125
1 0.72890625 0.7515625 0.2296875 0.24375
0 0.7960937500000002 0.684375 0.2203125 0.234375
1 0.86171875 0.6359375 0.2265625 0.209375
1 0.9070312499999998 0.5765625 0.1859375 0.203125
1 0.9359375 0.52578125 0.128125 0.1765625
1 0.0640625 0.69921875 0.09375 0.1578125
1 0.12265625 0.65546875 0.1578125 0.1796875
0 0.2109375 0.61015625 0.1625 0.1796875
1 0.284375 0.57421875 0.165625 0.1859375
0 0.3578125 0.52578125 0.15625 0.1703125
1 0.43281249999999993 0.48359374999999993 0.153125 0.1765625
1 0.4890625 0.4453125 0.153125 0.1625
0 0.55 0.4140625 0.134375 0.15
0 0.6015625 0.38515625 0.1375 0.1421875
1 0.6476562500000002 0.340625 0.1453125 0.153125
1 0.6976562499999999 0.30234375 0.1359375 0.1578125
1 0.75234375 0.27890625 0.1421875 0.1515625
1 0.79140625 0.24375 0.1265625 0.134375
1 0.840625 0.2171875 0.14375 0.15625
1 0.0609375 0.52109375 0.121875 0.1703125
1 0.12109375 0.49140625 0.1234375 0.1421875
1 0.19609375 0.4554687499999999 0.1359375 0.1515625
0 0.25625 0.43671874999999993 0.125 0.1296875
0 0.32734375 0.3984375 0.1390625 0.140625
0 0.38203125 0.36718750000000006 0.1265625 0.1375
1 0.43359375 0.34296875 0.1359375 0.1390625
1 0.49609375 0.31171875 0.1265625 0.1296875
0 0.53828125 0.2875 0.1296875 0.15
0 0.5796875 0.24921874999999996 0.1375 0.1421875
0 0.62578125 0.21875 0.1453125 0.15
0 0.659375 0.20390625 0.125 0.1203125
0 0.69765625 0.18671875 0.1296875 0.1328125
1 0.37578125 0.18828125 0.1109375 0.1234375
1 0.43046875 0.16328125 0.1109375 0.1234375
0 0.47421875 0.16171875 0.1109375 0.1203125
0 0.52890625 0.13359375 0.1171875 0.1171875
1 0.5609375 0.09921875 0.115625 0.1078125
1 0.60703125 0.0734375 0.1109375 0.103125
