1 0.280870 0.347536 0.063768 0.203865
1 0.354783 0.348502 0.066667 0.203865
1 0.503092 0.346570 0.073430 0.196135
1 0.580870 0.349952 0.062802 0.200966
1 0.655266 0.352850 0.066667 0.200966
1 0.728213 0.354783 0.057971 0.197101
1 0.802609 0.354783 0.061836 0.197101
1 0.877488 0.359614 0.060870 0.199034
1 0.932077 0.362029 0.028986 0.203865
1 0.274106 0.552850 0.069565 0.200966
1 0.351884 0.555749 0.062802 0.189372
1 0.427729 0.556715 0.061836 0.199034
1 0.870725 0.562029 0.068599 0.198068
1 0.929179 0.566860 0.032850 0.188406
1 0.575556 0.552850 0.073430 0.197101
0 0.505024 0.555266 0.073430 0.194203
0 0.649952 0.559614 0.059903 0.191304
0 0.724831 0.561546 0.062802 0.197101
0 0.800193 0.560580 0.064734 0.195169