0 0.636000 0.612696 0.201739 0.144348
0 0.667304 0.484000 0.166957 0.106087
0 0.686435 0.369217 0.187826 0.088696
0 0.701217 0.304000 0.168696 0.069565
0 0.702956 0.222261 0.161739 0.038261
0 0.715130 0.180522 0.144348 0.066087
0 0.712522 0.127478 0.156522 0.040000
0 0.740348 0.032696 0.132174 0.041739
0 0.745565 0.090087 0.177391 0.034783
0 0.282956 0.323130 0.149565 0.080000
0 0.222956 0.437043 0.144348 0.081739
0 0.146435 0.583130 0.182609 0.099130
0 0.111652 0.683130 0.154783 0.125217
0 0.066435 0.815304 0.088696 0.142609
1 0.182956 0.511826 0.144348 0.085217
1 0.338609 0.204870 0.125217 0.066087
1 0.311652 0.261391 0.140870 0.060870
1 0.362087 0.159652 0.113043 0.059130
1 0.378535 0.109726 0.118408 0.061592
1 0.406435 0.064000 0.104348 0.048696
1 0.251652 0.097043 0.100870 0.055652
1 0.224696 0.144870 0.109565 0.053913
1 0.194261 0.197913 0.111304 0.059130
1 0.155130 0.250087 0.088696 0.059130
1 0.128174 0.304870 0.111304 0.057391
1 0.059478 0.412696 0.099130 0.095652
1 0.033652 0.488348 0.067304 0.055652
1 0.602956 0.740522 0.219130 0.156522
1 0.577739 0.881391 0.206957 0.180870
1 0.517739 0.969391 0.201739 0.061217
1 0.432522 0.022435 0.093913 0.044870
1 0.281281 0.054920 0.095195 0.032952