0 0.116726 0.259847 0.065473 0.139130
0 0.179130 0.255754 0.059335 0.145269
0 0.246650 0.259847 0.063427 0.139130
0 0.305985 0.256777 0.055243 0.137084
0 0.359693 0.261381 0.048082 0.136061
0 0.416471 0.256777 0.063427 0.141176
0 0.539744 0.258824 0.060358 0.143223
0 0.600102 0.258312 0.060358 0.140153
0 0.661483 0.255754 0.060358 0.139130
0 0.722353 0.254220 0.057289 0.142199
0 0.782711 0.252685 0.061381 0.135038
0 0.842046 0.249105 0.055243 0.129923
0 0.903939 0.250639 0.054220 0.137084
0 0.124399 0.506905 0.072634 0.138107
0 0.189361 0.506905 0.047059 0.142199
0 0.248184 0.504348 0.066496 0.141176
0 0.310588 0.505371 0.054220 0.143223
0 0.367877 0.502302 0.062404 0.139130
0 0.429258 0.502813 0.060358 0.144246
0 0.529514 0.503325 0.068542 0.137084
0 0.594476 0.500256 0.065473 0.141176
0 0.658414 0.499233 0.060358 0.143223
0 0.717238 0.496675 0.063427 0.140153
0 0.783734 0.499744 0.057289 0.138107
0 0.844604 0.496675 0.056266 0.140153
0 0.903939 0.494629 0.062404 0.144246
0 0.161739 0.898107 0.057289 0.144246
0 0.223120 0.895038 0.061381 0.136061
0 0.285013 0.897084 0.060358 0.140153
0 0.347417 0.898619 0.054220 0.143223
0 0.414425 0.896061 0.063427 0.136061
0 0.478875 0.895038 0.053197 0.136061
0 0.536675 0.897084 0.052174 0.140153
0 0.598568 0.897084 0.053197 0.140153
0 0.658926 0.896061 0.061381 0.138107
0 0.719284 0.897596 0.055243 0.135038
0 0.781688 0.897084 0.063427 0.138107
0 0.838977 0.898619 0.045013 0.143223