1 0.423826 0.205217 0.090435 0.187826
1 0.524760 0.201373 0.095195 0.194050
1 0.619497 0.199085 0.072311 0.193135
1 0.601648 0.645675 0.098856 0.203570
1 0.708284 0.649611 0.088787 0.198627
1 0.811259 0.650984 0.097025 0.201373
1 0.291350 0.647048 0.091533 0.198993
1 0.389748 0.860961 0.096110 0.203204
1 0.494554 0.858215 0.097025 0.205034
1 0.702334 0.858673 0.095195 0.202288
1 0.808513 0.863249 0.093364 0.198627
1 0.183341 0.859130 0.100686 0.203204
0 0.218508 0.200458 0.087103 0.194050
0 0.322014 0.205492 0.088787 0.194966
0 0.709657 0.201831 0.091533 0.187643
0 0.392952 0.649977 0.093364 0.198627
0 0.497757 0.647689 0.094279 0.203204
0 0.602105 0.861419 0.096110 0.204119
0 0.290435 0.860961 0.095195 0.201373
0 0.187460 0.649977 0.083295 0.207780
0 0.080883 0.860503 0.093245 0.213272
0 0.132998 0.693913 0.000000 0.013730
1 0.085368 0.649519 0.095259 0.195881
1 0.019478 0.652696 0.036522 0.196522
1 0.014261 0.865739 0.026087 0.198261
0 0.064232 0.205797 0.091594 0.195942