0 0.141913 0.771130 0.066087 0.255304
0 0.212058 0.766609 0.064928 0.241159
0 0.276406 0.770667 0.056812 0.235362
0 0.339014 0.770087 0.068406 0.234203
0 0.403942 0.767768 0.056812 0.231884
0 0.471188 0.768928 0.056812 0.236522
0 0.535536 0.779362 0.057971 0.257391
0 0.598145 0.771246 0.057971 0.241159
0 0.668870 0.779362 0.060290 0.243478
0 0.736696 0.773565 0.061449 0.231884
0 0.802203 0.775884 0.048696 0.231884
0 0.861913 0.775884 0.066087 0.238841
0 0.932638 0.778203 0.073043 0.236522
0 0.150609 0.264348 0.053333 0.231884
0 0.217275 0.259710 0.059130 0.224928
0 0.275246 0.262029 0.054493 0.236522
0 0.341913 0.264348 0.064928 0.227246
1 0.406261 0.263768 0.054493 0.228406
0 0.468290 0.262029 0.062609 0.231884
0 0.536696 0.262609 0.067246 0.233043
0 0.602783 0.263188 0.062609 0.229565
0 0.672348 0.263188 0.067246 0.229565
0 0.737275 0.262029 0.057971 0.224928
0 0.798725 0.263188 0.060290 0.229565
0 0.861333 0.264928 0.064928 0.230725
0 0.925101 0.264928 0.060290 0.230725
0 0.979362 0.264928 0.041275 0.228406
0 0.146551 0.068406 0.056812 0.136812
0 0.210319 0.066087 0.056812 0.132174
0 0.341333 0.070145 0.054493 0.140290
0 0.406841 0.070145 0.055652 0.140290
0 0.471188 0.067826 0.059130 0.135652
0 0.601043 0.064928 0.070725 0.129855
0 0.668290 0.071304 0.056812 0.124058
0 0.737275 0.068986 0.064928 0.137971
0 0.802783 0.067826 0.052174 0.135652
0 0.864232 0.068986 0.059130 0.137971
0 0.928000 0.069565 0.052174 0.139130
0 0.984000 0.068406 0.032000 0.136812
1 0.279884 0.070145 0.061449 0.133333
1 0.537275 0.073623 0.070725 0.133333