1 0.405101 0.296232 0.100870 0.068406
1 0.721043 0.557101 0.095072 0.063768
1 0.503652 0.630029 0.093913 0.062609
1 0.504232 0.431768 0.090435 0.062609
1 0.507130 0.756754 0.096232 0.066087
1 0.412058 0.825159 0.098551 0.066087
1 0.188870 0.830377 0.090435 0.057971
1 0.092058 0.568000 0.093913 0.059130
1 0.722783 0.821101 0.091594 0.062609
1 0.722203 0.688348 0.090435 0.063768
1 0.857855 0.692986 0.083478 0.063768
1 0.861333 0.760812 0.088116 0.060290
1 0.855536 0.228986 0.085797 0.061449
0 0.086261 0.175072 0.091594 0.057971
0 0.091478 0.243478 0.088116 0.064928
0 0.180754 0.161739 0.085797 0.056812
0 0.184812 0.230725 0.093913 0.062609
0 0.188290 0.302609 0.093913 0.064928
0 0.087420 0.307246 0.093913 0.057971
0 0.090899 0.369275 0.093913 0.063768
0 0.185391 0.371014 0.090435 0.060290
0 0.188290 0.435362 0.096232 0.063768
0 0.090319 0.437681 0.095072 0.073043
0 0.191188 0.497971 0.092754 0.073043
0 0.090899 0.502609 0.100870 0.063768
0 0.191188 0.569275 0.097391 0.067246
0 0.191188 0.633275 0.095072 0.062609
0 0.093217 0.633275 0.098551 0.062609
0 0.188870 0.694145 0.092754 0.068406
0 0.093217 0.697043 0.096232 0.064928
0 0.091478 0.763130 0.092754 0.064928
0 0.187710 0.761971 0.099710 0.057971
0 0.094957 0.830377 0.095072 0.067246
0 0.189449 0.895884 0.086957 0.063768
0 0.094377 0.899942 0.096232 0.067246
0 0.405681 0.165217 0.097391 0.063768
0 0.507710 0.166957 0.095072 0.060290
0 0.405681 0.229565 0.092754 0.055652
0 0.504232 0.231304 0.092754 0.059130
0 0.504232 0.298551 0.088116 0.056812
0 0.404522 0.370435 0.097391 0.059130
0 0.504812 0.360580 0.100870 0.057971
0 0.408000 0.432116 0.108986 0.063768
0 0.504232 0.498203 0.104348 0.059130
0 0.403942 0.498783 0.098551 0.062609
0 0.406261 0.564290 0.093913 0.068406
0 0.508290 0.560232 0.096232 0.055652
0 0.409739 0.628058 0.098551 0.054493
0 0.410319 0.755594 0.095072 0.061449
0 0.513507 0.826319 0.102029 0.066087
0 0.414377 0.895884 0.091594 0.066087
0 0.513507 0.888928 0.097391 0.070725
0 0.715826 0.153623 0.103188 0.073043
0 0.723362 0.229565 0.095072 0.069565
0 0.726841 0.297971 0.102029 0.060290
0 0.723362 0.363478 0.095072 0.066087
0 0.726261 0.427246 0.093913 0.056812
0 0.723362 0.490667 0.095072 0.063072
0 0.724522 0.626899 0.099710 0.054493
0 0.726841 0.890087 0.092754 0.070725
0 0.727420 0.750957 0.103188 0.059130
0 0.858435 0.297391 0.089275 0.061449
0 0.858435 0.365797 0.089275 0.059130
0 0.858435 0.431304 0.084638 0.060290
0 0.859594 0.497971 0.086957 0.063768
0 0.861333 0.567188 0.083478 0.060290
0 0.859594 0.627478 0.080000 0.051014
0 0.859594 0.824580 0.084638 0.060290
0 0.860754 0.889507 0.082319 0.051014