0 0.362087 0.346957 0.078261 0.182609
0 0.454261 0.346957 0.088696 0.186087
0 0.368174 0.175652 0.076522 0.149565
0 0.696000 0.181739 0.099130 0.151304
0 0.780348 0.185217 0.107826 0.144348
0 0.862087 0.185217 0.114783 0.144348
0 0.816870 0.351304 0.125217 0.184348
0 0.909043 0.354783 0.121739 0.173913
0 0.798609 0.846087 0.154783 0.290435
0 0.916870 0.846087 0.158261 0.297391
0 0.688174 0.848696 0.135652 0.299130
0 0.570783 0.848696 0.123478 0.299130
0 0.341217 0.852174 0.099130 0.292174
0 0.225565 0.847826 0.090435 0.283478
0 0.109246 0.847942 0.086551 0.283246
0 0.086435 0.349565 0.062609 0.187826
0 0.180348 0.351304 0.062609 0.184348
0 0.204696 0.178261 0.062609 0.158261
0 0.116870 0.167826 0.050435 0.147826
0 0.025826 0.165217 0.051652 0.149565
1 0.016261 0.344348 0.032522 0.198261
1 0.263826 0.346957 0.083478 0.189565
1 0.281217 0.173913 0.073043 0.149565
1 0.449043 0.177391 0.074783 0.146087
1 0.542493 0.348986 0.102029 0.187826
1 0.530899 0.175652 0.076522 0.147246
1 0.637565 0.348406 0.099710 0.179710
1 0.728580 0.348406 0.054493 0.177391
1 0.621913 0.183768 0.082319 0.147246
1 0.457855 0.850087 0.111304 0.292174
1 0.019014 0.851246 0.031304 0.294493
0 0.941333 0.183188 0.111304 0.153043