0 0.045565 0.189217 0.074783 0.253913
0 0.136000 0.190087 0.085217 0.259130
0 0.222087 0.192696 0.083478 0.250435
0 0.315130 0.192696 0.092174 0.257391
0 0.406435 0.189217 0.073043 0.253913
0 0.842087 0.187478 0.085217 0.250435
0 0.932522 0.187478 0.085217 0.253913
0 0.131652 0.839652 0.093913 0.292174
0 0.216870 0.839652 0.086957 0.288696
0 0.309913 0.839652 0.088696 0.292174
0 0.844696 0.827478 0.090435 0.288696
1 0.493391 0.188348 0.097391 0.259130
1 0.582087 0.189217 0.083478 0.257391
1 0.666435 0.190957 0.085217 0.246957
1 0.754261 0.185739 0.090435 0.240000
1 0.396870 0.837913 0.085217 0.299130
1 0.489913 0.834435 0.090435 0.302609
1 0.581217 0.834435 0.088696 0.295652
1 0.667304 0.831826 0.083478 0.300870
1 0.754261 0.835304 0.080000 0.293913
1 0.930783 0.824870 0.081739 0.300870
1 0.045565 0.842261 0.088696 0.293913