0 0.957739 0.346957 0.069565 0.151304
0 0.962348 0.123478 0.075304 0.146087
0 0.126435 0.337391 0.069565 0.156522
0 0.126435 0.120000 0.066087 0.166957
0 0.052522 0.122609 0.074783 0.161739
0 0.056000 0.343478 0.085217 0.154783
1 0.059478 0.667826 0.071304 0.160000
1 0.137739 0.666957 0.071304 0.165217
1 0.889043 0.123478 0.071304 0.156522
1 0.884696 0.341739 0.069565 0.154783
1 0.729913 0.669565 0.076522 0.149565
1 0.806435 0.665217 0.069565 0.154783
1 0.881217 0.668696 0.069565 0.158261
1 0.954261 0.666087 0.059130 0.149565