0 0.338609 0.486957 0.243478 0.160000
0 0.355130 0.336522 0.255652 0.154783
0 0.364696 0.186957 0.243478 0.144348
0 0.613391 0.358261 0.260870 0.166957
0 0.616000 0.511304 0.262609 0.156522
0 0.600348 0.656522 0.238261 0.161739
0 0.322956 0.786957 0.253913 0.147826
0 0.584696 0.938261 0.252174 0.123478
1 0.376870 0.065217 0.267826 0.130434
1 0.642087 0.074783 0.248696 0.149565
1 0.630783 0.196522 0.257391 0.128696
1 0.592522 0.793913 0.253913 0.133913
1 0.337739 0.635652 0.259130 0.126957
1 0.314261 0.928696 0.240000 0.121739