0 0.082087 0.856174 0.095652 0.234783
0 0.127304 0.618783 0.106087 0.194783
0 0.449913 0.275304 0.100870 0.140870
0 0.345565 0.270957 0.093913 0.135652
0 0.219478 0.273565 0.095652 0.130435
0 0.100348 0.271826 0.076522 0.137391
0 0.028174 0.137043 0.029565 0.139130
0 0.418609 0.149217 0.080000 0.100870
0 0.521217 0.150957 0.083478 0.135652
0 0.627304 0.150087 0.090435 0.126957
0 0.933391 0.164000 0.121739 0.109565
0 0.798609 0.288348 0.116522 0.139130
0 0.360348 0.862261 0.123478 0.246957
0 0.509043 0.866609 0.135652 0.238261
0 0.669043 0.875304 0.153043 0.227826
0 0.827304 0.877043 0.128696 0.227826
0 0.805565 0.654435 0.151304 0.203478
0 0.364696 0.641391 0.132174 0.187826
0 0.020609 0.612696 0.041217 0.189565
0 0.957130 0.877043 0.085739 0.227826
1 0.559478 0.286609 0.118261 0.142609
1 0.682956 0.286609 0.097391 0.132174
1 0.716000 0.153565 0.086957 0.116522
1 0.823826 0.167478 0.097391 0.116522
1 0.906435 0.295304 0.102609 0.128696
0 0.990174 0.297043 0.019652 0.111304
1 0.516000 0.643130 0.132174 0.219130
1 0.675130 0.653565 0.137391 0.201739
1 0.113391 0.148348 0.088696 0.109565
1 0.225565 0.152696 0.076522 0.111304
1 0.328174 0.156174 0.086957 0.100870
1 0.020348 0.274435 0.031304 0.135652
1 0.224696 0.857913 0.106087 0.234783