1 0.921217 0.656522 0.132174 0.293913
1 0.781217 0.656522 0.137391 0.304348
1 0.642956 0.660870 0.132174 0.313043
1 0.915130 0.357391 0.130435 0.286957
1 0.643826 0.349565 0.130435 0.302609
1 0.366435 0.363478 0.135652 0.295652
1 0.087304 0.667826 0.137391 0.299130
1 0.231652 0.672174 0.130435 0.293913
0 0.089043 0.365217 0.126957 0.299130
0 0.229043 0.370435 0.114783 0.288696
0 0.508174 0.357391 0.133913 0.293913
0 0.787304 0.357391 0.121739 0.283478
0 0.362956 0.666957 0.121739 0.307826
0 0.511652 0.664348 0.133913 0.309565