0 0.481623 0.042319 0.249275 0.075362
0 0.728580 0.042899 0.246957 0.081159
0 0.482783 0.128116 0.249275 0.075362
0 0.735536 0.130435 0.253913 0.086957
0 0.486841 0.219710 0.262029 0.086957
0 0.734957 0.218551 0.248116 0.086957
0 0.736696 0.308406 0.249275 0.092754
0 0.486841 0.306667 0.243478 0.086957
0 0.738435 0.395362 0.245797 0.088116
0 0.490319 0.391304 0.241159 0.086957
0 0.733797 0.481159 0.252754 0.081159
0 0.489159 0.480580 0.243478 0.093913
0 0.734957 0.564638 0.245797 0.090435
0 0.492058 0.566377 0.240000 0.086957
0 0.739594 0.650435 0.250435 0.071884
0 0.493797 0.648116 0.243478 0.076522