0 0.039478 0.390087 0.073043 0.203478
0 0.120348 0.390087 0.081739 0.217391
0 0.202956 0.385739 0.086957 0.215652
0 0.285565 0.390957 0.078261 0.215652
0 0.371652 0.390957 0.080000 0.212174
0 0.452522 0.387478 0.071304 0.208696
0 0.801217 0.397913 0.076522 0.215652
0 0.886435 0.393565 0.090435 0.224348
0 0.965565 0.390957 0.057391 0.215652
0 0.075246 0.893565 0.069565 0.209855
0 0.158145 0.891246 0.082319 0.212174
0 0.241623 0.889507 0.075362 0.213333
0 0.327420 0.892986 0.082319 0.211014
0 0.411478 0.892580 0.074203 0.214840
0 0.548870 0.889507 0.086957 0.215652
0 0.631768 0.893159 0.078841 0.213681
0 0.714087 0.894145 0.081159 0.211014
0 0.793507 0.897217 0.070725 0.205565
0 0.868870 0.893565 0.080000 0.209855
0 0.952348 0.894145 0.080000 0.208696