0 0.411652 0.325217 0.048696 0.219130
0 0.531652 0.322609 0.045217 0.241739
0 0.598609 0.331304 0.074783 0.224348
0 0.777739 0.335652 0.057391 0.226087
0 0.202956 0.664348 0.062609 0.201739
0 0.450783 0.672174 0.046957 0.182609
0 0.519478 0.674783 0.069565 0.191304
1 0.222087 0.312174 0.041739 0.213913
1 0.285565 0.305217 0.053913 0.227826
1 0.356870 0.308696 0.057391 0.210435
1 0.476870 0.315652 0.050435 0.210435
1 0.658609 0.326087 0.048696 0.217391
1 0.725565 0.326957 0.060870 0.222609
1 0.266435 0.663478 0.053913 0.196522
1 0.769043 0.681739 0.053913 0.187826
1 0.703826 0.689565 0.052174 0.196522
1 0.637739 0.682609 0.045217 0.189565
1 0.576870 0.683478 0.055652 0.184348
1 0.394261 0.666087 0.052174 0.194783
1 0.329043 0.671304 0.050435 0.198261