0 0.758609 0.328348 0.137391 0.080000
0 0.755826 0.416000 0.129855 0.076522
0 0.906844 0.327384 0.140862 0.077841
0 0.754272 0.502674 0.142239 0.075957
0 0.904891 0.502065 0.132609 0.083696
0 0.750000 0.589022 0.133696 0.079348
0 0.902174 0.591739 0.146739 0.078261
0 0.752717 0.679783 0.132609 0.073913
0 0.901087 0.681957 0.140217 0.076087
0 0.749457 0.764783 0.139130 0.078261
0 0.901630 0.767500 0.136957 0.077174
0 0.750000 0.854457 0.138043 0.077174
0 0.900543 0.858261 0.143478 0.082609
0 0.750543 0.944130 0.141304 0.080435
0 0.435326 0.677826 0.136957 0.082609
0 0.430978 0.766957 0.147826 0.071739
0 0.436413 0.586087 0.141304 0.082609
0 0.440761 0.415978 0.141304 0.083696
0 0.433696 0.855543 0.151087 0.083696
0 0.436957 0.943587 0.161957 0.072826
0 0.432065 0.994348 0.150000 0.011304
0 0.309239 0.425435 0.110870 0.063043
1 0.442391 0.326522 0.144565 0.082609
1 0.309239 0.502609 0.104348 0.073913
1 0.440761 0.503152 0.136957 0.066304
1 0.309239 0.589022 0.100000 0.075000
1 0.309239 0.679239 0.095652 0.075000
1 0.301087 0.766739 0.090217 0.076087
0 0.903804 0.413043 0.141304 0.071739
0 0.303261 0.855000 0.094565 0.078261
0 0.301087 0.945761 0.094565 0.079348
1 0.900602 0.948094 0.143144 0.094983