0 0.144696 0.206957 0.116522 0.166957
0 0.043826 0.200870 0.078261 0.175652
0 0.459478 0.194783 0.092174 0.160000
0 0.360348 0.203478 0.102609 0.170435
0 0.649913 0.198261 0.090435 0.160000
0 0.748174 0.194783 0.095652 0.160000
0 0.849913 0.195652 0.097391 0.172174
0 0.949913 0.193043 0.092174 0.156522
0 0.098609 0.573043 0.177391 0.088696
0 0.702956 0.593913 0.095652 0.165217
0 0.804696 0.589565 0.093913 0.156522
0 0.898609 0.584348 0.083478 0.163478
0 0.976261 0.585217 0.047478 0.158261
0 0.101217 0.763478 0.186087 0.100870
1 0.545565 0.199130 0.086957 0.161739
1 0.101217 0.667826 0.189565 0.090435
1 0.097739 0.853913 0.193043 0.086957
1 0.096870 0.948696 0.187826 0.081739
1 0.609043 0.589565 0.099130 0.156522