0 0.234261 0.311826 0.107826 0.356522
0 0.349043 0.316174 0.104348 0.351304
0 0.471652 0.318783 0.095652 0.346087
0 0.576870 0.322261 0.111304 0.342609
0 0.922087 0.320522 0.116522 0.353043
0 0.702087 0.707478 0.097391 0.337391
0 0.577739 0.713565 0.120000 0.356522
0 0.454261 0.714435 0.099130 0.347826
1 0.693391 0.321391 0.097391 0.344348
1 0.809913 0.321391 0.104348 0.344348
1 0.233391 0.712696 0.109565 0.351304
1 0.345565 0.714435 0.100870 0.347826
1 0.809043 0.711826 0.113043 0.349565
1 0.919478 0.706609 0.107826 0.335652