0 0.409043 0.192174 0.092174 0.252174
0 0.318609 0.192174 0.099130 0.255652
0 0.235130 0.186957 0.120000 0.269565
0 0.138609 0.195652 0.097391 0.252174
0 0.045565 0.194783 0.085217 0.257391
0 0.861217 0.193913 0.085217 0.245217
0 0.955130 0.191304 0.081739 0.246957
0 0.129043 0.843478 0.088696 0.295652
0 0.226435 0.845217 0.088696 0.292174
0 0.320348 0.844348 0.081739 0.290435
0 0.860348 0.826087 0.093913 0.295652
1 0.411652 0.839130 0.093913 0.293913
1 0.503826 0.834783 0.086957 0.295652
1 0.596000 0.833913 0.086957 0.293913
1 0.682956 0.828696 0.080000 0.297391
1 0.774261 0.832174 0.092174 0.290435
1 0.952522 0.825217 0.083478 0.290435
1 0.502956 0.190435 0.095652 0.259130
1 0.596870 0.191304 0.092174 0.243478
1 0.682956 0.192174 0.086957 0.248696
1 0.775130 0.193043 0.076522 0.236522
1 0.049043 0.845217 0.088696 0.292174