1 0.369043 0.361391 0.133913 0.295652
1 0.643826 0.356174 0.130435 0.285217
1 0.918609 0.364000 0.126957 0.283478
1 0.083826 0.670957 0.123478 0.295652
1 0.226435 0.664870 0.126957 0.293913
1 0.642956 0.663130 0.132174 0.290435
1 0.786435 0.662261 0.123478 0.285217
1 0.925565 0.664000 0.116522 0.285217
0 0.092522 0.364000 0.113043 0.286957
0 0.232522 0.367478 0.128696 0.283478
0 0.511652 0.359652 0.116522 0.292174
0 0.784696 0.361391 0.120000 0.295652
0 0.369913 0.671826 0.125217 0.293913
0 0.509043 0.672696 0.114783 0.292174