1 0.075130 0.212696 0.064348 0.415652
1 0.319478 0.256174 0.062609 0.394783
1 0.449043 0.275304 0.064348 0.391304
1 0.575130 0.292696 0.055652 0.412174
1 0.822956 0.335304 0.060870 0.410435
1 0.952522 0.346609 0.069565 0.377391
1 0.391652 0.667478 0.064348 0.403478
1 0.516000 0.684870 0.066087 0.403478
1 0.642956 0.703130 0.062609 0.391304
1 0.770783 0.729217 0.071304 0.401739
0 0.702956 0.310957 0.071304 0.403478
0 0.193391 0.232696 0.053913 0.420870
0 0.260348 0.652696 0.062609 0.401739
0 0.898609 0.747478 0.066087 0.413913
0 0.026435 0.597043 0.043478 0.360000
1 0.142087 0.627478 0.059130 0.379130