0 0.290639 0.144757 0.069565 0.089003
0 0.368389 0.146292 0.071611 0.083887
0 0.432839 0.147826 0.055243 0.082864
0 0.499335 0.143734 0.053197 0.074680
0 0.564808 0.151407 0.061381 0.077749
0 0.632839 0.147315 0.064450 0.077749
0 0.821586 0.144246 0.067519 0.077749
0 0.895243 0.141688 0.059335 0.078772
0 0.159182 0.284399 0.076726 0.092072
0 0.232839 0.287980 0.068542 0.095141
0 0.298824 0.283376 0.061381 0.094118
0 0.365831 0.285934 0.064450 0.095141
0 0.431304 0.285934 0.064450 0.086957
0 0.492174 0.284910 0.061381 0.086957
0 0.624143 0.274680 0.077749 0.103325
0 0.753555 0.277749 0.068542 0.093095
0 0.884501 0.281841 0.070588 0.095141
0 0.162251 0.500153 0.074680 0.095141
0 0.232839 0.499130 0.062404 0.091049
0 0.300358 0.498619 0.066496 0.094118
0 0.368900 0.500153 0.054220 0.086957
0 0.494731 0.496573 0.060358 0.092072
0 0.561228 0.496061 0.062404 0.091049
0 0.823632 0.493197 0.063427 0.097187
0 0.901893 0.495550 0.074680 0.090026
0 0.892685 0.591202 0.070588 0.091049
0 0.756113 0.595908 0.059335 0.100460
0 0.627724 0.589668 0.064450 0.102302
0 0.557136 0.601432 0.062404 0.099233
0 0.493708 0.598363 0.066496 0.097187
0 0.429770 0.595806 0.065473 0.094118
0 0.361739 0.598465 0.064450 0.095345
0 0.230281 0.596317 0.065473 0.095141
0 0.158159 0.597340 0.074680 0.101279
0 0.167877 0.816266 0.065473 0.084910
0 0.242558 0.819847 0.049105 0.092072
0 0.307008 0.817801 0.061381 0.096164
0 0.371969 0.816777 0.056266 0.094118
0 0.438465 0.816266 0.060358 0.086957
0 0.504450 0.811662 0.053197 0.083887
0 0.567366 0.814731 0.058312 0.083887
0 0.635396 0.815243 0.057289 0.084910
0 0.700358 0.811662 0.060358 0.083887
0 0.761228 0.811151 0.067519 0.093095
0 0.830793 0.813197 0.069565 0.097187
0 0.898312 0.814731 0.065473 0.094118
0 0.167366 0.915499 0.078772 0.097187
0 0.244092 0.917545 0.062404 0.101279
0 0.311100 0.921125 0.063427 0.098210
0 0.375038 0.913964 0.054220 0.096164
0 0.436931 0.907826 0.059335 0.096164
0 0.503939 0.913453 0.066496 0.103325
0 0.630793 0.911407 0.068542 0.093095
0 0.700358 0.909361 0.070588 0.091049
0 0.764808 0.907826 0.062404 0.092072
0 0.831304 0.913964 0.068542 0.096164
0 0.901381 0.915499 0.075703 0.093095
1 0.225166 0.144246 0.061381 0.085934
1 0.697801 0.141688 0.055243 0.078772
1 0.762762 0.143223 0.056266 0.073657
1 0.558670 0.280818 0.049105 0.095141
1 0.690639 0.277749 0.059335 0.103325
1 0.817494 0.282353 0.059335 0.094118
1 0.428747 0.500870 0.063427 0.085934
1 0.622609 0.498824 0.058312 0.090026
1 0.692174 0.496266 0.070588 0.091049
1 0.758670 0.496266 0.058312 0.093095
1 0.825678 0.593453 0.059335 0.097187
1 0.297289 0.599591 0.056266 0.093095
1 0.566854 0.912941 0.063427 0.098210