0 0.048174 0.264870 0.055652 0.095652
0 0.405565 0.257043 0.078261 0.100870
0 0.491652 0.252696 0.080000 0.106087
0 0.575130 0.250957 0.090435 0.106087
0 0.848384 0.250772 0.110885 0.091806
0 0.721217 0.070957 0.093913 0.069565
0 0.638609 0.067478 0.050435 0.069565
0 0.100348 0.074435 0.090435 0.083478
0 0.197739 0.072696 0.059130 0.090435
0 0.269913 0.072696 0.053913 0.080000
0 0.345565 0.071826 0.059130 0.064348
0 0.414261 0.070957 0.064348 0.069565
0 0.133391 0.370957 0.062609 0.116522
0 0.229913 0.369217 0.085217 0.113043
0 0.341217 0.367478 0.092174 0.113043
0 0.433391 0.364870 0.088696 0.114783
0 0.733391 0.363130 0.111304 0.111304
0 0.923826 0.360522 0.123478 0.109565
0 0.154261 0.674609 0.121739 0.180522
0 0.044696 0.680522 0.080000 0.168696
0 0.134261 0.874435 0.088696 0.205217
0 0.013652 0.866609 0.027304 0.217391
0 0.367304 0.871826 0.113043 0.203478
0 0.494261 0.870087 0.126957 0.203478
0 0.750783 0.677913 0.139130 0.177391
0 0.786435 0.877913 0.172174 0.201739
0 0.629043 0.869217 0.111304 0.201739
0 0.937739 0.875304 0.116522 0.210435
0 0.374261 0.678783 0.113043 0.151304
1 0.135130 0.264000 0.076522 0.093913
1 0.227304 0.252696 0.083478 0.085217
1 0.323826 0.252696 0.078261 0.088696
1 0.490783 0.070087 0.078261 0.071304
1 0.571458 0.066496 0.066496 0.071611
1 0.805729 0.063427 0.099233 0.073657
1 0.886547 0.062916 0.115601 0.064450
1 0.532072 0.365013 0.106394 0.112532
1 0.642046 0.366547 0.093095 0.101279
1 0.661483 0.242251 0.101279 0.104348
1 0.833862 0.360921 0.069565 0.110486
1 0.525110 0.687366 0.112133 0.191304
1 0.889304 0.672123 0.098609 0.168593
1 0.040972 0.369719 0.081944 0.116624
1 0.746394 0.237852 0.097187 0.117647
1 0.924399 0.245013 0.086957 0.101279
1 0.648174 0.680870 0.097391 0.161739
1 0.250783 0.882435 0.095652 0.179478
1 0.978870 0.679826 0.042260 0.149913
1 0.029913 0.081739 0.057391 0.066087