1 0.300348 0.724870 0.062609 0.173913
0 0.373504 0.725627 0.075703 0.180256
1 0.449719 0.723581 0.062404 0.181893
1 0.288082 0.911816 0.060358 0.167570
1 0.743325 0.722455 0.064450 0.182097
1 0.818005 0.725524 0.062404 0.178005
1 0.517238 0.907621 0.068542 0.167775
1 0.591407 0.911202 0.057289 0.172890
1 0.664041 0.907110 0.065473 0.176982
1 0.740767 0.909156 0.063427 0.172890
1 0.814425 0.909156 0.061381 0.170844
1 0.887059 0.913248 0.061381 0.172890
1 0.944859 0.728798 0.031714 0.180051
0 0.523376 0.726752 0.064450 0.180051
0 0.598568 0.724194 0.065473 0.174936
0 0.671714 0.723171 0.062404 0.174936
0 0.891151 0.727263 0.063427 0.181074
0 0.440000 0.912430 0.075703 0.170844
0 0.364297 0.910384 0.071611 0.168798
0 0.803171 0.326854 0.073657 0.176982
0 0.877852 0.324808 0.057289 0.170844
0 0.505985 0.323785 0.062404 0.179028
0 0.582711 0.325831 0.066496 0.185166
0 0.657391 0.326343 0.060358 0.186189
0 0.727980 0.325831 0.060358 0.174936
0 0.950997 0.910895 0.048082 0.165729