0 0.223826 0.250957 0.052174 0.241739
0 0.298609 0.253565 0.066087 0.226087
0 0.386435 0.269217 0.040000 0.208696
0 0.455130 0.283130 0.062609 0.180870
0 0.545565 0.276174 0.069565 0.198261
0 0.629043 0.270957 0.076522 0.212174
0 0.722087 0.270957 0.081739 0.229565
0 0.062956 0.837043 0.060870 0.325217
0 0.160348 0.832696 0.085217 0.306087
0 0.264696 0.831826 0.095652 0.328696
0 0.371652 0.836174 0.090435 0.309565
0 0.472522 0.841391 0.097391 0.316522
0 0.591652 0.843130 0.102609 0.313043
0 0.702087 0.840522 0.090435 0.311304
0 0.821217 0.838783 0.113043 0.304348
0 0.927304 0.846783 0.092174 0.306434
1 0.908174 0.274435 0.092174 0.226087
1 0.800348 0.278783 0.085217 0.231304
1 0.018870 0.248348 0.037739 0.233043
1 0.080348 0.257913 0.050435 0.224348
1 0.157739 0.250957 0.066087 0.227826