1 0.441217 0.327826 0.139130 0.078261
1 0.439478 0.501739 0.142609 0.085217
1 0.896000 0.951304 0.140870 0.086957
0 0.760348 0.327826 0.147826 0.081739
0 0.909913 0.330435 0.147826 0.086957
0 0.756870 0.417391 0.151304 0.090435
0 0.908174 0.420870 0.144348 0.083478
0 0.759478 0.506957 0.135652 0.088696
0 0.903826 0.502609 0.139130 0.080000
0 0.755130 0.589565 0.144348 0.083478
0 0.900348 0.588696 0.146087 0.081739
0 0.750783 0.679130 0.142609 0.078261
0 0.902087 0.678261 0.149565 0.086957
0 0.754261 0.761739 0.146087 0.083478
0 0.901217 0.764348 0.140870 0.081739
0 0.752522 0.854783 0.128696 0.088696
0 0.901217 0.855652 0.144348 0.086957
0 0.753391 0.945217 0.144348 0.095652
0 0.433391 0.939130 0.158261 0.076522
0 0.437739 0.678261 0.146087 0.080000
0 0.430783 0.848696 0.153043 0.090435
0 0.428174 0.762609 0.147826 0.074783
0 0.434261 0.591304 0.146087 0.076522
1 0.310588 0.498926 0.109463 0.086957
1 0.311100 0.587417 0.092072 0.087980
1 0.312634 0.678465 0.107417 0.077749
1 0.311611 0.765115 0.101279 0.068542
0 0.307519 0.857187 0.093095 0.080818
0 0.308542 0.945678 0.097187 0.073657