1 0.091652 0.434783 0.125217 0.278261
1 0.226435 0.429565 0.130435 0.292174
1 0.364696 0.433043 0.128696 0.295652
1 0.639478 0.436522 0.132174 0.281739
1 0.914261 0.730435 0.146087 0.295652
1 0.494261 0.728696 0.133913 0.292174
1 0.224696 0.737391 0.133913 0.299130
1 0.764696 0.739130 0.135652 0.288696
0 0.909043 0.433043 0.139130 0.292174
0 0.772522 0.439130 0.123478 0.290435
0 0.646435 0.739130 0.139130 0.274783
0 0.086435 0.740870 0.132174 0.306087
0 0.359478 0.743478 0.121739 0.304348
0 0.511652 0.430435 0.133913 0.280000