0 0.157739 0.173913 0.111304 0.219130
0 0.049043 0.180000 0.081739 0.213913
0 0.369043 0.173043 0.085217 0.210435
0 0.456870 0.178261 0.090435 0.217391
0 0.556000 0.175652 0.097391 0.226087
0 0.655130 0.174783 0.093913 0.227826
0 0.748174 0.175652 0.099130 0.229565
0 0.848174 0.177391 0.083478 0.226087
0 0.941217 0.178261 0.095652 0.234783
0 0.105565 0.657391 0.184348 0.125217
0 0.105565 0.792174 0.180870 0.116522
0 0.102087 0.922609 0.177391 0.116522
0 0.626435 0.697391 0.085217 0.219130
0 0.811652 0.700870 0.100870 0.219130
0 0.913391 0.698261 0.074783 0.220870
0 0.978870 0.699130 0.042260 0.201739
1 0.714261 0.703478 0.097391 0.220870