0 0.260348 0.423478 0.090435 0.259130
0 0.788174 0.693913 0.106087 0.267826
0 0.364696 0.697391 0.090435 0.274783
0 0.052522 0.697391 0.092174 0.274783
0 0.261217 0.700870 0.102609 0.260870
1 0.787304 0.424348 0.107826 0.267826
1 0.678609 0.426957 0.088696 0.280000
1 0.580348 0.428696 0.104348 0.266087
1 0.471652 0.431304 0.099130 0.271304
1 0.374261 0.429565 0.106087 0.274783
1 0.158609 0.426087 0.092174 0.274783
1 0.056870 0.421739 0.093913 0.273043
1 0.471652 0.700870 0.099130 0.260870
1 0.580348 0.702609 0.104348 0.264348
1 0.681217 0.701739 0.097391 0.255652
1 0.164696 0.696522 0.100870 0.269565