1 0.118609 0.114783 0.081739 0.166957
1 0.200348 0.113043 0.071304 0.142609
1 0.280348 0.110435 0.078261 0.144348
1 0.442087 0.111304 0.078261 0.146087
1 0.257739 0.548696 0.085217 0.165217
1 0.573391 0.806957 0.076522 0.156522
0 0.519478 0.106957 0.086957 0.151304
0 0.356870 0.113913 0.081739 0.147826
0 0.040348 0.114783 0.074783 0.156522
0 0.572522 0.540870 0.078261 0.156522
0 0.488174 0.542609 0.073043 0.139130
0 0.414261 0.546957 0.071304 0.154783
0 0.341217 0.552174 0.064348 0.154783
0 0.040609 0.552174 0.081217 0.165217
0 0.173391 0.548696 0.073043 0.158261
0 0.044087 0.815652 0.088174 0.163478
0 0.180348 0.816522 0.073043 0.151304
0 0.262087 0.816522 0.090435 0.140870
0 0.341217 0.814783 0.071304 0.144348
0 0.413391 0.814783 0.073043 0.144348
0 0.497739 0.815652 0.085217 0.149565