1 0.511652 0.853739 0.095652 0.292522
0 0.733391 0.172696 0.086957 0.280000
0 0.642087 0.174435 0.081739 0.286957
0 0.562087 0.175304 0.078261 0.278261
0 0.480348 0.171826 0.085217 0.292174
0 0.396000 0.171826 0.090435 0.285217
0 0.317739 0.171826 0.100870 0.292174
0 0.229043 0.167478 0.097391 0.290435
0 0.138609 0.176174 0.097391 0.283478
0 0.055130 0.169217 0.100870 0.286957
0 0.067304 0.857913 0.083478 0.283478
0 0.158609 0.858957 0.085217 0.282086
0 0.248174 0.857043 0.093913 0.285217
0 0.330783 0.853565 0.074783 0.292174
0 0.421217 0.854435 0.088696 0.276522
0 0.602956 0.854435 0.080000 0.286957
0 0.771652 0.848348 0.097391 0.264348
0 0.866435 0.855304 0.064348 0.267826
0 0.951652 0.859652 0.088696 0.266087