0 0.240348 0.273043 0.060870 0.191304
0 0.300348 0.273913 0.080000 0.196522
0 0.370783 0.272174 0.067826 0.200000
0 0.609043 0.274783 0.078261 0.194783
0 0.669913 0.269565 0.067826 0.205217
0 0.786542 0.263069 0.068041 0.200818
0 0.912522 0.263478 0.086957 0.200000
0 0.223826 0.740000 0.059130 0.224348
0 0.290783 0.742609 0.067826 0.219130
0 0.485366 0.736522 0.070905 0.220870
0 0.612629 0.735499 0.068041 0.215959
0 0.942956 0.721739 0.102609 0.229565
0 0.088174 0.931304 0.066087 0.137391
0 0.162087 0.933913 0.067826 0.128696
0 0.291652 0.927826 0.069565 0.133913
0 0.627304 0.925217 0.066087 0.135652
0 0.834261 0.914783 0.069565 0.139130
0 0.963729 0.922609 0.071499 0.140870
0 0.013652 0.282609 0.027304 0.182609
1 0.061217 0.283478 0.057391 0.191304
1 0.121217 0.277391 0.062609 0.193043
1 0.184696 0.272174 0.053913 0.193043
1 0.425565 0.273043 0.073043 0.198261
1 0.488174 0.274783 0.066087 0.194783
1 0.545565 0.273913 0.052174 0.189565
1 0.730026 0.263939 0.058312 0.188235
1 0.853299 0.268542 0.049105 0.187212
1 0.093197 0.745678 0.059335 0.219949
1 0.162251 0.743120 0.056266 0.208696
1 0.352532 0.742097 0.060358 0.220972
1 0.416471 0.739540 0.049105 0.226087
1 0.877340 0.723683 0.078772 0.220972
1 0.808286 0.722660 0.073657 0.216880
1 0.743836 0.729821 0.069565 0.216880
1 0.682455 0.729821 0.051151 0.218926
1 0.552532 0.738005 0.040921 0.218926
1 0.226189 0.926752 0.049105 0.131969
1 0.360716 0.926752 0.060358 0.136061
1 0.430281 0.925217 0.070588 0.137084
1 0.500870 0.925729 0.058312 0.142199
1 0.697801 0.916010 0.069565 0.143223
1 0.562762 0.922148 0.047059 0.137084
1 0.769923 0.913453 0.054220 0.138107
1 0.898312 0.915499 0.040921 0.127877
1 0.976000 0.264348 0.040000 0.187826