0 0.079478 0.778783 0.149565 0.358261
0 0.353391 0.778957 0.123478 0.358609
0 0.918609 0.788348 0.126957 0.342609
0 0.641217 0.425739 0.128696 0.354783
0 0.920348 0.430087 0.133913 0.360000
1 0.085565 0.417913 0.144348 0.346087
1 0.225565 0.425739 0.132174 0.340870
1 0.362087 0.420522 0.137391 0.354783
1 0.497739 0.426609 0.144348 0.356522
1 0.782087 0.424000 0.139130 0.347826
1 0.495130 0.781391 0.135652 0.349565
1 0.634261 0.785739 0.128696 0.351304
1 0.769043 0.784870 0.120000 0.349565
1 0.216000 0.789217 0.133913 0.340870