1 0.106435 0.705217 0.106087 0.206957
1 0.217739 0.703478 0.116522 0.203478
1 0.102857 0.268696 0.110559 0.202484
1 0.335155 0.706584 0.115528 0.208696
1 0.451304 0.706584 0.116770 0.203727
1 0.566832 0.709689 0.121739 0.202484
1 0.678634 0.705963 0.114286 0.204969
1 0.793540 0.704720 0.115528 0.209938
1 0.909068 0.702857 0.110559 0.201242
0 0.215901 0.268323 0.115528 0.203727
0 0.332050 0.272050 0.114286 0.206211
0 0.449441 0.265217 0.103106 0.207453
0 0.677391 0.271429 0.119255 0.204969
0 0.798509 0.266460 0.118012 0.207453
1 0.923975 0.269565 0.118012 0.203727
1 0.566211 0.265839 0.103106 0.198758