1 0.039478 0.176522 0.076522 0.318261
1 0.266435 0.166957 0.074783 0.313043
1 0.731652 0.163478 0.073043 0.316522
1 0.959478 0.166087 0.073043 0.314783
1 0.039739 0.825217 0.079478 0.304348
1 0.117739 0.826957 0.069565 0.304348
1 0.416870 0.828696 0.069565 0.307826
0 0.346435 0.169565 0.078261 0.318261
0 0.116870 0.173913 0.078261 0.313043
0 0.194261 0.171304 0.069565 0.318261
0 0.422956 0.161739 0.067826 0.323478
0 0.497739 0.163478 0.074783 0.326956
0 0.576870 0.161739 0.073043 0.323478
0 0.652522 0.168696 0.067826 0.309565
0 0.813391 0.163478 0.083478 0.326956
0 0.193391 0.827826 0.067826 0.313043
0 0.269913 0.831304 0.067826 0.313043
0 0.340348 0.834783 0.069565 0.302609
0 0.498609 0.830435 0.069565 0.307826
0 0.573391 0.832174 0.062609 0.311304
0 0.647304 0.830435 0.074783 0.311304
0 0.731652 0.833043 0.069565 0.309565
0 0.806435 0.833913 0.069565 0.314783
0 0.886435 0.837391 0.062609 0.307826
0 0.960348 0.833913 0.067826 0.304348
1 0.891652 0.173913 0.059130 0.309565