0 0.075130 0.154783 0.067826 0.302609
0 0.148174 0.154783 0.071304 0.309565
0 0.217739 0.158261 0.078261 0.295652
0 0.284696 0.158261 0.073043 0.292174
0 0.356000 0.161739 0.076522 0.302609
1 0.424696 0.166957 0.064348 0.295652
1 0.494261 0.165217 0.067826 0.299130
1 0.767304 0.169565 0.078261 0.290435
1 0.573391 0.832174 0.076522 0.304348
1 0.499478 0.834783 0.057391 0.306087
1 0.775130 0.831304 0.062609 0.320000
0 0.919478 0.841739 0.073043 0.313043
0 0.846435 0.832174 0.048696 0.311304
0 0.710783 0.830435 0.073043 0.307826
0 0.646435 0.834783 0.055652 0.316522
0 0.436870 0.833043 0.081739 0.306087
0 0.357739 0.829565 0.062609 0.299130
0 0.293391 0.827826 0.076522 0.299130
0 0.226435 0.830435 0.071304 0.300870
0 0.151652 0.833043 0.085217 0.295652
0 0.075130 0.833043 0.067826 0.309565
0 0.916000 0.157391 0.080000 0.311304
0 0.834261 0.170435 0.059130 0.292174
0 0.562087 0.167826 0.081739 0.293913
0 0.628174 0.160000 0.064348 0.302609
0 0.701217 0.168696 0.067826 0.288696