1 0.654261 0.500870 0.206957 0.160000
0 0.655130 0.088696 0.208696 0.156522
0 0.650783 0.291304 0.213913 0.224348
0 0.870783 0.288696 0.201739 0.236522
0 0.879478 0.086957 0.201739 0.153043
0 0.869043 0.502609 0.208696 0.170435
0 0.875130 0.684348 0.210435 0.193043
0 0.656000 0.675652 0.213913 0.175652
0 0.651652 0.858261 0.198261 0.165217
0 0.865565 0.860870 0.205217 0.177391
0 0.654261 0.975652 0.210435 0.038261
0 0.869043 0.969565 0.208696 0.053913
0 0.171652 0.139130 0.205217 0.184348
0 0.176000 0.326087 0.203478 0.165217
0 0.169913 0.497391 0.201739 0.166957
0 0.171652 0.672174 0.205217 0.172174
0 0.168174 0.848696 0.198261 0.173913
0 0.175130 0.969565 0.212174 0.057391
0 0.024087 0.113043 0.048174 0.226086
0 0.025826 0.318261 0.051652 0.170435
0 0.025826 0.507826 0.051652 0.146087
0 0.026696 0.673913 0.053391 0.168696
0 0.026696 0.844348 0.053391 0.172174