1 0.182087 0.613043 0.104348 0.259130
0 0.071652 0.141739 0.088696 0.262609
0 0.179478 0.139130 0.109565 0.267826
0 0.286435 0.142609 0.100870 0.278261
0 0.389043 0.141739 0.093913 0.280000
0 0.473391 0.139130 0.078261 0.271304
0 0.593391 0.153043 0.088696 0.257391
0 0.694261 0.153913 0.102609 0.262609
0 0.076000 0.615652 0.100870 0.264348
0 0.284696 0.613043 0.090435 0.266087
0 0.389913 0.616522 0.106087 0.266087
0 0.494261 0.615652 0.085217 0.264348
0 0.605565 0.616522 0.095652 0.262609
0 0.702087 0.620870 0.104348 0.264348
0 0.815130 0.617391 0.121739 0.267826
0 0.927304 0.618261 0.126957 0.266087
0 0.082087 0.874783 0.102609 0.246957
0 0.189913 0.875652 0.102609 0.245217
0 0.293391 0.869565 0.104348 0.243478
0 0.398609 0.873913 0.102609 0.245217
0 0.493391 0.871304 0.083478 0.246957
0 0.611652 0.875652 0.100870 0.248696
0 0.711652 0.873043 0.102609 0.243478
0 0.821217 0.871304 0.130435 0.240000
0 0.938609 0.871304 0.111304 0.236522
0 0.013652 0.147826 0.027304 0.250435