1 0.106435 0.701739 0.102609 0.213913
1 0.218609 0.701739 0.118261 0.224348
1 0.337739 0.701739 0.113043 0.210435
1 0.448174 0.701739 0.104348 0.203478
1 0.562956 0.707826 0.121739 0.215652
1 0.676000 0.702609 0.107826 0.205217
1 0.790783 0.704348 0.114783 0.208696
1 0.908174 0.702609 0.109565 0.205217
1 0.102087 0.266957 0.118261 0.200000
1 0.567304 0.272174 0.113043 0.203478
1 0.919478 0.269565 0.135652 0.208696
0 0.221913 0.266667 0.105507 0.204058
0 0.336696 0.266087 0.103188 0.209855
0 0.446261 0.265507 0.104348 0.199420
0 0.679884 0.270145 0.103188 0.206377
0 0.788290 0.266667 0.104348 0.204058