0 0.231652 0.310957 0.106087 0.347826
0 0.350783 0.312696 0.121739 0.344348
0 0.470783 0.319652 0.097391 0.347826
0 0.587304 0.319652 0.114783 0.351304
0 0.927304 0.317043 0.099130 0.342609
0 0.466435 0.707478 0.102609 0.354783
0 0.587304 0.711826 0.090435 0.353043
0 0.693391 0.710957 0.104348 0.340870
1 0.696000 0.314435 0.106087 0.340870
1 0.804696 0.321391 0.107826 0.347826
1 0.235130 0.708348 0.116522 0.346087
1 0.347304 0.709217 0.107826 0.337391
1 0.802956 0.715304 0.104348 0.346087
1 0.922956 0.710957 0.114783 0.340870