0 0.250918 0.676135 0.061836 0.142995
0 0.315652 0.678068 0.059903 0.148792
0 0.381836 0.679517 0.057005 0.140097
0 0.444638 0.676618 0.058937 0.136232
0 0.508889 0.678551 0.067633 0.138164
0 0.576039 0.677585 0.053140 0.136232
0 0.635459 0.684831 0.057971 0.146860
0 0.692947 0.683382 0.057005 0.145894
0 0.751401 0.687246 0.059903 0.143961
0 0.813237 0.687246 0.059903 0.140097
0 0.873623 0.687729 0.058937 0.137198
0 0.251884 0.894010 0.065700 0.149758
0 0.314203 0.896908 0.066667 0.149758
0 0.383768 0.897874 0.062802 0.151691
0 0.448019 0.895942 0.059903 0.151691
0 0.509372 0.894010 0.057005 0.147826
0 0.569758 0.893043 0.057971 0.149758
0 0.634976 0.894493 0.058937 0.148792
0 0.697295 0.896908 0.057971 0.143961
0 0.757681 0.895459 0.051208 0.146860
0 0.815169 0.896425 0.057971 0.141063
0 0.880386 0.899324 0.062802 0.139130
0 0.841739 0.393237 0.062802 0.156522
0 0.902126 0.391787 0.056039 0.159420
0 0.937874 0.683865 0.063768 0.141063