0 0.439478 0.211826 0.333913 0.093913
0 0.796870 0.209217 0.332174 0.102609
0 0.792522 0.314435 0.347826 0.090435
0 0.440348 0.316174 0.342609 0.111304
0 0.434261 0.424000 0.330435 0.100870
0 0.788174 0.413565 0.353043 0.107826
0 0.439478 0.536174 0.337391 0.095652
0 0.786435 0.526609 0.349565 0.097391
0 0.438609 0.638783 0.339130 0.106087
0 0.786435 0.630957 0.353043 0.097391
0 0.436000 0.745739 0.330435 0.104348
0 0.785565 0.738783 0.340870 0.097391
0 0.435130 0.845739 0.335652 0.102609
0 0.790783 0.844870 0.351304 0.111304
0 0.437739 0.947478 0.333913 0.093913
0 0.787304 0.950087 0.347826 0.095652