0 0.729913 0.298783 0.073043 0.205217
0 0.965826 0.302261 0.068348 0.212174
0 0.958870 0.768348 0.082260 0.212174
1 0.571565 0.096638 0.076696 0.173101
1 0.652638 0.097391 0.064928 0.180870
1 0.733797 0.096232 0.069565 0.183188
1 0.814957 0.095652 0.064928 0.186667
1 0.896696 0.099130 0.070725 0.186667
1 0.971826 0.096232 0.056348 0.187826
1 0.564522 0.296812 0.074203 0.199420
1 0.650899 0.298551 0.073043 0.198261
1 0.813217 0.301449 0.073043 0.199420
1 0.896116 0.306087 0.069565 0.206377
1 0.704232 0.753855 0.075362 0.220290
1 0.788870 0.759652 0.073043 0.208696
1 0.871768 0.764870 0.071884 0.205217