1 0.129043 0.235304 0.060870 0.210435
1 0.197283 0.239130 0.063043 0.210870
1 0.258696 0.238587 0.057609 0.209783
1 0.322826 0.239130 0.059783 0.213043
1 0.378261 0.238043 0.057609 0.215217
1 0.437500 0.237500 0.056522 0.216304
1 0.134239 0.451630 0.067391 0.211957
1 0.198913 0.452717 0.055435 0.209783
1 0.258152 0.452174 0.058696 0.213043
1 0.319022 0.450543 0.056522 0.211957
1 0.377717 0.448913 0.056522 0.215217
1 0.439130 0.450000 0.059783 0.217391
1 0.499457 0.450543 0.058696 0.216304
1 0.560326 0.450543 0.058696 0.216304
1 0.618478 0.450000 0.059783 0.213043
1 0.742391 0.448913 0.064130 0.215217
1 0.802174 0.446196 0.059783 0.211957
0 0.498913 0.236413 0.057609 0.207609
0 0.561413 0.236413 0.060870 0.209783
0 0.619565 0.240217 0.057609 0.208696
0 0.679891 0.238587 0.060870 0.207609
0 0.741304 0.238587 0.059783 0.207609
0 0.802717 0.234239 0.054348 0.203261
0 0.861413 0.234783 0.056522 0.213043
0 0.864674 0.446739 0.069565 0.202174
0 0.678804 0.449457 0.060870 0.214130