1 0.056870 0.402261 0.111304 0.283478
1 0.195130 0.409217 0.137391 0.290435
1 0.342087 0.412696 0.128696 0.297391
1 0.482087 0.411826 0.130435 0.292174
1 0.762087 0.410087 0.130435 0.285217
1 0.901217 0.408348 0.126957 0.288696
1 0.976261 0.692696 0.047478 0.283478
1 0.982087 0.397913 0.024348 0.271304
1 0.881217 0.696174 0.128696 0.273043
1 0.190783 0.699652 0.146087 0.276522
1 0.470783 0.703130 0.128696 0.273043
0 0.059478 0.690957 0.106087 0.280000
0 0.327304 0.694435 0.126957 0.280000
0 0.609913 0.703130 0.128696 0.273043
0 0.612522 0.406609 0.113043 0.288696
0 0.757739 0.700522 0.132174 0.278261