0 0.119478 0.190957 0.163478 0.107826
0 0.300994 0.200621 0.166460 0.093168
0 0.120870 0.300621 0.159006 0.089441
0 0.297267 0.306832 0.163975 0.086957
0 0.120870 0.403727 0.159006 0.091925
0 0.294783 0.409938 0.161491 0.091925
0 0.120248 0.511801 0.157764 0.099379
0 0.291677 0.514286 0.162733 0.091925
0 0.116522 0.616646 0.162733 0.089441
0 0.292298 0.616646 0.163975 0.091925
0 0.115280 0.717888 0.160248 0.085714
0 0.290435 0.720994 0.165217 0.086957
0 0.113416 0.817888 0.156522 0.089441
0 0.286087 0.819130 0.161491 0.084472
0 0.110311 0.921615 0.160248 0.085714
0 0.284845 0.924721 0.159006 0.094410
0 0.105342 0.988447 0.160248 0.023106
0 0.738882 0.210559 0.160248 0.088199
0 0.737019 0.308696 0.161491 0.085714
0 0.911553 0.319876 0.160248 0.093168
0 0.737640 0.411180 0.162733 0.091925
0 0.732050 0.517391 0.149068 0.095652
0 0.909068 0.519255 0.162733 0.099379
0 0.730186 0.623478 0.145342 0.093168
0 0.907205 0.629068 0.161491 0.096894
0 0.734534 0.727826 0.161491 0.093168
0 0.910311 0.729068 0.162733 0.080745
0 0.736398 0.830932 0.162733 0.090683
0 0.912174 0.833416 0.168944 0.090683
0 0.729565 0.934658 0.173913 0.109317
0 0.909689 0.935280 0.161491 0.088199
0 0.909689 0.995901 0.163975 0.008198
1 0.914037 0.420497 0.160248 0.080745